Quasi static measurement routine
Tip parameters (shape,radius, material...) 
24.08.2022

Piezo position[nm]	MEMS displ.[nm]	Time[ms]	Cap [pf]	Temp [°C]	Rh [%]
eoh
2,551814	0,149674	0,243	-0,135781	22,700000	51,965000
2,553774	0,198748	0,343	-0,135762	22,700000	51,965000
2,555773	0,057661	0,443	-0,135818	22,700000	51,965000
2,557716	0,049073	0,543	-0,135821	22,700000	51,965000
2,559856	0,082198	0,643	-0,135808	22,700000	51,965000
2,561831	0,174211	0,743	-0,135771	22,700000	51,965000
2,563829	0,158262	0,843	-0,135778	22,700000	51,965000
2,565774	0,099374	0,943	-0,135801	22,700000	51,965000
2,567769	0,040486	1,044	-0,135825	22,700000	51,965000
2,569794	0,215923	1,144	-0,135755	22,700000	51,965000
2,571760	0,116550	1,244	-0,135794	22,700000	51,965000
2,573848	-0,008588	1,344	-0,135844	22,700000	51,965000
2,575815	0,282173	1,444	-0,135729	22,700000	51,965000
2,577811	0,099374	1,544	-0,135801	22,700000	51,965000
2,579818	0,165623	1,644	-0,135775	22,700000	51,965000
2,581793	0,057661	1,744	-0,135818	22,700000	51,965000
2,583833	0,049073	1,844	-0,135821	22,700000	51,965000
2,585830	0,074837	1,944	-0,135811	22,700000	51,965000
2,587791	0,141086	2,044	-0,135785	22,700000	51,965000
2,589783	0,057661	2,145	-0,135818	22,700000	51,965000
2,591783	0,082198	2,246	-0,135808	22,700000	51,965000
2,593809	0,141086	2,347	-0,135785	22,700000	51,950000
2,595809	0,066249	2,447	-0,135814	22,700000	51,950000
2,597839	-0,017176	2,547	-0,135848	22,700000	51,950000
2,599837	0,306709	2,648	-0,135719	22,700000	51,950000
2,601765	0,290760	2,748	-0,135725	22,700000	51,950000
2,603779	0,182799	2,849	-0,135768	22,700000	51,950000
2,605789	0,315297	2,950	-0,135715	22,700000	51,950000
2,607801	0,141086	3,051	-0,135785	22,700000	51,950000
2,609842	0,215923	3,151	-0,135755	22,700000	51,950000
2,611834	-0,008588	3,251	-0,135844	22,700000	51,950000
2,613779	0,191387	3,351	-0,135765	22,700000	51,950000
2,615833	0,191387	3,451	-0,135765	22,700000	51,950000
2,617814	-0,033125	3,551	-0,135854	22,700000	51,950000
2,619812	-0,141086	3,651	-0,135897	22,700000	51,950000
2,621800	0,182799	3,751	-0,135768	22,700000	51,950000
2,623849	0,290760	3,851	-0,135725	22,700000	51,950000
2,625759	0,365598	3,951	-0,135695	22,700000	51,950000
2,627818	0,182799	4,052	-0,135768	22,700000	51,950000
2,629834	-0,100601	4,152	-0,135881	22,700000	51,950000
2,631811	0,057661	4,252	-0,135818	22,700000	51,950000
2,633750	-0,017176	4,352	-0,135848	22,700000	51,925000
2,635817	0,074837	4,452	-0,135811	22,700000	51,925000
2,637766	0,182799	4,553	-0,135768	22,700000	51,925000
2,639832	0,015949	4,653	-0,135834	22,700000	51,925000
2,641767	0,008588	4,753	-0,135837	22,700000	51,925000
2,643787	0,149674	4,853	-0,135781	22,700000	51,925000
2,645711	0,233099	4,953	-0,135748	22,700000	51,925000
2,647778	0,132498	5,053	-0,135788	22,700000	51,925000
2,649822	0,273585	5,153	-0,135732	22,700000	51,925000
2,651818	0,066249	5,255	-0,135814	22,700000	51,925000
2,653836	0,082198	5,357	-0,135808	22,700000	51,925000
2,655837	0,040486	5,457	-0,135825	22,700000	51,925000
2,657822	-0,083425	5,558	-0,135874	22,700000	51,925000
2,659841	0,116550	5,659	-0,135794	22,700000	51,925000
2,661776	0,141086	5,759	-0,135785	22,700000	51,925000
2,663779	-0,017176	5,860	-0,135848	22,700000	51,925000
2,665809	-0,158262	5,960	-0,135904	22,700000	51,925000
2,667802	0,074837	6,061	-0,135811	22,700000	51,925000
2,669846	0,000000	6,162	-0,135841	22,700000	51,925000
2,671769	0,024537	6,262	-0,135831	22,700000	51,925000
2,673812	0,024537	6,362	-0,135831	22,700000	51,925000
2,675832	-0,033125	6,462	-0,135854	22,700000	51,925000
2,677774	-0,175438	6,562	-0,135911	22,700000	51,925000
2,679788	0,374185	6,663	-0,135692	22,700000	51,925000
2,681826	-0,158262	6,763	-0,135904	22,700000	51,925000
2,683827	0,123911	6,864	-0,135792	22,700000	51,925000
2,685818	0,149674	6,965	-0,135781	22,700000	51,925000
2,687812	-0,024537	7,065	-0,135851	22,700000	51,925000
2,689804	-0,058888	7,165	-0,135864	22,700000	51,925000
2,691752	0,066249	7,265	-0,135814	22,700000	51,925000
2,693790	-0,033125	7,365	-0,135854	22,700000	51,925000
2,695775	0,057661	7,465	-0,135818	22,700000	51,925000
2,697809	-0,058888	7,566	-0,135864	22,700000	51,925000
2,699802	-0,050300	7,666	-0,135861	22,700000	51,925000
2,701780	-0,024537	7,766	-0,135851	22,700000	51,925000
2,703865	0,107962	7,867	-0,135798	22,700000	51,925000
2,705841	0,066249	7,967	-0,135814	22,700000	51,925000
2,707793	0,049073	8,067	-0,135821	22,700000	51,925000
2,709820	-0,074837	8,167	-0,135871	22,700000	51,925000
2,711796	-0,125137	8,267	-0,135891	22,700000	51,925000
2,713813	-0,249048	8,367	-0,135940	22,690000	51,965000
2,715808	-0,199974	8,468	-0,135920	22,690000	51,965000
2,717793	0,116550	8,569	-0,135794	22,690000	51,965000
2,719832	-0,083425	8,736	-0,135874	22,690000	51,965000
2,721822	0,024537	8,836	-0,135831	22,690000	51,965000
2,723815	-0,107962	8,936	-0,135884	22,690000	51,965000
2,725754	-0,066249	9,038	-0,135867	22,690000	51,965000
2,727764	-0,083425	9,139	-0,135874	22,690000	51,965000
2,729784	-0,033125	9,240	-0,135854	22,690000	51,965000
2,731773	-0,141086	9,341	-0,135897	22,690000	51,965000
2,733849	-0,149674	9,441	-0,135900	22,690000	51,965000
2,735765	-0,083425	9,541	-0,135874	22,690000	51,965000
2,737785	-0,241687	9,641	-0,135937	22,690000	51,965000
2,739810	-0,041712	9,742	-0,135857	22,690000	51,965000
2,741764	-0,083425	9,843	-0,135874	22,690000	51,965000
2,743784	-0,107962	9,943	-0,135884	22,690000	51,965000
2,745806	-0,249048	10,043	-0,135940	22,690000	51,965000
2,747771	-0,116550	10,143	-0,135887	22,690000	51,965000
2,749802	-0,207336	10,243	-0,135923	22,690000	51,965000
2,751786	-0,407310	10,343	-0,136003	22,700000	51,925000
2,753804	-0,141086	10,443	-0,135897	22,700000	51,925000
2,755815	-0,133725	10,543	-0,135894	22,700000	51,925000
2,757820	0,033125	10,643	-0,135828	22,700000	51,925000
2,759831	-0,107962	10,743	-0,135884	22,700000	51,925000
2,761800	0,090786	10,843	-0,135805	22,700000	51,925000
2,763821	-0,241687	10,944	-0,135937	22,700000	51,925000
2,765741	0,149674	11,045	-0,135781	22,700000	51,925000
2,767816	-0,290760	11,145	-0,135957	22,700000	51,925000
2,769832	-0,149674	11,245	-0,135900	22,700000	51,925000
2,771808	-0,249048	11,346	-0,135940	22,700000	51,925000
2,773800	-0,133725	11,446	-0,135894	22,700000	51,925000
2,775772	-0,041712	11,546	-0,135857	22,700000	51,925000
2,777753	-0,199974	11,646	-0,135920	22,700000	51,925000
2,779810	-0,125137	11,746	-0,135891	22,700000	51,925000
2,781757	-0,149674	11,846	-0,135900	22,700000	51,925000
2,783835	-0,024537	11,946	-0,135851	22,700000	51,925000
2,785781	-0,166850	12,046	-0,135907	22,700000	51,925000
2,787767	0,066249	12,147	-0,135814	22,700000	51,925000
2,789749	-0,257636	12,247	-0,135943	22,700000	51,925000
2,791755	-0,066249	12,347	-0,135867	22,700000	51,925000
2,793772	-0,175438	12,448	-0,135911	22,700000	51,925000
2,795745	-0,391361	12,549	-0,135997	22,700000	51,925000
2,797833	-0,199974	12,649	-0,135920	22,700000	51,925000
2,799835	-0,283399	12,749	-0,135954	22,700000	51,925000
2,801837	-0,100601	12,849	-0,135881	22,700000	51,925000
2,803798	-0,215923	12,949	-0,135927	22,700000	51,925000
2,805777	-0,199974	13,049	-0,135920	22,700000	51,925000
2,807760	-0,241687	13,149	-0,135937	22,700000	51,925000
2,809796	-0,158262	13,249	-0,135904	22,700000	51,925000
2,811720	-0,274812	13,349	-0,135950	22,700000	51,925000
2,813758	-0,349649	13,450	-0,135980	22,700000	51,925000
2,815826	-0,556984	13,551	-0,136063	22,700000	51,925000
2,817743	-0,066249	13,651	-0,135867	22,700000	51,925000
2,819777	-0,058888	13,751	-0,135864	22,700000	51,925000
2,821794	-0,107962	13,851	-0,135884	22,700000	51,925000
2,823801	-0,266224	13,951	-0,135947	22,700000	51,925000
2,825784	-0,207336	14,051	-0,135923	22,700000	51,925000
2,827784	-0,449022	14,151	-0,136020	22,700000	51,925000
2,829776	-0,341061	14,251	-0,135977	22,700000	51,925000
2,831756	-0,182799	14,352	-0,135914	22,700000	51,965000
2,833785	-0,125137	14,452	-0,135891	22,700000	51,965000
2,835798	-0,215923	14,553	-0,135927	22,700000	51,965000
2,837769	-0,207336	14,654	-0,135923	22,700000	51,965000
2,839787	-0,182799	14,754	-0,135914	22,700000	51,965000
2,841742	-0,415898	14,854	-0,136006	22,700000	51,965000
2,843793	0,049073	14,954	-0,135821	22,700000	51,965000
2,845750	-0,391361	15,055	-0,135997	22,700000	51,965000
2,847780	-0,266224	15,155	-0,135947	22,700000	51,965000
2,849816	-0,274812	15,256	-0,135950	22,700000	51,965000
2,851746	-0,283399	15,357	-0,135954	22,700000	51,965000
2,853762	-0,133725	15,457	-0,135894	22,700000	51,965000
2,855800	-0,307936	15,557	-0,135963	22,700000	51,965000
2,857691	-0,149674	15,657	-0,135900	22,700000	51,965000
2,859805	-0,341061	15,757	-0,135977	22,700000	51,965000
2,861804	-0,341061	15,857	-0,135977	22,700000	51,965000
2,863790	-0,215923	15,957	-0,135927	22,700000	51,965000
2,865800	-0,382773	16,057	-0,135993	22,700000	51,965000
2,867736	-0,323885	16,157	-0,135970	22,700000	51,965000
2,869760	-0,199974	16,257	-0,135920	22,700000	51,965000
2,871844	-0,241687	16,357	-0,135937	22,710000	51,940000
2,873720	0,015949	16,457	-0,135834	22,710000	51,940000
2,875757	-0,415898	16,557	-0,136006	22,710000	51,940000
2,877777	-0,473559	16,657	-0,136029	22,710000	51,940000
2,879726	-0,490735	16,757	-0,136036	22,710000	51,940000
2,881780	0,107962	16,858	-0,135798	22,710000	51,940000
2,883755	-0,382773	16,958	-0,135993	22,710000	51,940000
2,885807	-0,391361	17,058	-0,135997	22,710000	51,940000
2,887739	-0,365598	17,159	-0,135986	22,710000	51,940000
2,889727	-0,316524	17,260	-0,135967	22,710000	51,940000
2,891766	-0,257636	17,360	-0,135943	22,710000	51,940000
2,893726	-0,323885	17,460	-0,135970	22,710000	51,940000
2,895746	-0,382773	17,560	-0,135993	22,710000	51,940000
2,897805	-0,399949	17,661	-0,136000	22,710000	51,940000
2,899833	-0,332473	17,761	-0,135973	22,710000	51,940000
2,901772	-0,431847	17,861	-0,136013	22,710000	51,940000
2,903805	-0,141086	17,961	-0,135897	22,710000	51,940000
2,905772	-0,615872	18,061	-0,136086	22,710000	51,940000
2,907788	-0,224511	18,161	-0,135930	22,710000	51,940000
2,909799	-0,399949	18,262	-0,136000	22,710000	51,940000
2,911771	-0,374185	18,362	-0,135990	22,700000	51,935000
2,913770	-0,532447	18,462	-0,136053	22,700000	51,935000
2,915792	-0,541035	18,562	-0,136056	22,700000	51,935000
2,917783	-0,523860	18,662	-0,136049	22,700000	51,935000
2,919769	-0,499323	18,762	-0,136040	22,700000	51,935000
2,921755	-0,482147	18,862	-0,136033	22,700000	51,935000
2,923802	-0,574160	18,962	-0,136069	22,700000	51,935000
2,925746	-0,590109	19,062	-0,136076	22,700000	51,935000
2,927789	-0,316524	19,162	-0,135967	22,700000	51,935000
2,929814	-0,490735	19,262	-0,136036	22,700000	51,935000
2,931790	-0,307936	19,362	-0,135963	22,700000	51,935000
2,933762	-0,464971	19,463	-0,136026	22,700000	51,935000
2,935755	-0,565572	19,563	-0,136066	22,700000	51,935000
2,937777	-0,556984	19,663	-0,136063	22,700000	51,935000
2,939748	-0,499323	19,763	-0,136040	22,700000	51,935000
2,941778	-0,415898	19,863	-0,136006	22,700000	51,935000
2,943721	-0,548396	19,963	-0,136059	22,700000	51,935000
2,945769	-0,249048	20,063	-0,135940	22,700000	51,935000
2,947728	-0,581521	20,163	-0,136072	22,700000	51,935000
2,949725	-0,323885	20,263	-0,135970	22,700000	51,935000
2,951787	-0,399949	20,363	-0,136000	22,690000	51,950000
2,953779	-0,590109	20,464	-0,136076	22,690000	51,950000
2,955746	-0,431847	20,564	-0,136013	22,690000	51,950000
2,957705	-0,499323	20,664	-0,136040	22,690000	51,950000
2,959762	-0,548396	20,764	-0,136059	22,690000	51,950000
2,961793	-0,332473	20,864	-0,135973	22,690000	51,950000
2,963751	-0,607284	20,965	-0,136083	22,690000	51,950000
2,965838	-0,506684	21,065	-0,136042	22,690000	51,950000
2,967796	-0,482147	21,167	-0,136033	22,690000	51,950000
2,969734	-0,449022	21,267	-0,136020	22,690000	51,950000
2,971720	-0,706658	21,367	-0,136122	22,690000	51,950000
2,973804	-0,440435	21,467	-0,136016	22,690000	51,950000
2,975777	-0,515272	21,567	-0,136046	22,690000	51,950000
2,977736	-0,581521	21,668	-0,136072	22,690000	51,950000
2,979762	-0,631821	21,769	-0,136092	22,690000	51,950000
2,981681	-0,623233	21,869	-0,136089	22,690000	51,950000
2,983811	-0,506684	21,969	-0,136042	22,690000	51,950000
2,985741	-0,772908	22,070	-0,136148	22,690000	51,950000
2,987730	-0,532447	22,170	-0,136053	22,690000	51,950000
2,989748	-0,565572	22,271	-0,136066	22,690000	51,950000
2,991716	-0,590109	22,371	-0,136076	22,690000	51,950000
2,993726	-0,631821	22,471	-0,136092	22,690000	51,950000
2,995751	-0,723834	22,572	-0,136129	22,690000	51,950000
2,997750	-0,607284	22,672	-0,136083	22,690000	51,950000
2,999814	-0,856332	22,772	-0,136182	22,690000	51,950000
3,001755	-0,541035	22,873	-0,136056	22,690000	51,950000
3,003764	-0,581521	22,973	-0,136072	22,690000	51,950000
3,005716	-0,574160	23,073	-0,136069	22,690000	51,950000
3,007739	-0,790083	23,173	-0,136155	22,690000	51,950000
3,009761	-0,731195	23,273	-0,136132	22,690000	51,950000
3,011737	-0,922582	23,373	-0,136208	22,690000	51,950000
3,013796	-0,640409	23,473	-0,136096	22,690000	51,950000
3,015813	-0,840384	23,573	-0,136175	22,690000	51,950000
3,017767	-0,781495	23,673	-0,136152	22,690000	51,950000
3,019735	-0,905406	23,773	-0,136201	22,690000	51,950000
3,021722	-0,739783	23,873	-0,136135	22,690000	51,950000
3,023786	-0,349649	23,973	-0,135980	22,690000	51,950000
3,025704	-0,922582	24,073	-0,136208	22,690000	51,950000
3,027813	-0,623233	24,173	-0,136089	22,690000	51,950000
3,029756	-0,739783	24,273	-0,136135	22,690000	51,950000
3,031771	-0,756959	24,374	-0,136142	22,700000	51,925000
3,033734	-1,122556	24,475	-0,136288	22,700000	51,925000
3,035762	-0,840384	24,576	-0,136175	22,700000	51,925000
3,037748	-0,673534	24,676	-0,136109	22,700000	51,925000
3,039802	-0,648997	24,777	-0,136099	22,700000	51,925000
3,041724	-0,565572	24,877	-0,136066	22,700000	51,925000
3,043781	-0,764320	24,977	-0,136145	22,700000	51,925000
3,045758	-1,014594	25,077	-0,136245	22,700000	51,925000
3,047799	-0,955706	25,178	-0,136221	22,700000	51,925000
3,049696	-1,129917	25,279	-0,136291	22,700000	51,925000
3,051720	-1,171630	25,379	-0,136307	22,700000	51,925000
3,053830	-1,089432	25,479	-0,136274	22,700000	51,925000
3,055748	-1,138505	25,579	-0,136294	22,700000	51,925000
3,057764	-1,138505	25,679	-0,136294	22,700000	51,925000
3,059694	-1,063668	25,780	-0,136264	22,700000	51,925000
3,061750	-1,056307	25,881	-0,136261	22,700000	51,925000
3,063798	-1,105380	25,981	-0,136281	22,700000	51,925000
3,065765	-1,305355	26,081	-0,136360	22,700000	51,925000
3,067746	-1,180217	26,181	-0,136311	22,700000	51,925000
3,069774	-34,563688	26,281	-0,149597	22,700000	51,925000
3,071729	-69,219388	26,381	-0,163390	22,700000	51,925000
3,073761	-69,767784	26,481	-0,163608	22,700000	51,925000
3,075730	-69,327350	26,581	-0,163433	22,700000	51,925000
3,077735	-68,670992	26,681	-0,163172	22,700000	51,925000
3,079741	-69,078302	26,781	-0,163334	22,700000	51,925000
3,081743	-67,781535	26,882	-0,162818	22,700000	51,925000
3,083758	-67,764359	26,982	-0,162811	22,700000	51,925000
3,085750	-66,768167	27,083	-0,162415	22,700000	51,925000
3,087765	-66,178058	27,183	-0,162180	22,700000	51,925000
3,089765	-65,346263	27,283	-0,161849	22,700000	51,925000
3,091754	-65,072678	27,384	-0,161740	22,700000	51,925000
3,093713	-63,701074	27,485	-0,161194	22,700000	51,925000
3,095738	-63,916997	27,586	-0,161280	22,700000	51,925000
3,097753	-62,271808	27,687	-0,160625	22,700000	51,925000
3,099727	-62,571157	27,787	-0,160744	22,700000	51,925000
3,101733	-61,922160	27,888	-0,160486	22,700000	51,925000
3,103747	-60,186185	27,988	-0,159795	22,700000	51,925000
3,105776	-59,421865	28,089	-0,159491	22,700000	51,925000
3,107764	-58,631782	28,190	-0,159176	22,700000	51,925000
3,109753	-58,880830	28,290	-0,159275	22,700000	51,925000
3,111733	-58,607245	28,391	-0,159167	22,690000	51,935000
3,113733	-57,808574	28,492	-0,158849	22,690000	51,935000
3,115819	-57,119092	28,592	-0,158574	22,690000	51,935000
3,117752	-55,116893	28,693	-0,157777	22,690000	51,935000
3,119793	-54,269148	28,793	-0,157440	22,690000	51,935000
3,121778	-53,728113	28,893	-0,157225	22,690000	51,935000
3,123699	-53,097519	28,993	-0,156974	22,690000	51,935000
3,125766	-52,498822	29,093	-0,156735	22,690000	51,935000
3,127755	-52,598196	29,193	-0,156775	22,690000	51,935000
3,129831	-51,933250	29,293	-0,156510	22,690000	51,935000
3,131729	-51,111269	29,393	-0,156183	22,690000	51,935000
3,133746	-50,221812	29,494	-0,155829	22,690000	51,935000
3,135724	-49,639064	29,595	-0,155597	22,690000	51,935000
3,137740	-48,783959	29,695	-0,155257	22,690000	51,935000
3,139775	-47,960751	29,795	-0,154929	22,690000	51,935000
3,141730	-47,246732	29,895	-0,154645	22,690000	51,935000
3,143780	-46,540073	29,996	-0,154364	22,690000	51,935000
3,145744	-44,968495	30,096	-0,153738	22,690000	51,935000
3,147758	-44,337900	30,196	-0,153487	22,690000	51,935000
3,149721	-43,082846	30,297	-0,152988	22,690000	51,935000
3,151730	-42,666948	30,397	-0,152822	22,690000	51,935000
3,153728	-41,993414	30,497	-0,152554	22,690000	51,935000
3,155700	-41,030347	30,597	-0,152171	22,690000	51,935000
3,157743	-40,838960	30,698	-0,152095	22,690000	51,935000
3,159688	-39,467356	30,798	-0,151549	22,690000	51,935000
3,161742	-39,309094	30,899	-0,151486	22,690000	51,935000
3,163753	-38,146053	30,999	-0,151023	22,690000	51,935000
3,165720	-38,071215	31,099	-0,150993	22,690000	51,935000
3,167701	-37,056621	31,199	-0,150589	22,690000	51,935000
3,169755	-36,408851	31,299	-0,150332	22,690000	51,935000
3,171753	-35,569694	31,399	-0,149998	22,690000	51,935000
3,173791	-34,697413	31,499	-0,149650	22,690000	51,935000
3,175737	-33,350345	31,599	-0,149114	22,690000	51,935000
3,177740	-32,204479	31,699	-0,148658	22,690000	51,935000
3,179717	-32,004505	31,799	-0,148579	22,690000	51,935000
3,181704	-31,506409	31,899	-0,148380	22,690000	51,935000
3,183688	-30,143393	32,000	-0,147838	22,690000	51,935000
3,185750	-29,095674	32,100	-0,147421	22,690000	51,935000
3,187746	-28,223392	32,200	-0,147074	22,690000	51,935000
3,189756	-27,957169	32,301	-0,146968	22,690000	51,935000
3,191713	-26,087469	32,401	-0,146224	22,700000	51,935000
3,193679	-26,270267	32,501	-0,146296	22,700000	51,935000
3,195780	-25,297385	32,602	-0,145909	22,700000	51,935000
3,197767	-23,303775	32,702	-0,145116	22,700000	51,935000
3,199739	-23,752797	32,802	-0,145294	22,700000	51,935000
3,201670	-22,696490	32,903	-0,144874	22,700000	51,935000
3,203754	-21,557985	33,004	-0,144421	22,700000	51,935000
3,205730	-20,802253	33,104	-0,144120	22,700000	51,935000
3,207667	-20,294343	33,205	-0,143918	22,700000	51,935000
3,209762	-19,488311	33,305	-0,143597	22,700000	51,935000
3,211722	-18,490892	33,405	-0,143200	22,700000	51,935000
3,213715	-17,543774	33,506	-0,142823	22,700000	51,935000
3,215707	-16,788042	33,606	-0,142522	22,700000	51,935000
3,217715	-15,698610	33,706	-0,142089	22,700000	51,935000
3,219709	-13,571274	33,806	-0,141242	22,700000	51,935000
3,221742	-13,073178	33,906	-0,141044	22,700000	51,935000
3,223713	-13,238801	34,007	-0,141110	22,700000	51,935000
3,225737	-11,012092	34,107	-0,140224	22,700000	51,935000
3,227702	-11,285676	34,207	-0,140333	22,700000	51,935000
3,229765	-10,371683	34,307	-0,139969	22,700000	51,935000
3,231785	-9,490813	34,407	-0,139618	22,700000	51,950000
3,233717	-8,593995	34,508	-0,139261	22,700000	51,950000
3,235729	-7,986711	34,608	-0,139020	22,700000	51,950000
3,237747	-6,466659	34,709	-0,138415	22,700000	51,950000
3,239712	-5,011630	34,809	-0,137835	22,700000	51,950000
3,241727	-3,773752	34,909	-0,137343	22,700000	51,950000
3,243718	-2,726033	35,009	-0,136926	22,700000	51,950000
3,245712	-1,994837	35,109	-0,136635	22,700000	51,950000
3,247730	-0,847745	35,209	-0,136178	22,700000	51,950000
3,249723	0,049073	35,309	-0,135821	22,700000	51,950000
3,251733	0,821981	35,410	-0,135514	22,700000	51,950000
3,253783	0,639182	35,511	-0,135586	22,700000	51,950000
3,255679	2,659783	35,611	-0,134782	22,700000	51,950000
3,257708	3,565189	35,711	-0,134422	22,700000	51,950000
3,259648	4,604320	35,812	-0,134008	22,700000	51,950000
3,261759	4,454646	35,912	-0,134068	22,700000	51,950000
3,263748	5,434889	36,013	-0,133678	22,700000	51,950000
3,265678	6,373420	36,113	-0,133304	22,700000	51,950000
3,267759	7,337714	36,213	-0,132920	22,700000	51,950000
3,269747	8,768206	36,313	-0,132351	22,700000	51,950000
3,271652	8,858992	36,414	-0,132315	22,690000	51,965000
3,273715	10,204833	36,514	-0,131779	22,690000	51,965000
3,275717	11,193664	36,614	-0,131386	22,690000	51,965000
3,277710	12,333395	36,714	-0,130932	22,690000	51,965000
3,279715	13,362712	36,815	-0,130522	22,690000	51,965000
3,281726	14,526981	36,916	-0,130059	22,690000	51,965000
3,283764	15,233639	37,016	-0,129778	22,690000	51,965000
3,285771	15,656898	37,116	-0,129609	22,690000	51,965000
3,287679	16,588067	37,217	-0,129239	22,690000	51,965000
3,289621	17,702036	37,317	-0,128795	22,690000	51,965000
3,291688	18,906790	37,417	-0,128316	22,690000	51,965000
3,293693	20,028119	37,517	-0,127870	22,690000	51,965000
3,295798	20,743365	37,617	-0,127585	22,690000	51,965000
3,297727	21,890458	37,717	-0,127128	22,690000	51,965000
3,299718	22,521053	37,817	-0,126877	22,690000	51,965000
3,301733	23,278011	37,917	-0,126576	22,690000	51,965000
3,303694	24,980861	38,017	-0,125898	22,690000	51,965000
3,305716	25,496133	38,118	-0,125693	22,690000	51,965000
3,307672	26,552440	38,218	-0,125273	22,690000	51,965000
3,309703	27,383009	38,318	-0,124942	22,690000	51,965000
3,311692	28,563226	38,419	-0,124473	22,690000	51,910000
3,313680	29,269885	38,519	-0,124191	22,690000	51,910000
3,315701	30,399802	38,620	-0,123742	22,690000	51,910000
3,317660	31,181297	38,720	-0,123431	22,690000	51,910000
3,319675	32,137003	38,820	-0,123050	22,690000	51,910000
3,321778	34,172326	38,920	-0,122240	22,690000	51,910000
3,323747	35,169745	39,021	-0,121843	22,690000	51,910000
3,325668	36,283713	39,121	-0,121400	22,690000	51,910000
3,327713	37,148634	39,222	-0,121056	22,690000	51,910000
3,329741	38,195126	39,322	-0,120639	22,690000	51,910000
3,331665	38,769286	39,422	-0,120411	22,690000	51,910000
3,333694	38,769286	39,523	-0,120411	22,690000	51,910000
3,335688	39,441593	39,623	-0,120143	22,690000	51,910000
3,337703	40,679472	39,723	-0,119650	22,690000	51,910000
3,339707	41,469555	39,823	-0,119336	22,690000	51,910000
3,341640	42,774910	39,923	-0,118816	22,690000	51,910000
3,343686	43,131919	40,023	-0,118674	22,690000	51,910000
3,345647	44,486348	40,123	-0,118135	22,690000	51,910000
3,347707	46,173249	40,224	-0,117464	22,690000	51,910000
3,349659	47,403767	40,325	-0,116974	22,690000	51,910000
3,351705	47,062706	40,425	-0,117110	22,690000	51,950000
3,353666	48,018412	40,525	-0,116729	22,690000	51,950000
3,355698	48,650234	40,626	-0,116478	22,690000	51,950000
3,357658	50,013250	40,726	-0,115936	22,690000	51,950000
3,359692	51,757812	40,826	-0,115241	22,690000	51,950000
3,361597	52,814119	40,927	-0,114821	22,690000	51,950000
3,363652	53,728113	41,027	-0,114457	22,690000	51,950000
3,365753	54,767244	41,127	-0,114043	22,690000	51,950000
3,367696	55,697187	41,227	-0,113673	22,690000	51,950000
3,369717	56,029660	41,328	-0,113541	22,690000	51,950000
3,371717	57,317839	41,428	-0,113028	22,690000	51,950000
3,373705	57,974197	41,529	-0,112767	22,690000	51,950000
3,375658	46,871319	41,629	-0,117186	22,690000	51,950000
3,377683	44,453223	41,729	-0,118148	22,690000	51,950000
3,379661	33,590806	41,829	-0,122472	22,690000	51,950000
3,381726	31,414396	41,929	-0,123338	22,690000	51,950000
3,383703	31,903904	42,029	-0,123143	22,690000	51,950000
3,385730	32,436352	42,129	-0,122931	22,690000	51,950000
3,387730	33,408007	42,229	-0,122544	22,690000	51,950000
3,389682	34,090128	42,330	-0,122273	22,690000	51,925000
3,391663	35,253170	42,431	-0,121810	22,690000	51,925000
3,393721	36,126678	42,531	-0,121462	22,690000	51,925000
3,395696	37,197707	42,631	-0,121036	22,690000	51,925000
3,397710	38,062628	42,731	-0,120692	22,690000	51,925000
3,399748	38,876021	42,831	-0,120368	22,690000	51,925000
3,401742	40,198551	42,931	-0,119842	22,690000	51,925000
3,403682	41,236456	43,031	-0,119429	22,690000	51,925000
3,405648	41,894041	43,132	-0,119167	22,690000	51,925000
3,407643	42,940533	43,233	-0,118750	22,690000	51,925000
3,409697	43,763741	43,333	-0,118423	22,690000	51,925000
3,411693	45,616265	43,433	-0,117686	22,690000	51,925000
3,413693	46,622272	43,534	-0,117285	22,690000	51,925000
3,415655	48,150911	43,634	-0,116677	22,690000	51,925000
3,417711	48,333710	43,734	-0,116604	22,690000	51,925000
3,419663	49,531103	43,834	-0,116127	22,690000	51,925000
3,421699	50,145748	43,935	-0,115883	22,690000	51,925000
3,423659	50,835231	44,036	-0,115608	22,690000	51,925000
3,425727	51,625314	44,137	-0,115294	22,690000	51,925000
3,427665	52,581020	44,238	-0,114914	22,690000	51,925000
3,429640	53,587027	44,339	-0,114513	22,690000	51,950000
3,431658	56,062785	44,439	-0,113528	22,690000	51,950000
3,433650	56,844280	44,539	-0,113217	22,690000	51,950000
3,435606	57,676076	44,639	-0,112886	22,690000	51,950000
3,437616	58,663680	44,740	-0,112493	22,690000	51,950000
3,439702	59,878249	44,840	-0,112009	22,690000	51,950000
3,441702	59,171590	44,940	-0,112291	22,690000	51,950000
3,443666	59,927322	45,040	-0,111990	22,690000	51,950000
3,445592	61,124715	45,140	-0,111513	22,690000	51,950000
3,447652	61,323463	45,240	-0,111434	22,690000	51,950000
3,449677	61,457188	45,341	-0,111381	22,690000	51,950000
3,451706	62,411668	45,442	-0,111001	22,690000	51,950000
3,453762	63,501099	45,543	-0,110567	22,690000	51,950000
3,455650	63,650773	45,644	-0,110508	22,690000	51,950000
3,457699	64,256831	45,745	-0,110267	22,690000	51,950000
3,459619	65,736397	45,846	-0,109678	22,690000	51,950000
3,461706	66,310557	45,946	-0,109449	22,690000	51,950000
3,463671	67,872321	46,046	-0,108828	22,690000	51,950000
3,465660	68,096832	46,146	-0,108738	22,690000	51,950000
3,467765	68,288218	46,246	-0,108662	22,690000	51,950000
3,469691	69,127375	46,346	-0,108328	22,700000	51,950000
3,471683	69,767784	46,446	-0,108073	22,700000	51,950000
3,473726	69,992295	46,546	-0,107984	22,700000	51,950000
3,475657	71,122213	46,646	-0,107534	22,700000	51,950000
3,477679	71,254711	46,747	-0,107481	22,700000	51,950000
3,479615	71,745446	46,848	-0,107286	22,700000	51,950000
3,481651	72,509766	46,948	-0,106982	22,700000	51,950000
3,483695	73,456884	47,048	-0,106605	22,700000	51,950000
3,485660	74,296041	47,149	-0,106271	22,700000	51,950000
3,487604	75,784194	47,249	-0,105679	22,700000	51,950000
3,489673	76,283517	47,350	-0,105480	22,700000	51,950000
3,491632	77,396259	47,451	-0,105037	22,700000	51,950000
3,493687	78,186342	47,551	-0,104723	22,700000	51,950000
3,495658	78,783812	47,651	-0,104485	22,700000	51,950000
3,497711	80,138240	47,751	-0,103946	22,700000	51,950000
3,499705	80,978624	47,851	-0,103611	22,700000	51,950000
3,501670	82,905985	47,951	-0,102844	22,700000	51,950000
3,503671	83,196745	48,052	-0,102729	22,700000	51,950000
3,505673	84,037129	48,152	-0,102394	22,700000	51,950000
3,507689	85,100797	48,252	-0,101971	22,700000	51,950000
3,509606	85,922778	48,352	-0,101644	22,700000	51,950000
3,511667	86,911609	48,453	-0,101250	22,700000	51,950000
3,513669	88,267264	48,553	-0,100710	22,700000	51,950000
3,515642	88,765360	48,653	-0,100512	22,700000	51,950000
3,517695	89,778728	48,754	-0,100109	22,700000	51,950000
3,519678	91,101258	48,854	-0,099583	22,700000	51,950000
3,521640	92,081501	48,955	-0,099192	22,700000	51,950000
3,523662	94,450524	49,056	-0,098250	22,700000	51,950000
3,525638	95,263917	49,156	-0,097926	22,700000	51,950000
3,527637	96,327585	49,256	-0,097502	22,700000	51,950000
3,529682	97,208454	49,357	-0,097152	22,700000	51,950000
3,531715	98,463509	49,458	-0,096652	22,700000	51,950000
3,533641	99,419215	49,558	-0,096272	22,700000	51,950000
3,535665	100,449759	49,658	-0,095862	22,700000	51,950000
3,537630	101,629976	49,758	-0,095392	22,700000	51,950000
3,539697	101,563727	49,858	-0,095418	22,700000	51,950000
3,541654	103,790437	49,958	-0,094532	22,700000	51,950000
3,543698	104,979242	50,058	-0,094059	22,700000	51,950000
3,545658	105,860111	50,158	-0,093708	22,700000	51,950000
3,547674	107,097990	50,258	-0,093216	22,700000	51,950000
3,549648	108,162885	50,359	-0,092792	22,700000	51,935000
3,551696	109,176252	50,460	-0,092389	22,700000	51,935000
3,551661	108,586144	50,560	-0,092624	22,700000	51,935000
3,551690	108,586144	50,660	-0,092624	22,700000	51,935000
3,551675	108,345683	50,760	-0,092719	22,700000	51,935000
3,551670	108,046335	50,860	-0,092838	22,700000	51,935000
3,551633	108,079460	50,960	-0,092825	22,700000	51,935000
3,551667	107,804648	51,060	-0,092935	22,700000	51,935000
3,551658	107,729811	51,160	-0,092964	22,700000	51,935000
3,551667	107,497939	51,260	-0,093057	22,700000	51,935000
3,551594	107,348265	51,360	-0,093116	22,700000	51,935000
3,551665	107,015792	51,460	-0,093249	22,700000	51,935000
3,551608	107,056277	51,560	-0,093232	22,700000	51,935000
3,551713	107,090629	51,661	-0,093219	22,700000	51,935000
3,551649	106,890654	51,761	-0,093298	22,700000	51,935000
3,551669	106,474757	51,861	-0,093464	22,700000	51,935000
3,551623	106,915191	51,961	-0,093289	22,700000	51,935000
3,551656	106,707856	52,061	-0,093371	22,700000	51,935000
3,551620	106,949543	52,161	-0,093275	22,700000	51,935000
3,551673	106,201172	52,261	-0,093573	22,700000	51,935000
3,551674	106,566769	52,361	-0,093427	22,700000	51,935000
3,551720	106,342258	52,461	-0,093517	22,700000	51,935000
3,551687	106,168047	52,561	-0,093586	22,700000	51,935000
3,551652	106,192584	52,662	-0,093576	22,700000	51,935000
3,551639	106,175408	52,762	-0,093583	22,700000	51,935000
3,551580	105,959485	52,862	-0,093669	22,700000	51,935000
3,551703	106,093210	52,963	-0,093616	22,700000	51,935000
3,551608	105,577939	53,063	-0,093821	22,700000	51,935000
3,551657	105,968073	53,163	-0,093666	22,700000	51,935000
3,551668	105,760737	53,263	-0,093748	22,700000	51,935000
3,551634	105,353427	53,363	-0,093910	22,700000	51,935000
3,551620	105,734974	53,463	-0,093758	22,700000	51,935000
3,551690	105,710437	53,563	-0,093768	22,700000	51,935000
3,551652	105,560763	53,664	-0,093828	22,700000	51,935000
3,551661	105,703076	53,764	-0,093771	22,700000	51,935000
3,551632	105,469977	53,864	-0,093864	22,700000	51,935000
3,551647	105,311715	53,964	-0,093927	22,700000	51,935000
3,551696	105,287178	54,065	-0,093937	22,700000	51,935000
3,551587	105,254053	54,166	-0,093950	22,700000	51,935000
3,551641	105,254053	54,267	-0,093950	22,700000	51,935000
3,551603	105,162041	54,368	-0,093986	22,690000	51,950000
3,551662	105,012367	54,468	-0,094046	22,690000	51,950000
3,551653	104,954705	54,568	-0,094069	22,690000	51,950000
3,551624	105,137504	54,668	-0,093996	22,690000	51,950000
3,551651	104,771906	54,768	-0,094142	22,690000	51,950000
3,551635	104,846743	54,868	-0,094112	22,690000	51,950000
3,551691	104,963293	54,968	-0,094065	22,690000	51,950000
3,551671	104,530219	55,069	-0,094238	22,690000	51,950000
3,551674	104,888456	55,169	-0,094095	22,690000	51,950000
3,551635	104,846743	55,269	-0,094112	22,690000	51,950000
3,551683	104,481146	55,370	-0,094257	22,690000	51,950000
3,551607	104,589108	55,470	-0,094214	22,690000	51,950000
3,551677	104,663945	55,570	-0,094185	22,690000	51,950000
3,551667	104,780494	55,671	-0,094138	22,690000	51,950000
3,551670	104,356009	55,771	-0,094307	22,690000	51,950000
3,551638	104,272584	55,871	-0,094340	22,690000	51,950000
3,551668	104,347421	55,971	-0,094311	22,690000	51,950000
3,551671	104,730194	56,071	-0,094158	22,690000	51,950000
3,551662	104,406309	56,171	-0,094287	22,690000	51,950000
3,551676	104,331472	56,272	-0,094317	22,690000	51,950000
3,551676	104,340060	56,372	-0,094313	22,700000	51,910000
3,551678	104,497095	56,472	-0,094251	22,700000	51,910000
3,551686	104,589108	56,572	-0,094214	22,700000	51,910000
3,551651	104,223510	56,673	-0,094360	22,700000	51,910000
3,551637	104,248047	56,774	-0,094350	22,700000	51,910000
3,551653	104,322884	56,875	-0,094320	22,700000	51,910000
3,551671	103,948699	56,975	-0,094469	22,700000	51,910000
3,551688	104,289759	57,075	-0,094333	22,700000	51,910000
3,551661	104,131497	57,176	-0,094396	22,700000	51,910000
3,551687	104,239459	57,276	-0,094354	22,700000	51,910000
3,551630	104,007587	57,376	-0,094446	22,700000	51,910000
3,551662	103,807612	57,476	-0,094525	22,700000	51,910000
3,551756	103,891037	57,577	-0,094492	22,700000	51,910000
3,551679	104,190386	57,677	-0,094373	22,700000	51,910000
3,551712	103,990411	57,777	-0,094453	22,700000	51,910000
3,551685	104,115548	57,878	-0,094403	22,700000	51,910000
3,551706	104,032124	57,979	-0,094436	22,700000	51,910000
3,551703	103,832149	58,079	-0,094516	22,700000	51,910000
3,551644	103,649350	58,179	-0,094588	22,700000	51,910000
3,551671	103,774488	58,279	-0,094539	22,700000	51,910000
3,551651	103,708238	58,379	-0,094565	22,690000	51,935000
3,551646	103,499676	58,480	-0,094648	22,690000	51,935000
3,551623	103,957286	58,580	-0,094466	22,690000	51,935000
3,551665	103,600277	58,680	-0,094608	22,690000	51,935000
3,551643	103,906986	58,780	-0,094486	22,690000	51,935000
3,551761	103,567152	58,880	-0,094621	22,690000	51,935000
3,551678	103,607638	58,980	-0,094605	22,690000	51,935000
3,551661	103,358590	59,080	-0,094704	22,690000	51,935000
3,551687	103,567152	59,180	-0,094621	22,690000	51,935000
3,551698	103,607638	59,280	-0,094605	22,690000	51,935000
3,551686	103,574513	59,380	-0,094618	22,690000	51,935000
3,551630	103,724187	59,480	-0,094559	22,690000	51,935000
3,551642	103,367178	59,580	-0,094701	22,690000	51,935000
3,551716	103,433427	59,680	-0,094674	22,690000	51,935000
3,551641	103,475139	59,780	-0,094658	22,690000	51,935000
3,551661	103,109542	59,880	-0,094803	22,690000	51,935000
3,551716	103,259216	59,980	-0,094744	22,690000	51,935000
3,551661	103,358590	60,080	-0,094704	22,690000	51,935000
3,551638	103,201555	60,180	-0,094767	22,690000	51,935000
3,551698	103,499676	60,280	-0,094648	22,690000	51,935000
3,551693	103,175791	60,380	-0,094777	22,690000	51,950000
3,551620	103,142666	60,480	-0,094790	22,690000	51,950000
3,549676	102,651932	60,580	-0,094985	22,690000	51,950000
3,547642	101,398104	60,680	-0,095484	22,690000	51,950000
3,545641	100,333209	60,780	-0,095908	22,690000	51,950000
3,543664	99,262180	60,880	-0,096334	22,690000	51,950000
3,541686	97,699189	60,980	-0,096957	22,690000	51,950000
3,539660	96,095713	61,080	-0,097595	22,690000	51,950000
3,537646	94,583023	61,180	-0,098197	22,690000	51,950000
3,535730	93,136581	61,280	-0,098772	22,690000	51,950000
3,533712	92,131802	61,381	-0,099172	22,690000	51,950000
3,531638	90,419137	61,481	-0,099854	22,690000	51,950000
3,529645	89,846204	61,582	-0,100082	22,690000	51,950000
3,527660	88,349462	61,682	-0,100678	22,690000	51,950000
3,525665	86,869896	61,782	-0,101267	22,690000	51,950000
3,523725	85,831992	61,882	-0,101680	22,690000	51,950000
3,521665	84,385551	61,982	-0,102255	22,690000	51,950000
3,519654	83,321883	62,083	-0,102679	22,690000	51,950000
3,517717	82,092592	62,183	-0,103168	22,690000	51,950000
3,515643	79,291722	62,284	-0,104283	22,690000	51,950000
3,513679	79,299083	62,384	-0,104280	22,690000	51,950000
3,511656	78,219466	62,485	-0,104709	22,690000	51,950000
3,509732	76,806150	62,585	-0,105272	22,690000	51,950000
3,507627	74,180718	62,685	-0,106317	22,690000	51,950000
3,505645	74,487427	62,786	-0,106195	22,690000	51,950000
3,503704	73,258136	62,886	-0,106684	22,690000	51,950000
3,501606	71,895120	62,986	-0,107227	22,690000	51,950000
3,499625	69,202212	63,086	-0,108298	22,690000	51,950000
3,497655	69,517509	63,186	-0,108173	22,690000	51,950000
3,495655	68,138544	63,286	-0,108722	22,690000	51,950000
3,493680	66,941151	63,387	-0,109198	22,690000	51,950000
3,491642	64,282595	63,487	-0,110256	22,690000	51,950000
3,489637	64,415093	63,587	-0,110204	22,690000	51,950000
3,487715	61,830147	63,688	-0,111232	22,690000	51,950000
3,485630	60,526019	63,788	-0,111751	22,690000	51,950000
3,483675	59,204715	63,888	-0,112277	22,690000	51,950000
3,481673	57,782811	63,988	-0,112843	22,690000	51,950000
3,479673	57,027079	64,088	-0,113144	22,690000	51,950000
3,477725	57,376727	64,189	-0,113005	22,690000	51,950000
3,475672	55,664062	64,289	-0,113687	22,690000	51,950000
3,473697	54,358708	64,389	-0,114206	22,690000	51,965000
3,471690	53,336752	64,490	-0,114613	22,690000	51,965000
3,469698	52,257135	64,590	-0,115042	22,690000	51,965000
3,467591	49,938413	64,691	-0,115965	22,690000	51,965000
3,465630	49,289416	64,791	-0,116224	22,690000	51,965000
3,463724	48,234336	64,892	-0,116644	22,690000	51,965000
3,461713	47,295805	64,992	-0,117017	22,690000	51,965000
3,459635	45,466591	65,093	-0,117745	22,690000	51,965000
3,457687	44,510885	65,194	-0,118125	22,690000	51,965000
3,455688	43,273006	65,294	-0,118618	22,690000	51,965000
3,453681	41,960290	65,395	-0,119141	22,690000	51,965000
3,451693	40,280749	65,495	-0,119809	22,690000	51,965000
3,449604	39,126296	65,596	-0,120269	22,690000	51,965000
3,447655	37,946078	65,696	-0,120738	22,690000	51,965000
3,445638	36,957247	65,797	-0,121132	22,690000	51,965000
3,443657	35,552518	65,897	-0,121691	22,690000	51,965000
3,441671	34,530563	65,997	-0,122098	22,690000	51,965000
3,439675	33,408007	66,097	-0,122544	22,690000	51,965000
3,437727	32,643687	66,197	-0,122849	22,690000	51,965000
3,435658	31,031623	66,298	-0,123490	22,690000	51,965000
3,433753	29,926243	66,398	-0,123930	22,690000	51,965000
3,431683	28,838038	66,499	-0,124363	22,690000	51,965000
3,429703	27,466434	66,599	-0,124909	22,690000	51,965000
3,427692	25,321922	66,699	-0,125763	22,690000	51,965000
3,425634	25,563609	66,800	-0,125667	22,690000	51,965000
3,423673	23,610484	66,901	-0,126444	22,690000	51,965000
3,421657	22,978663	67,002	-0,126695	22,690000	51,965000
3,419738	22,254829	67,103	-0,126983	22,690000	51,965000
3,417740	20,950701	67,203	-0,127502	22,690000	51,965000
3,415661	19,937333	67,305	-0,127906	22,690000	51,965000
3,413709	17,070214	67,406	-0,129047	22,690000	51,965000
3,411730	16,081383	67,506	-0,129440	22,690000	51,965000
3,409711	14,983364	67,606	-0,129877	22,690000	51,965000
3,407728	13,870623	67,706	-0,130320	22,690000	51,965000
3,405704	12,490431	67,807	-0,130870	22,690000	51,965000
3,403694	12,798367	67,908	-0,130747	22,690000	51,965000
3,401666	10,371683	68,009	-0,131713	22,690000	51,965000
3,399717	9,208641	68,109	-0,132176	22,690000	51,965000
3,397614	9,224590	68,209	-0,132169	22,690000	51,965000
3,395721	6,839618	68,309	-0,133119	22,690000	51,965000
3,393682	6,831030	68,409	-0,133122	22,690000	51,965000
3,391693	4,686519	68,509	-0,133976	22,690000	51,965000
3,389687	4,587145	68,609	-0,134015	22,690000	51,965000
3,387688	2,301547	68,709	-0,134925	22,690000	51,965000
3,385702	1,030543	68,810	-0,135431	22,690000	51,965000
3,383633	-0,024537	68,910	-0,135851	22,690000	51,965000
3,381719	-0,041712	69,010	-0,135857	22,690000	51,965000
3,379757	-2,360435	69,110	-0,136780	22,690000	51,965000
3,377771	-2,402147	69,210	-0,136797	22,690000	51,965000
3,375687	-3,199592	69,310	-0,137114	22,690000	51,965000
3,373686	-4,238723	69,410	-0,137528	22,690000	51,965000
3,371657	-6,980704	69,510	-0,138619	22,690000	51,965000
3,369687	-6,931631	69,610	-0,138600	22,690000	51,965000
3,367681	-8,817280	69,710	-0,139350	22,690000	51,965000
3,365693	-10,197472	69,810	-0,139899	22,690000	51,965000
3,363753	-9,840462	69,911	-0,139757	22,690000	51,965000
3,361721	-11,210839	70,012	-0,140303	22,690000	51,965000
3,359658	-13,031466	70,112	-0,141027	22,690000	51,965000
3,357709	-14,502444	70,213	-0,141613	22,690000	51,965000
3,355719	-15,075377	70,313	-0,141841	22,690000	51,965000
3,353644	-15,782035	70,414	-0,142122	22,690000	51,965000
3,351718	-16,986789	70,514	-0,142602	22,690000	51,965000
3,349672	-17,959671	70,615	-0,142989	22,690000	51,965000
3,347747	-19,247851	70,716	-0,143501	22,690000	51,965000
3,345695	-20,036707	70,817	-0,143815	22,690000	51,965000
3,343721	-21,117551	70,917	-0,144246	22,690000	51,965000
3,341773	-21,782496	71,017	-0,144510	22,690000	51,965000
3,339707	-24,109807	71,117	-0,145437	22,690000	51,965000
3,337807	-24,050919	71,218	-0,145413	22,690000	51,965000
3,335685	-26,369641	71,319	-0,146336	22,690000	51,965000
3,333660	-26,219967	71,419	-0,146276	22,690000	51,965000
3,331700	-28,223392	71,519	-0,147074	22,690000	51,965000
3,329705	-28,488389	71,619	-0,147179	22,690000	51,965000
3,327671	-29,370485	71,720	-0,147530	22,690000	51,965000
3,325697	-30,625540	71,820	-0,148030	22,690000	51,965000
3,323661	-31,422984	71,920	-0,148347	22,690000	51,965000
3,321700	-34,090128	72,020	-0,149409	22,690000	51,965000
3,319762	-35,404071	72,121	-0,149932	22,690000	51,965000
3,317699	-36,292301	72,221	-0,150285	22,690000	51,965000
3,315715	-36,192928	72,322	-0,150246	22,690000	51,965000
3,313685	-37,174397	72,423	-0,150636	22,690000	51,965000
3,311738	-39,176596	72,523	-0,151433	22,690000	51,965000
3,309739	-38,602436	72,623	-0,151205	22,690000	51,965000
3,307724	-39,434232	72,724	-0,151536	22,690000	51,965000
3,305739	-40,805836	72,825	-0,152082	22,690000	51,965000
3,303697	-42,741785	72,925	-0,152852	22,690000	51,965000
3,301723	-42,649772	73,025	-0,152815	22,690000	51,965000
3,299737	-45,234719	73,125	-0,153844	22,690000	51,965000
3,297700	-46,148712	73,226	-0,154208	22,690000	51,965000
3,295703	-47,170668	73,326	-0,154615	22,690000	51,965000
3,293650	-48,418361	73,426	-0,155111	22,690000	51,965000
3,291641	-48,533684	73,527	-0,155157	22,690000	51,965000
3,289684	-49,623116	73,627	-0,155591	22,690000	51,965000
3,287747	-50,737084	73,727	-0,156034	22,690000	51,965000
3,285716	-51,534528	73,827	-0,156352	22,690000	51,965000
3,283694	-51,052381	73,927	-0,156160	22,690000	51,965000
3,281728	-52,082924	74,027	-0,156570	22,690000	51,965000
3,279758	-53,080343	74,127	-0,156967	22,690000	51,965000
3,277674	-54,734120	74,228	-0,157625	22,690000	51,965000
3,275725	-55,564689	74,328	-0,157956	22,690000	51,965000
3,273714	-56,222273	74,428	-0,158217	22,690000	51,975000
3,271740	-56,894580	74,529	-0,158485	22,690000	51,975000
3,269769	-58,407271	74,629	-0,159087	22,690000	51,975000
3,267708	-57,891999	74,729	-0,158882	22,690000	51,975000
3,265729	-59,770287	74,829	-0,159629	22,690000	51,975000
3,263684	-60,708818	74,929	-0,160003	22,690000	51,975000
3,261718	-60,592268	75,029	-0,159957	22,690000	51,975000
3,259727	-62,005585	75,129	-0,160519	22,690000	51,975000
3,257727	-62,113546	75,229	-0,160562	22,690000	51,975000
3,255704	-62,912217	75,329	-0,160880	22,690000	51,975000
3,253667	-64,258058	75,429	-0,161416	22,690000	51,975000
3,251716	-65,105802	75,529	-0,161753	22,690000	51,975000
3,249697	-66,002621	75,629	-0,162110	22,690000	51,975000
3,247757	-66,360857	75,729	-0,162252	22,690000	51,975000
3,245682	-66,618493	75,830	-0,162355	22,690000	51,975000
3,243684	-66,709279	75,930	-0,162391	22,690000	51,975000
3,241738	-68,429305	76,030	-0,163076	22,690000	51,975000
3,239756	-68,538493	76,130	-0,163119	22,690000	51,975000
3,237758	-69,227976	76,230	-0,163394	22,690000	51,975000
3,235731	-69,385011	76,331	-0,163456	22,690000	51,975000
3,233747	-71,936833	76,431	-0,164472	22,690000	51,935000
3,231711	-71,139388	76,531	-0,164154	22,690000	51,935000
3,229786	-72,577242	76,631	-0,164727	22,690000	51,935000
3,227744	-73,981970	76,731	-0,165286	22,690000	51,935000
3,225697	-73,731696	76,831	-0,165186	22,690000	51,935000
3,223721	-74,246967	76,931	-0,165391	22,690000	51,935000
3,221761	-75,078763	77,031	-0,165722	22,690000	51,935000
3,219758	-75,145012	77,131	-0,165749	22,690000	51,935000
3,217755	-76,325230	77,231	-0,166218	22,690000	51,935000
3,215715	-76,915338	77,331	-0,166453	22,690000	51,935000
3,213757	-78,029307	77,431	-0,166896	22,690000	51,935000
3,211729	-79,956668	77,531	-0,167664	22,690000	51,935000
3,209699	-79,832758	77,632	-0,167614	22,690000	51,935000
3,207721	-80,538189	77,732	-0,167895	22,690000	51,935000
3,205719	-81,295148	77,833	-0,168196	22,690000	51,935000
3,203779	-83,422484	77,934	-0,169043	22,690000	51,935000
3,201776	-83,372183	78,034	-0,169023	22,690000	51,935000
3,199691	-84,320528	78,134	-0,169400	22,690000	51,935000
3,197762	-85,234522	78,234	-0,169764	22,690000	51,935000
3,195788	-87,452644	78,335	-0,170647	22,690000	51,935000
3,193783	-88,425526	78,436	-0,171034	22,700000	51,965000
3,191677	-89,456069	78,537	-0,171444	22,700000	51,965000
3,189748	-90,519737	78,638	-0,171868	22,700000	51,965000
3,187693	-90,403188	78,738	-0,171821	22,700000	51,965000
3,185757	-91,217808	78,838	-0,172146	22,700000	51,965000
3,183672	-92,015252	78,939	-0,172463	22,700000	51,965000
3,181834	-92,631124	79,039	-0,172708	22,700000	51,965000
3,179746	-95,122831	79,139	-0,173700	22,700000	51,965000
3,177749	-95,273732	79,239	-0,173760	22,700000	51,965000
3,175747	-97,417017	79,340	-0,174613	22,700000	51,965000
3,173769	-97,251394	79,440	-0,174547	22,700000	51,965000
3,171714	-98,207100	79,540	-0,174927	22,700000	51,965000
3,169780	-99,394678	79,640	-0,175400	22,700000	51,965000
3,167712	-101,382155	79,740	-0,176191	22,700000	51,965000
3,165726	-102,470360	79,840	-0,176624	22,700000	51,965000
3,163732	-102,120711	79,940	-0,176485	22,700000	51,965000
3,161707	-103,126718	80,040	-0,176885	22,700000	51,965000
3,159744	-104,406309	80,140	-0,177395	22,700000	51,965000
3,157753	-105,196392	80,240	-0,177709	22,700000	51,965000
3,155748	-106,526284	80,341	-0,178238	22,700000	51,925000
3,153702	-107,149517	80,441	-0,178486	22,700000	51,925000
3,151803	-109,085466	80,542	-0,179257	22,700000	51,925000
3,149720	-109,708700	80,643	-0,179505	22,700000	51,925000
3,147771	-111,080304	80,743	-0,180051	22,700000	51,925000
3,145759	-112,102259	80,843	-0,180458	22,700000	51,925000
3,143710	-113,747448	80,943	-0,181112	22,700000	51,925000
3,141746	-114,445519	81,043	-0,181390	22,700000	51,925000
3,139772	-114,952202	81,143	-0,181592	22,700000	51,925000
3,137774	-116,739704	81,243	-0,182303	22,700000	51,925000
3,135810	-117,321225	81,343	-0,182535	22,700000	51,925000
3,133762	-117,953046	81,443	-0,182786	22,700000	51,925000
3,131812	-118,510031	81,543	-0,183008	22,700000	51,925000
3,129746	-120,279130	81,643	-0,183712	22,700000	51,925000
3,127728	-121,443399	81,743	-0,184175	22,700000	51,925000
3,125806	-123,039514	81,843	-0,184811	22,700000	51,925000
3,123745	-123,121712	81,944	-0,184843	22,700000	51,925000
3,121758	-124,468779	82,044	-0,185379	22,700000	51,925000
3,119759	-125,233099	82,145	-0,185684	22,700000	51,925000
3,117705	-126,479566	82,245	-0,186180	22,700000	51,925000
3,115720	-126,737202	82,345	-0,186282	22,700000	51,925000
3,113750	-127,884295	82,445	-0,186739	22,700000	51,925000
3,111790	-129,430110	82,545	-0,187354	22,700000	51,925000
3,109789	-130,218966	82,646	-0,187668	22,700000	51,925000
3,107756	-130,742825	82,746	-0,187876	22,700000	51,925000
3,105736	-131,341522	82,847	-0,188115	22,700000	51,925000
3,103724	-132,803912	82,947	-0,188697	22,700000	51,925000
3,101740	-134,041791	83,048	-0,189189	22,700000	51,925000
3,099762	-134,649075	83,148	-0,189431	22,700000	51,925000
3,097764	-135,878366	83,248	-0,189920	22,700000	51,925000
3,095760	-136,635325	83,348	-0,190222	22,700000	51,925000
3,093759	-138,954048	83,449	-0,191145	22,700000	51,925000
3,091738	-138,454725	83,549	-0,190946	22,700000	51,925000
3,089715	-139,436195	83,649	-0,191336	22,700000	51,925000
3,087719	-140,616412	83,749	-0,191806	22,700000	51,925000
3,085769	-141,671492	83,849	-0,192226	22,700000	51,925000
3,083797	-142,268962	83,949	-0,192464	22,700000	51,925000
3,081805	-143,532604	84,049	-0,192967	22,700000	51,925000
3,079793	-144,804835	84,149	-0,193473	22,700000	51,925000
3,077754	-145,875864	84,249	-0,193899	22,700000	51,925000
3,075777	-146,815621	84,350	-0,194273	22,700000	51,925000
3,073783	-147,755378	84,450	-0,194647	22,700000	51,925000
3,071765	-148,552823	84,551	-0,194965	22,700000	51,925000
3,069710	-149,458229	84,652	-0,195325	22,700000	51,925000
3,067854	-150,497360	84,753	-0,195739	22,700000	51,925000
3,065756	-152,865156	84,853	-0,196681	22,700000	51,925000
3,063752	-154,145974	84,953	-0,197191	22,700000	51,925000
3,061744	-154,910294	85,053	-0,197495	22,700000	51,925000
3,059759	-155,799751	85,153	-0,197849	22,700000	51,925000
3,057763	-156,971380	85,253	-0,198315	22,700000	51,925000
3,055778	-158,160186	85,354	-0,198789	22,700000	51,925000
3,053740	-159,057004	85,454	-0,199146	22,700000	51,925000
3,051756	-160,228633	85,554	-0,199612	22,700000	51,925000
3,049784	-160,902167	85,654	-0,199880	22,700000	51,925000
3,047738	-161,932710	85,755	-0,200290	22,700000	51,925000
3,045812	-161,882410	85,855	-0,200270	22,700000	51,925000
3,043759	-162,564532	85,955	-0,200542	22,700000	51,925000
3,041807	-163,353388	86,055	-0,200855	22,700000	51,925000
3,039789	-164,542193	86,156	-0,201329	22,700000	51,925000
3,037798	-165,181376	86,257	-0,201583	22,700000	51,925000
3,035767	-167,151676	86,357	-0,202367	22,690000	51,950000
3,033769	-168,547817	86,457	-0,202923	22,690000	51,950000
3,031774	-169,752571	86,557	-0,203402	22,690000	51,950000
3,029802	-170,318143	86,657	-0,203627	22,690000	51,950000
3,027756	-170,193006	86,758	-0,203578	22,690000	51,950000
3,025775	-171,265262	86,858	-0,204004	22,690000	51,950000
3,023780	-172,130182	86,958	-0,204349	22,690000	51,950000
3,021803	-173,193850	87,058	-0,204772	22,690000	51,950000
3,019820	-174,198630	87,158	-0,205172	22,690000	51,950000
3,017767	-175,021838	87,258	-0,205500	22,690000	51,950000
3,015779	-176,111269	87,358	-0,205933	22,690000	51,950000
3,013826	-177,166349	87,458	-0,206353	22,690000	51,950000
3,011724	-178,928088	87,558	-0,207054	22,690000	51,950000
3,009752	-180,108305	87,658	-0,207524	22,690000	51,950000
3,007781	-180,947462	87,758	-0,207858	22,690000	51,950000
3,005787	-182,068791	87,859	-0,208304	22,690000	51,950000
3,003721	-182,883411	87,959	-0,208628	22,690000	51,950000
3,001728	-183,764280	88,059	-0,208979	22,690000	51,950000
2,999800	-184,396102	88,159	-0,209230	22,690000	51,950000
2,997817	-185,600856	88,259	-0,209710	22,690000	51,950000
2,995745	-185,186185	88,360	-0,209545	22,700000	51,910000
2,993748	-186,955284	88,460	-0,210249	22,700000	51,910000
2,991787	-187,820205	88,560	-0,210593	22,700000	51,910000
2,989733	-188,901048	88,661	-0,211023	22,700000	51,910000
2,987761	-189,266646	88,761	-0,211169	22,700000	51,910000
2,985749	-190,246889	88,861	-0,211559	22,700000	51,910000
2,983737	-191,867541	88,961	-0,212204	22,700000	51,910000
2,981795	-192,649036	89,061	-0,212515	22,700000	51,910000
2,979815	-193,056346	89,161	-0,212677	22,700000	51,910000
2,977787	-194,161727	89,262	-0,213117	22,700000	51,910000
2,975765	-194,551861	89,362	-0,213272	22,700000	51,910000
2,973768	-196,122213	89,462	-0,213897	22,700000	51,910000
2,971765	-196,280475	89,563	-0,213960	22,700000	51,910000
2,969732	-197,236181	89,663	-0,214341	22,700000	51,910000
2,967791	-197,901127	89,763	-0,214605	22,700000	51,910000
2,965758	-198,823708	89,863	-0,214973	22,700000	51,910000
2,963765	-200,011287	89,964	-0,215445	22,700000	51,910000
2,961724	-200,884795	90,064	-0,215793	22,700000	51,910000
2,959793	-201,574278	90,164	-0,216067	22,700000	51,910000
2,957743	-202,737319	90,264	-0,216530	22,700000	51,910000
2,955797	-203,759275	90,365	-0,216937	22,700000	51,910000
2,953771	-204,199709	90,465	-0,217112	22,700000	51,910000
2,951756	-205,089167	90,566	-0,217466	22,700000	51,910000
2,949800	-205,901333	90,666	-0,217790	22,700000	51,910000
2,947817	-207,840963	90,767	-0,218562	22,700000	51,910000
2,945743	-207,350228	90,867	-0,218366	22,700000	51,910000
2,943808	-208,056886	90,967	-0,218647	22,700000	51,910000
2,941826	-208,945116	91,067	-0,219001	22,700000	51,910000
2,939821	-209,402727	91,167	-0,219183	22,700000	51,910000
2,937763	-210,292184	91,267	-0,219537	22,700000	51,910000
2,935810	-211,098216	91,367	-0,219858	22,700000	51,910000
2,933748	-213,117590	91,467	-0,220662	22,700000	51,910000
2,931758	-213,740823	91,568	-0,220910	22,700000	51,910000
2,929780	-214,381232	91,668	-0,221165	22,700000	51,910000
2,927734	-215,378651	91,769	-0,221562	22,700000	51,910000
2,925810	-215,984709	91,869	-0,221803	22,700000	51,910000
2,923778	-216,409194	91,969	-0,221972	22,700000	51,910000
2,921753	-215,942996	92,070	-0,221786	22,700000	51,910000
2,919738	-216,052185	92,170	-0,221830	22,700000	51,910000
2,917810	-216,233757	92,271	-0,221902	22,700000	51,910000
2,915758	-216,084083	92,371	-0,221842	22,690000	51,965000
2,913820	-216,849629	92,471	-0,222147	22,690000	51,965000
2,911741	-214,754191	92,572	-0,221313	22,690000	51,965000
2,909769	-177,082924	92,673	-0,206320	22,690000	51,965000
2,907789	-162,679854	92,773	-0,200587	22,690000	51,965000
2,905741	-157,984748	92,873	-0,198719	22,690000	51,965000
2,903759	-155,740863	92,973	-0,197826	22,690000	51,965000
2,901809	-153,339942	93,073	-0,196870	22,690000	51,965000
2,899765	-150,896082	93,173	-0,195897	22,690000	51,965000
2,897805	-149,566190	93,273	-0,195368	22,690000	51,965000
2,895790	-149,084043	93,373	-0,195176	22,690000	51,965000
2,893725	-148,669372	93,473	-0,195011	22,690000	51,965000
2,891783	-148,203174	93,574	-0,194826	22,690000	51,965000
2,889776	-148,411736	93,674	-0,194909	22,690000	51,965000
2,887773	-148,676733	93,774	-0,195014	22,690000	51,965000
2,885777	-148,270650	93,874	-0,194853	22,690000	51,965000
2,883784	-148,594535	93,975	-0,194981	22,690000	51,965000
2,881756	-148,535647	94,076	-0,194958	22,690000	51,965000
2,879764	-148,352848	94,176	-0,194885	22,690000	51,965000
2,877774	-148,560184	94,276	-0,194968	22,690000	51,965000
2,875793	-148,020375	94,376	-0,194753	22,690000	51,965000
2,873815	-148,319724	94,476	-0,194872	22,690000	51,965000
2,871792	-148,037551	94,577	-0,194760	22,690000	51,965000
2,869809	-148,601896	94,677	-0,194984	22,690000	51,965000
2,867779	-148,594535	94,777	-0,194981	22,690000	51,965000
2,865766	-148,960133	94,877	-0,195127	22,690000	51,965000
2,863741	-148,801871	94,977	-0,195064	22,690000	51,965000
2,861764	-149,491353	95,078	-0,195338	22,690000	51,965000
2,859805	-149,176056	95,178	-0,195213	22,690000	51,965000
2,857841	-149,583366	95,278	-0,195375	22,690000	51,965000
2,855752	-150,713283	95,379	-0,195825	22,690000	51,965000
2,853817	-150,248312	95,480	-0,195640	22,690000	51,965000
2,851768	-150,006625	95,580	-0,195543	22,690000	51,965000
2,849764	-150,671571	95,680	-0,195808	22,690000	51,965000
2,847777	-150,389398	95,781	-0,195696	22,690000	51,965000
2,845807	-150,638446	95,881	-0,195795	22,690000	51,965000
2,843798	-150,713283	95,981	-0,195825	22,690000	51,965000
2,841774	-150,796708	96,081	-0,195858	22,690000	51,965000
2,839785	-151,054344	96,181	-0,195960	22,690000	51,965000
2,837755	-151,327929	96,281	-0,196069	22,690000	51,965000
2,835795	-151,611328	96,382	-0,196182	22,690000	51,925000
2,833832	-152,018638	96,483	-0,196344	22,690000	51,925000
2,831755	-152,167085	96,583	-0,196403	22,690000	51,925000
2,829787	-153,214804	96,683	-0,196820	22,690000	51,925000
2,827802	-152,408772	96,784	-0,196500	22,690000	51,925000
2,825812	-152,500785	96,884	-0,196536	22,690000	51,925000
2,823764	-152,300811	96,984	-0,196457	22,690000	51,925000
2,821788	-152,241923	97,084	-0,196433	22,690000	51,925000
2,819792	-152,998881	97,184	-0,196734	22,690000	51,925000
2,817805	-152,890919	97,284	-0,196691	22,690000	51,925000
2,815810	-152,965757	97,384	-0,196721	22,690000	51,925000
2,813728	-153,298229	97,484	-0,196854	22,690000	51,925000
2,811800	-152,125373	97,584	-0,196387	22,690000	51,925000
2,809821	-152,300811	97,684	-0,196457	22,690000	51,925000
2,807788	-151,810076	97,784	-0,196261	22,690000	51,925000
2,805786	-151,045756	97,885	-0,195957	22,690000	51,925000
2,803774	-150,929207	97,986	-0,195911	22,690000	51,925000
2,801742	-149,774753	98,086	-0,195451	22,690000	51,925000
2,799791	-148,211762	98,186	-0,194829	22,690000	51,925000
2,797771	-146,467199	98,287	-0,194135	22,690000	51,925000
2,795750	-144,039288	98,388	-0,193168	22,690000	51,925000
2,793845	-140,874048	98,488	-0,191909	22,690000	51,925000
2,791738	-137,591031	98,588	-0,190602	22,690000	51,925000
2,789753	-134,142392	98,688	-0,189229	22,690000	51,925000
2,787811	-128,540652	98,788	-0,187000	22,690000	51,925000
2,785780	-125,840384	98,888	-0,185925	22,690000	51,925000
2,783833	-124,260217	98,988	-0,185296	22,690000	51,925000
2,781809	-122,150057	99,088	-0,184457	22,690000	51,925000
2,779823	-117,387474	99,188	-0,182561	22,690000	51,925000
2,777732	-110,265684	99,288	-0,179727	22,690000	51,925000
2,775769	-0,556984	99,389	-0,136063	22,690000	51,925000
2,773814	-0,133725	99,489	-0,135894	22,690000	51,925000
2,771799	-0,399949	99,589	-0,136000	22,690000	51,925000
2,769779	-0,257636	99,689	-0,135943	22,690000	51,925000
2,767738	-0,249048	99,789	-0,135940	22,690000	51,925000
2,765736	-0,241687	99,890	-0,135937	22,690000	51,925000
2,763785	-0,233099	99,990	-0,135934	22,690000	51,925000
2,761778	-0,349649	100,090	-0,135980	22,690000	51,925000
2,759794	-0,158262	100,190	-0,135904	22,690000	51,925000
2,757766	-0,365598	100,290	-0,135986	22,690000	51,925000
2,755797	-0,257636	100,390	-0,135943	22,690000	51,950000
2,753776	-0,257636	100,490	-0,135943	22,690000	51,950000
2,751826	-0,358236	100,590	-0,135983	22,690000	51,950000
2,749825	-0,182799	100,690	-0,135914	22,690000	51,950000
2,747762	-0,332473	100,791	-0,135973	22,690000	51,950000
2,745816	-0,241687	100,891	-0,135937	22,690000	51,950000
2,743812	-0,307936	100,991	-0,135963	22,690000	51,950000
2,741808	-0,290760	101,093	-0,135957	22,690000	51,950000
2,739791	-0,332473	101,194	-0,135973	22,690000	51,950000
2,737839	-0,424486	101,294	-0,136010	22,690000	51,950000
2,735752	0,008588	101,394	-0,135837	22,690000	51,950000
2,733743	-0,607284	101,495	-0,136083	22,690000	51,950000
2,731868	-0,149674	101,596	-0,135900	22,690000	51,950000
2,729741	-0,100601	101,696	-0,135881	22,690000	51,950000
2,727831	-0,074837	101,796	-0,135871	22,690000	51,950000
2,725755	-0,149674	101,896	-0,135900	22,690000	51,950000
2,723739	-0,290760	101,996	-0,135957	22,690000	51,950000
2,721806	-0,100601	102,096	-0,135881	22,690000	51,950000
2,719787	-0,041712	102,196	-0,135857	22,690000	51,950000
2,717756	-0,017176	102,297	-0,135848	22,690000	51,950000
2,715825	-0,066249	102,398	-0,135867	22,690000	51,950000
2,713808	-0,233099	102,498	-0,135934	22,690000	51,950000
2,711782	-0,058888	102,598	-0,135864	22,690000	51,950000
2,709813	-0,431847	102,698	-0,136013	22,690000	51,950000
2,707807	-0,224511	102,798	-0,135930	22,690000	51,950000
2,705765	-0,066249	102,898	-0,135867	22,690000	51,950000
2,703770	-0,257636	102,999	-0,135943	22,690000	51,950000
2,701795	-0,133725	103,100	-0,135894	22,690000	51,950000
2,699690	0,107962	103,200	-0,135798	22,690000	51,950000
2,697764	-0,066249	103,300	-0,135867	22,690000	51,950000
2,695796	0,090786	103,401	-0,135805	22,690000	51,950000
2,693780	-0,092013	103,501	-0,135877	22,690000	51,950000
2,691819	-0,374185	103,601	-0,135990	22,690000	51,950000
2,689764	0,033125	103,702	-0,135828	22,690000	51,950000
2,687776	-0,382773	103,802	-0,135993	22,690000	51,950000
2,685741	-0,008588	103,902	-0,135844	22,690000	51,950000
2,683758	-0,116550	104,002	-0,135887	22,690000	51,950000
2,681732	-0,058888	104,102	-0,135864	22,690000	51,950000
2,679802	-0,024537	104,203	-0,135851	22,690000	51,950000
2,677781	-0,166850	104,303	-0,135907	22,690000	51,950000
2,675807	-0,249048	104,403	-0,135940	22,690000	51,935000
2,673777	0,174211	104,503	-0,135771	22,690000	51,935000
2,671807	-0,199974	104,603	-0,135920	22,690000	51,935000
2,669768	-0,100601	104,703	-0,135881	22,690000	51,935000
2,667827	0,015949	104,803	-0,135834	22,690000	51,935000
2,665857	0,074837	104,903	-0,135811	22,690000	51,935000
2,663791	0,049073	105,003	-0,135821	22,690000	51,935000
2,661831	-0,058888	105,103	-0,135864	22,690000	51,935000
2,659784	-0,116550	105,204	-0,135887	22,690000	51,935000
2,657807	-0,158262	105,304	-0,135904	22,690000	51,935000
2,655771	-0,050300	105,405	-0,135861	22,690000	51,935000
2,653757	0,024537	105,506	-0,135831	22,690000	51,935000
2,651764	0,099374	105,606	-0,135801	22,690000	51,935000
2,649805	0,049073	105,707	-0,135821	22,690000	51,935000
2,647756	0,224511	105,807	-0,135751	22,690000	51,935000
2,645817	-0,116550	105,907	-0,135887	22,690000	51,935000
2,643845	0,132498	106,007	-0,135788	22,690000	51,935000
2,641797	0,082198	106,107	-0,135808	22,690000	51,935000
2,639749	0,123911	106,208	-0,135792	22,690000	51,935000
2,637799	-0,041712	106,308	-0,135857	22,690000	51,935000
2,635815	0,040486	106,408	-0,135825	22,700000	51,925000
2,633811	-0,017176	106,509	-0,135848	22,700000	51,925000
2,631803	-0,215923	106,609	-0,135927	22,700000	51,925000
2,629859	0,224511	106,709	-0,135751	22,700000	51,925000
2,627793	-0,100601	106,810	-0,135881	22,700000	51,925000
2,625718	-0,074837	106,910	-0,135871	22,700000	51,925000
2,623775	0,149674	107,010	-0,135781	22,700000	51,925000
2,621838	0,015949	107,110	-0,135834	22,700000	51,925000
2,619797	-0,274812	107,210	-0,135950	22,700000	51,925000
2,617827	-0,033125	107,311	-0,135854	22,700000	51,925000
2,615866	0,099374	107,411	-0,135801	22,700000	51,925000
2,613776	-0,066249	107,511	-0,135867	22,700000	51,925000
2,611802	0,033125	107,611	-0,135828	22,700000	51,925000
2,609768	-0,074837	107,711	-0,135871	22,700000	51,925000
2,607734	-0,008588	107,811	-0,135844	22,700000	51,925000
2,605838	0,074837	107,912	-0,135811	22,700000	51,925000
2,603717	0,233099	108,012	-0,135748	22,700000	51,925000
2,601787	0,282173	108,113	-0,135729	22,700000	51,925000
2,599766	0,149674	108,214	-0,135781	22,700000	51,925000
2,597734	0,000000	108,314	-0,135841	22,700000	51,925000
2,595791	0,149674	108,415	-0,135781	22,700000	51,925000
2,593828	0,107962	108,515	-0,135798	22,700000	51,925000
2,591800	-0,008588	108,615	-0,135844	22,700000	51,925000
2,589736	0,049073	108,715	-0,135821	22,700000	51,925000
2,587828	0,033125	108,816	-0,135828	22,700000	51,925000
2,585770	-0,249048	108,917	-0,135940	22,700000	51,925000
2,583787	0,207336	109,017	-0,135758	22,700000	51,925000
2,581762	0,257636	109,117	-0,135738	22,700000	51,925000
2,579768	0,099374	109,217	-0,135801	22,700000	51,925000
2,577777	0,057661	109,318	-0,135818	22,700000	51,925000
2,575771	-0,041712	109,419	-0,135857	22,700000	51,925000
2,573855	0,000000	109,519	-0,135841	22,700000	51,925000
2,571807	0,257636	109,619	-0,135738	22,700000	51,925000
2,569755	0,090786	109,720	-0,135805	22,700000	51,925000
2,567783	-0,017176	109,820	-0,135848	22,700000	51,925000
2,565776	0,332473	109,920	-0,135708	22,700000	51,925000
2,563799	0,174211	110,021	-0,135771	22,700000	51,925000
2,561816	0,066249	110,122	-0,135814	22,700000	51,925000
2,559795	0,066249	110,223	-0,135814	22,700000	51,925000
2,557774	0,116550	110,324	-0,135794	22,700000	51,925000
2,555819	0,074837	110,425	-0,135811	22,690000	51,935000
2,553768	0,074837	110,526	-0,135811	22,690000	51,935000
2,551800	0,182799	110,627	-0,135768	22,690000	51,935000
