Quasi static measurement routine
Tip parameters (shape,radius, material...) 
24.08.2022

Piezo position[nm]	MEMS displ.[nm]	Time[ms]	Cap [pf]	Temp [°C]	Rh [%]
eoh
2,633714	0,149674	0,211	-0,135801	22,710000	52,245000
2,635738	0,116550	0,312	-0,135814	22,710000	52,245000
2,637710	0,440435	0,412	-0,135686	22,710000	52,245000
2,639744	0,299348	0,512	-0,135742	22,710000	52,245000
2,641743	0,000000	0,612	-0,135861	22,710000	52,245000
2,643681	0,374185	0,712	-0,135712	22,710000	52,245000
2,645690	0,058888	0,812	-0,135837	22,710000	52,245000
2,647793	0,257636	0,912	-0,135758	22,710000	52,245000
2,649744	-0,125137	1,012	-0,135911	22,710000	52,245000
2,651726	0,233099	1,112	-0,135768	22,710000	52,245000
2,653768	0,199974	1,212	-0,135781	22,710000	52,260000
2,655724	0,166850	1,312	-0,135794	22,710000	52,260000
2,657729	0,266224	1,412	-0,135755	22,710000	52,260000
2,659705	0,074837	1,512	-0,135831	22,710000	52,260000
2,661732	0,274812	1,612	-0,135751	22,710000	52,260000
2,663744	0,149674	1,712	-0,135801	22,710000	52,260000
2,665718	0,208562	1,812	-0,135778	22,710000	52,260000
2,667764	0,083425	1,912	-0,135828	22,710000	52,260000
2,669714	0,233099	2,012	-0,135768	22,710000	52,260000
2,671779	0,090786	2,112	-0,135825	22,710000	52,260000
2,673738	0,299348	2,212	-0,135742	22,710000	52,260000
2,675758	0,208562	2,313	-0,135778	22,710000	52,260000
2,677707	0,283399	2,413	-0,135748	22,710000	52,260000
2,679756	-0,033125	2,513	-0,135874	22,710000	52,260000
2,681752	0,083425	2,613	-0,135828	22,710000	52,260000
2,683724	0,099374	2,714	-0,135821	22,710000	52,260000
2,685756	0,141086	2,814	-0,135805	22,710000	52,260000
2,687722	-0,041712	2,914	-0,135877	22,710000	52,260000
2,689704	0,182799	3,014	-0,135788	22,710000	52,260000
2,691772	0,323885	3,114	-0,135732	22,710000	52,260000
2,693755	0,158262	3,214	-0,135798	22,730000	52,250000
2,695703	0,290760	3,315	-0,135745	22,730000	52,250000
2,697754	0,199974	3,415	-0,135781	22,730000	52,250000
2,699765	0,166850	3,516	-0,135794	22,730000	52,250000
2,701748	0,224511	3,616	-0,135771	22,730000	52,250000
2,703740	0,008588	3,716	-0,135857	22,730000	52,250000
2,705741	0,332473	3,816	-0,135729	22,730000	52,250000
2,707716	0,099374	3,916	-0,135821	22,730000	52,250000
2,709702	0,215923	4,016	-0,135775	22,730000	52,250000
2,711756	0,199974	4,116	-0,135781	22,730000	52,250000
2,713753	0,323885	4,217	-0,135732	22,730000	52,250000
2,715692	-0,116550	4,317	-0,135907	22,730000	52,250000
2,717719	-0,083425	4,418	-0,135894	22,730000	52,250000
2,719741	0,141086	4,519	-0,135805	22,730000	52,250000
2,721748	0,199974	4,619	-0,135781	22,730000	52,250000
2,723673	0,249048	4,719	-0,135762	22,730000	52,250000
2,725736	0,050300	4,820	-0,135841	22,730000	52,250000
2,727752	0,058888	4,921	-0,135837	22,730000	52,250000
2,729705	-0,033125	5,021	-0,135874	22,730000	52,250000
2,731730	0,025764	5,121	-0,135851	22,730000	52,250000
2,733765	0,149674	5,221	-0,135801	22,720000	52,260000
2,735759	-0,149674	5,321	-0,135920	22,720000	52,260000
2,737730	0,390134	5,421	-0,135706	22,720000	52,260000
2,739759	-0,099374	5,522	-0,135900	22,720000	52,260000
2,741699	0,208562	5,622	-0,135778	22,720000	52,260000
2,743695	0,174211	5,722	-0,135792	22,720000	52,260000
2,745745	0,050300	5,822	-0,135841	22,720000	52,260000
2,747730	0,224511	5,922	-0,135771	22,720000	52,260000
2,749753	-0,008588	6,022	-0,135864	22,720000	52,260000
2,751785	0,174211	6,123	-0,135792	22,720000	52,260000
2,753705	0,141086	6,224	-0,135805	22,720000	52,260000
2,755744	-0,198748	6,324	-0,135940	22,720000	52,260000
2,757726	0,149674	6,424	-0,135801	22,720000	52,260000
2,759783	-0,041712	6,524	-0,135877	22,720000	52,260000
2,761702	0,090786	6,624	-0,135825	22,720000	52,260000
2,763752	0,008588	6,724	-0,135857	22,720000	52,260000
2,765740	0,482147	6,824	-0,135669	22,720000	52,260000
2,767742	-0,149674	6,924	-0,135920	22,720000	52,260000
2,769688	0,008588	7,025	-0,135857	22,720000	52,260000
2,771696	0,199974	7,125	-0,135781	22,720000	52,260000
2,773742	0,166850	7,226	-0,135794	22,730000	52,275000
2,775625	0,050300	7,326	-0,135841	22,730000	52,275000
2,777692	0,199974	7,426	-0,135781	22,730000	52,275000
2,779731	0,125137	7,527	-0,135811	22,730000	52,275000
2,781729	0,107962	7,627	-0,135818	22,730000	52,275000
2,783742	0,141086	7,727	-0,135805	22,730000	52,275000
2,785728	-0,090786	7,827	-0,135897	22,730000	52,275000
2,787697	0,090786	7,927	-0,135825	22,730000	52,275000
2,789746	0,017176	8,028	-0,135854	22,730000	52,275000
2,791683	0,149674	8,128	-0,135801	22,730000	52,275000
2,793730	0,058888	8,228	-0,135837	22,730000	52,275000
2,795688	-0,050300	8,328	-0,135881	22,730000	52,275000
2,797716	0,066249	8,428	-0,135834	22,730000	52,275000
2,799697	0,041712	8,529	-0,135844	22,730000	52,275000
2,801700	0,174211	8,629	-0,135792	22,730000	52,275000
2,803702	0,033125	8,729	-0,135848	22,730000	52,275000
2,805744	-0,066249	8,829	-0,135887	22,730000	52,275000
2,807685	-0,008588	8,929	-0,135864	22,730000	52,275000
2,809708	0,107962	9,030	-0,135818	22,730000	52,275000
2,811738	0,058888	9,130	-0,135837	22,730000	52,275000
2,813687	-0,050300	9,230	-0,135881	22,730000	52,275000
2,815749	-0,182799	9,330	-0,135934	22,730000	52,275000
2,817730	0,017176	9,430	-0,135854	22,730000	52,275000
2,819694	0,074837	9,530	-0,135831	22,730000	52,275000
2,821714	-0,224511	9,630	-0,135950	22,730000	52,275000
2,823654	0,008588	9,730	-0,135857	22,730000	52,275000
2,825693	-0,050300	9,830	-0,135881	22,730000	52,275000
2,827693	-0,149674	9,930	-0,135920	22,730000	52,275000
2,829744	-0,050300	10,030	-0,135881	22,730000	52,275000
2,831661	0,116550	10,130	-0,135814	22,730000	52,275000
2,833726	-0,015949	10,230	-0,135867	22,730000	52,275000
2,835694	-0,141086	10,330	-0,135917	22,730000	52,275000
2,837734	-0,357010	10,431	-0,136003	22,730000	52,275000
2,839749	0,107962	10,531	-0,135818	22,730000	52,275000
2,841691	-0,174211	10,631	-0,135930	22,730000	52,275000
2,843740	-0,057661	10,731	-0,135884	22,730000	52,275000
2,845707	-0,033125	10,831	-0,135874	22,730000	52,275000
2,847691	-0,141086	10,931	-0,135917	22,730000	52,275000
2,849732	-0,174211	11,031	-0,135930	22,730000	52,275000
2,851680	0,050300	11,131	-0,135841	22,730000	52,275000
2,853773	-0,174211	11,232	-0,135930	22,730000	52,225000
2,855750	-0,090786	11,332	-0,135897	22,730000	52,225000
2,857754	-0,141086	11,432	-0,135917	22,730000	52,225000
2,859715	-0,083425	11,532	-0,135894	22,730000	52,225000
2,861723	-0,074837	11,633	-0,135891	22,730000	52,225000
2,863672	-0,015949	11,733	-0,135867	22,730000	52,225000
2,865766	0,199974	11,834	-0,135781	22,730000	52,225000
2,867741	0,017176	11,935	-0,135854	22,730000	52,225000
2,869725	-0,332473	12,035	-0,135993	22,730000	52,225000
2,871720	-0,066249	12,136	-0,135887	22,730000	52,225000
2,873701	0,241687	12,237	-0,135765	22,730000	52,225000
2,875721	-0,008588	12,337	-0,135864	22,730000	52,225000
2,877694	0,033125	12,438	-0,135848	22,730000	52,225000
2,879696	-0,266224	12,539	-0,135967	22,730000	52,225000
2,881696	-0,257636	12,639	-0,135963	22,730000	52,225000
2,883738	-0,157035	12,739	-0,135923	22,730000	52,225000
2,885724	-0,050300	12,840	-0,135881	22,730000	52,225000
2,887701	-0,381546	12,941	-0,136013	22,730000	52,225000
2,889756	-0,074837	13,041	-0,135891	22,730000	52,225000
2,891698	-0,116550	13,141	-0,135907	22,730000	52,225000
2,893733	0,149674	13,241	-0,135801	22,720000	52,260000
2,895716	-0,182799	13,341	-0,135934	22,720000	52,260000
2,897708	-0,107962	13,441	-0,135904	22,720000	52,260000
2,899720	-0,191387	13,541	-0,135937	22,720000	52,260000
2,901722	-0,149674	13,641	-0,135920	22,720000	52,260000
2,903668	-0,157035	13,741	-0,135923	22,720000	52,260000
2,905747	-0,307936	13,841	-0,135983	22,720000	52,260000
2,907660	-0,233099	13,941	-0,135954	22,720000	52,260000
2,909721	-0,198748	14,041	-0,135940	22,720000	52,260000
2,911668	-0,233099	14,142	-0,135954	22,720000	52,260000
2,913740	-0,266224	14,243	-0,135967	22,720000	52,260000
2,915656	-0,090786	14,344	-0,135897	22,720000	52,260000
2,917666	-0,381546	14,445	-0,136013	22,720000	52,260000
2,919690	-0,083425	14,545	-0,135894	22,720000	52,260000
2,921708	-0,407310	14,645	-0,136023	22,720000	52,260000
2,923726	-0,149674	14,745	-0,135920	22,720000	52,260000
2,925719	-0,198748	14,845	-0,135940	22,720000	52,260000
2,927699	-0,290760	14,946	-0,135977	22,720000	52,260000
2,929700	-0,282173	15,047	-0,135973	22,720000	52,260000
2,931708	-0,365598	15,148	-0,136006	22,720000	52,260000
2,933741	0,025764	15,248	-0,135851	22,730000	52,290000
2,935694	-0,107962	15,348	-0,135904	22,730000	52,290000
2,937722	-0,414671	15,448	-0,136026	22,730000	52,290000
2,939710	-0,407310	15,549	-0,136023	22,730000	52,290000
2,941688	-0,307936	15,649	-0,135983	22,730000	52,290000
2,943679	-0,233099	15,750	-0,135954	22,730000	52,290000
2,945717	-0,266224	15,850	-0,135967	22,730000	52,290000
2,947707	-0,307936	15,950	-0,135983	22,730000	52,290000
2,949706	-0,157035	16,050	-0,135923	22,730000	52,290000
2,951700	-0,215923	16,150	-0,135947	22,730000	52,290000
2,953705	-0,307936	16,250	-0,135983	22,730000	52,290000
2,955719	-0,282173	16,350	-0,135973	22,730000	52,290000
2,957661	-0,290760	16,451	-0,135977	22,730000	52,290000
2,959714	-0,266224	16,551	-0,135967	22,730000	52,290000
2,961677	-0,282173	16,651	-0,135973	22,730000	52,290000
2,963683	-0,290760	16,751	-0,135977	22,730000	52,290000
2,965662	-0,407310	16,851	-0,136023	22,730000	52,290000
2,967684	-0,132498	16,951	-0,135914	22,730000	52,290000
2,969730	-0,449022	17,051	-0,136040	22,730000	52,290000
2,971742	-0,482147	17,151	-0,136053	22,730000	52,290000
2,973679	-0,572933	17,251	-0,136089	22,730000	52,290000
2,975672	-0,581521	17,351	-0,136092	22,730000	52,290000
2,977690	-0,531221	17,451	-0,136072	22,730000	52,290000
2,979707	-0,323885	17,551	-0,135990	22,730000	52,290000
2,981682	-0,449022	17,651	-0,136040	22,730000	52,290000
2,983729	-0,772908	17,752	-0,136168	22,730000	52,290000
2,985682	-0,307936	17,852	-0,135983	22,730000	52,290000
2,987669	-0,423259	17,952	-0,136029	22,730000	52,290000
2,989717	-0,423259	18,052	-0,136029	22,730000	52,290000
2,991702	-0,407310	18,152	-0,136023	22,730000	52,290000
2,993683	-0,090786	18,252	-0,135897	22,730000	52,290000
2,995712	-0,282173	18,353	-0,135973	22,730000	52,290000
2,997738	-0,398722	18,454	-0,136020	22,730000	52,290000
2,999658	-0,431847	18,554	-0,136033	22,730000	52,290000
3,001670	-0,307936	18,654	-0,135983	22,730000	52,290000
3,003715	-0,299348	18,754	-0,135980	22,730000	52,290000
3,005700	-0,315297	18,854	-0,135986	22,730000	52,290000
3,007710	-0,349649	18,954	-0,136000	22,730000	52,290000
3,009765	-0,473559	19,055	-0,136049	22,730000	52,290000
3,011635	-0,748371	19,155	-0,136159	22,720000	52,260000
3,013635	-0,390134	19,255	-0,136016	22,720000	52,260000
3,015732	-0,207336	19,356	-0,135943	22,720000	52,260000
3,017690	-0,198748	19,456	-0,135940	22,720000	52,260000
3,019702	-0,440435	19,556	-0,136036	22,720000	52,260000
3,021645	-0,050300	19,657	-0,135881	22,720000	52,260000
3,023690	-0,598697	19,758	-0,136099	22,720000	52,260000
3,025701	-0,365598	19,859	-0,136006	22,720000	52,260000
3,027667	-0,515272	19,959	-0,136066	22,720000	52,260000
3,029714	-0,398722	20,059	-0,136020	22,720000	52,260000
3,031685	-0,498096	20,159	-0,136059	22,720000	52,260000
3,033685	-0,456383	20,259	-0,136042	22,720000	52,260000
3,035697	-0,381546	20,359	-0,136013	22,720000	52,260000
3,037709	-0,673534	20,459	-0,136129	22,720000	52,260000
3,039695	-0,357010	20,559	-0,136003	22,720000	52,260000
3,041667	-0,539808	20,659	-0,136076	22,720000	52,260000
3,043672	-0,556984	20,759	-0,136083	22,720000	52,260000
3,045687	-0,482147	20,859	-0,136053	22,720000	52,260000
3,047698	-0,473559	20,959	-0,136049	22,720000	52,260000
3,049669	-0,266224	21,060	-0,135967	22,720000	52,260000
3,051739	-0,664946	21,160	-0,136125	22,720000	52,220000
3,053657	-0,174211	21,261	-0,135930	22,720000	52,220000
3,055696	-0,748371	21,362	-0,136159	22,720000	52,220000
3,057698	-0,714019	21,462	-0,136145	22,720000	52,220000
3,059691	-0,440435	21,562	-0,136036	22,720000	52,220000
3,061732	-0,614645	21,662	-0,136105	22,720000	52,220000
3,063735	-0,523860	21,762	-0,136069	22,720000	52,220000
3,065668	-0,590109	21,862	-0,136096	22,720000	52,220000
3,067722	-0,698070	21,963	-0,136139	22,720000	52,220000
3,069674	-0,739783	22,063	-0,136155	22,720000	52,220000
3,071745	-0,698070	22,163	-0,136139	22,720000	52,220000
3,073697	-0,772908	22,263	-0,136168	22,720000	52,220000
3,075643	-0,548396	22,363	-0,136079	22,720000	52,220000
3,077647	-0,598697	22,464	-0,136099	22,720000	52,220000
3,079699	-0,673534	22,564	-0,136129	22,720000	52,220000
3,081661	-0,498096	22,664	-0,136059	22,720000	52,220000
3,083654	-0,673534	22,764	-0,136129	22,720000	52,220000
3,085679	-0,449022	22,865	-0,136040	22,720000	52,220000
3,087748	-0,698070	22,966	-0,136139	22,720000	52,220000
3,089653	-0,639182	23,066	-0,136115	22,720000	52,220000
3,091702	-0,606058	23,166	-0,136102	22,720000	52,245000
3,093671	-0,572933	23,267	-0,136089	22,720000	52,245000
3,095726	-0,880869	23,367	-0,136211	22,720000	52,245000
3,097685	-0,680895	23,467	-0,136132	22,720000	52,245000
3,099709	-0,647770	23,567	-0,136119	22,720000	52,245000
3,101675	-0,614645	23,668	-0,136105	22,720000	52,245000
3,103688	-0,764320	23,769	-0,136165	22,720000	52,245000
3,105611	-0,847745	23,869	-0,136198	22,720000	52,245000
3,107673	-0,539808	23,969	-0,136076	22,720000	52,245000
3,109693	-0,706658	24,069	-0,136142	22,720000	52,245000
3,111698	-0,722607	24,169	-0,136148	22,720000	52,245000
3,113668	-0,889457	24,269	-0,136215	22,720000	52,245000
3,115706	-0,922582	24,370	-0,136228	22,720000	52,245000
3,117639	-0,814620	24,470	-0,136185	22,720000	52,245000
3,119678	-0,423259	24,570	-0,136029	22,720000	52,245000
3,121701	-1,129917	24,670	-0,136311	22,720000	52,245000
3,123687	-0,706658	24,770	-0,136142	22,720000	52,245000
3,125677	-1,013368	24,870	-0,136264	22,720000	52,245000
3,127642	-0,714019	24,970	-0,136145	22,720000	52,245000
3,129673	-0,839157	25,070	-0,136195	22,720000	52,245000
3,131663	-0,880869	25,171	-0,136211	22,720000	52,245000
3,133649	-0,839157	25,271	-0,136195	22,720000	52,245000
3,135669	-0,814620	25,371	-0,136185	22,720000	52,245000
3,137649	-0,797444	25,471	-0,136178	22,720000	52,245000
3,139668	-0,847745	25,571	-0,136198	22,720000	52,245000
3,141723	-0,913994	25,672	-0,136225	22,720000	52,245000
3,143713	-1,055080	25,772	-0,136281	22,720000	52,245000
3,145687	-0,880869	25,872	-0,136211	22,720000	52,245000
3,147682	-0,581521	25,972	-0,136092	22,720000	52,245000
3,149666	-0,755732	26,073	-0,136162	22,720000	52,245000
3,151621	-1,113968	26,173	-0,136304	22,720000	52,245000
3,153680	-1,072256	26,273	-0,136288	22,720000	52,245000
3,155686	-1,204754	26,374	-0,136340	22,720000	52,245000
3,157659	-1,279591	26,474	-0,136370	22,720000	52,245000
3,159659	-60,160421	26,574	-0,159805	22,720000	52,245000
3,161689	-64,665368	26,674	-0,161598	22,720000	52,245000
3,163695	-65,412512	26,774	-0,161895	22,720000	52,245000
3,165706	-65,894659	26,874	-0,162087	22,720000	52,245000
3,167648	-65,097215	26,974	-0,161770	22,720000	52,245000
3,169613	-64,813815	27,076	-0,161657	22,720000	52,245000
3,171682	-64,515694	27,176	-0,161538	22,710000	52,245000
3,173665	-63,675310	27,276	-0,161204	22,710000	52,245000
3,175638	-62,503681	27,377	-0,160737	22,710000	52,245000
3,177653	-61,739361	27,477	-0,160433	22,710000	52,245000
3,179679	-61,140664	27,577	-0,160195	22,710000	52,245000
3,181665	-60,435233	27,677	-0,159914	22,710000	52,245000
3,183722	-59,869661	27,777	-0,159689	22,710000	52,245000
3,185687	-59,196127	27,877	-0,159421	22,710000	52,245000
3,187654	-58,448983	27,977	-0,159124	22,710000	52,245000
3,189698	-58,614606	28,077	-0,159189	22,710000	52,245000
3,191691	-58,090747	28,177	-0,158981	22,710000	52,245000
3,193735	-57,234414	28,278	-0,158640	22,710000	52,245000
3,195689	-56,403845	28,378	-0,158310	22,710000	52,245000
3,197720	-54,915692	28,478	-0,157717	22,710000	52,245000
3,199705	-54,085123	28,578	-0,157387	22,710000	52,245000
3,201690	-53,204254	28,678	-0,157036	22,710000	52,245000
3,203665	-53,445941	28,779	-0,157132	22,710000	52,245000
3,205668	-51,957787	28,879	-0,156540	22,710000	52,245000
3,207680	-51,110042	28,979	-0,156203	22,710000	52,245000
3,209657	-50,245122	29,079	-0,155858	22,710000	52,245000
3,211665	-50,528522	29,179	-0,155971	22,710000	52,245000
3,213658	-49,705314	29,279	-0,155644	22,710000	52,245000
3,215684	-49,132381	29,379	-0,155416	22,710000	52,245000
3,217661	-48,159499	29,479	-0,155028	22,710000	52,245000
3,219686	-47,503141	29,579	-0,154767	22,710000	52,245000
3,221715	-45,990450	29,679	-0,154165	22,710000	52,245000
3,223687	-46,073875	29,779	-0,154198	22,710000	52,245000
3,225669	-44,710859	29,879	-0,153656	22,710000	52,245000
3,227628	-44,079038	29,979	-0,153404	22,710000	52,245000
3,229689	-43,273006	30,079	-0,153083	22,710000	52,245000
3,231637	-42,017951	30,179	-0,152584	22,710000	52,245000
3,233671	-41,095369	30,279	-0,152217	22,710000	52,245000
3,235630	-40,240264	30,379	-0,151876	22,710000	52,245000
3,237650	-40,057465	30,480	-0,151804	22,710000	52,245000
3,239662	-39,359395	30,580	-0,151526	22,710000	52,245000
3,241625	-38,577899	30,680	-0,151215	22,710000	52,245000
3,243667	-37,206295	30,781	-0,150669	22,710000	52,245000
3,245667	-37,305669	30,881	-0,150708	22,710000	52,245000
3,247597	-36,267765	30,982	-0,150295	22,710000	52,245000
3,249679	-35,777030	31,083	-0,150100	22,710000	52,245000
3,251713	-33,898742	31,183	-0,149353	22,720000	52,220000
3,253718	-34,123253	31,283	-0,149442	22,720000	52,220000
3,255682	-33,724531	31,384	-0,149283	22,720000	52,220000
3,257580	-31,621732	31,484	-0,148446	22,720000	52,220000
3,259672	-31,820479	31,584	-0,148525	22,720000	52,220000
3,261642	-31,106460	31,684	-0,148241	22,720000	52,220000
3,263694	-30,582601	31,784	-0,148033	22,720000	52,220000
3,265689	-29,428147	31,885	-0,147573	22,720000	52,220000
3,267660	-27,814856	31,986	-0,146931	22,720000	52,220000
3,269698	-28,039367	32,086	-0,147021	22,720000	52,220000
3,271661	-27,067712	32,186	-0,146634	22,720000	52,220000
3,273685	-26,451839	32,286	-0,146389	22,720000	52,220000
3,275666	-24,724452	32,387	-0,145701	22,720000	52,220000
3,277651	-25,015213	32,489	-0,145817	22,720000	52,220000
3,279612	-24,167468	32,589	-0,145479	22,720000	52,220000
3,281655	-21,998420	32,690	-0,144616	22,720000	52,220000
3,283683	-21,465972	32,790	-0,144404	22,720000	52,220000
3,285721	-20,609640	32,890	-0,144063	22,720000	52,220000
3,287620	-19,895621	32,990	-0,143779	22,720000	52,220000
3,289650	-18,990215	33,090	-0,143419	22,720000	52,220000
3,291683	-18,116707	33,190	-0,143071	22,730000	52,210000
3,293655	-18,083582	33,290	-0,143058	22,730000	52,210000
3,295613	-17,676272	33,390	-0,142896	22,730000	52,210000
3,297625	-16,945077	33,490	-0,142605	22,730000	52,210000
3,299640	-16,288719	33,590	-0,142344	22,730000	52,210000
3,301671	-15,465511	33,690	-0,142016	22,730000	52,210000
3,303699	-14,718367	33,790	-0,141719	22,730000	52,210000
3,305651	-13,505025	33,890	-0,141236	22,730000	52,210000
3,307677	-11,917498	33,990	-0,140604	22,730000	52,210000
3,309687	-12,199670	34,090	-0,140716	22,730000	52,210000
3,311638	-11,518776	34,190	-0,140445	22,730000	52,210000
3,313628	-10,662443	34,290	-0,140104	22,730000	52,210000
3,315629	-8,667606	34,392	-0,139311	22,730000	52,210000
3,317664	-7,670187	34,492	-0,138914	22,730000	52,210000
3,319650	-7,172091	34,593	-0,138715	22,730000	52,210000
3,321645	-6,049535	34,693	-0,138269	22,730000	52,210000
3,323668	-5,077880	34,793	-0,137882	22,730000	52,210000
3,325625	-5,126953	34,893	-0,137901	22,730000	52,210000
3,327652	-4,911030	34,993	-0,137815	22,730000	52,210000
3,329579	-3,979860	35,093	-0,137445	22,730000	52,210000
3,331596	-1,770326	35,193	-0,136565	22,720000	52,270000
3,333667	-1,645189	35,293	-0,136516	22,720000	52,270000
3,335665	-0,706658	35,393	-0,136142	22,720000	52,270000
3,337601	0,856332	35,493	-0,135520	22,720000	52,270000
3,339591	1,521278	35,593	-0,135255	22,720000	52,270000
3,341693	2,527285	35,693	-0,134855	22,720000	52,270000
3,343661	3,291605	35,793	-0,134551	22,720000	52,270000
3,345654	3,183643	35,894	-0,134594	22,720000	52,270000
3,347703	4,080461	35,994	-0,134237	22,720000	52,270000
3,349642	4,987094	36,094	-0,133876	22,720000	52,270000
3,351629	6,141548	36,194	-0,133417	22,720000	52,270000
3,353640	6,822442	36,294	-0,133146	22,720000	52,270000
3,355672	8,352308	36,394	-0,132537	22,720000	52,270000
3,357604	9,323964	36,495	-0,132150	22,720000	52,270000
3,359617	9,947197	36,596	-0,131902	22,720000	52,270000
3,361629	11,269728	36,696	-0,131375	22,720000	52,270000
3,363611	12,707581	36,796	-0,130803	22,720000	52,270000
3,365660	13,106303	36,897	-0,130645	22,720000	52,270000
3,367641	13,920923	36,997	-0,130320	22,720000	52,270000
3,369636	15,000540	37,097	-0,129891	22,720000	52,270000
3,371704	15,499863	37,197	-0,129692	22,720000	52,270000
3,373682	16,330431	37,298	-0,129361	22,720000	52,270000
3,375656	17,070214	37,399	-0,129067	22,720000	52,270000
3,377666	17,884834	37,499	-0,128743	22,720000	52,270000
3,379613	19,355812	37,600	-0,128157	22,720000	52,270000
3,381622	20,269806	37,701	-0,127793	22,720000	52,270000
3,383619	20,818202	37,801	-0,127575	22,720000	52,270000
3,385624	23,020375	37,902	-0,126699	22,720000	52,270000
3,387668	24,183417	38,002	-0,126236	22,720000	52,270000
3,389648	24,907251	38,102	-0,125948	22,720000	52,270000
3,391608	25,015213	38,202	-0,125905	22,720000	52,270000
3,393626	25,563609	38,302	-0,125687	22,720000	52,270000
3,395614	26,585565	38,403	-0,125280	22,720000	52,270000
3,397626	27,300811	38,503	-0,124995	22,720000	52,270000
3,399650	15,474099	38,603	-0,129702	22,720000	52,270000
3,401622	8,394021	38,704	-0,132520	22,720000	52,270000
3,403666	0,548396	38,804	-0,135643	22,720000	52,270000
3,405621	0,407310	38,905	-0,135699	22,720000	52,270000
3,407665	0,748371	39,005	-0,135563	22,720000	52,270000
3,409610	2,875707	39,105	-0,134716	22,720000	52,270000
3,411638	2,153099	39,206	-0,135004	22,730000	52,210000
3,413652	3,465815	39,306	-0,134481	22,730000	52,210000
3,415657	3,906250	39,406	-0,134306	22,730000	52,210000
3,417637	5,018991	39,506	-0,133863	22,730000	52,210000
3,419624	7,205216	39,606	-0,132993	22,730000	52,210000
3,421658	8,052960	39,707	-0,132656	22,730000	52,210000
3,423576	9,358315	39,807	-0,132136	22,730000	52,210000
3,425651	9,997497	39,907	-0,131882	22,730000	52,210000
3,427602	11,210839	40,007	-0,131399	22,730000	52,210000
3,429645	12,232795	40,108	-0,130992	22,730000	52,210000
3,431623	13,289102	40,208	-0,130572	22,730000	52,210000
3,433611	14,086546	40,308	-0,130254	22,730000	52,210000
3,435594	15,125677	40,408	-0,129841	22,730000	52,210000
3,437669	14,718367	40,508	-0,130003	22,730000	52,210000
3,439643	15,931709	40,609	-0,129520	22,730000	52,210000
3,441698	16,803991	40,709	-0,129173	22,730000	52,210000
3,443642	17,984208	40,809	-0,128703	22,730000	52,210000
3,445626	18,739940	40,909	-0,128402	22,730000	52,210000
3,447569	21,034126	41,009	-0,127489	22,730000	52,210000
3,449636	20,835378	41,109	-0,127568	22,730000	52,210000
3,451570	23,194586	41,209	-0,126629	22,720000	52,260000
3,453608	23,960133	41,309	-0,126325	22,720000	52,260000
3,455584	24,882714	41,409	-0,125958	22,720000	52,260000
3,457634	26,162306	41,509	-0,125448	22,720000	52,260000
3,459616	26,510727	41,609	-0,125310	22,720000	52,260000
3,461583	28,265105	41,709	-0,124611	22,720000	52,260000
3,463654	29,261297	41,810	-0,124215	22,720000	52,260000
3,465653	29,718907	41,910	-0,124033	22,720000	52,260000
3,467576	30,441514	42,011	-0,123745	22,720000	52,260000
3,469620	31,530946	42,111	-0,123312	22,720000	52,260000
3,471574	32,236377	42,211	-0,123031	22,720000	52,260000
3,473630	33,217847	42,311	-0,122640	22,720000	52,260000
3,475656	34,098716	42,411	-0,122290	22,720000	52,260000
3,477594	34,015291	42,511	-0,122323	22,720000	52,260000
3,479549	34,730537	42,611	-0,122038	22,720000	52,260000
3,481615	34,688825	42,711	-0,122055	22,720000	52,260000
3,483571	35,278934	42,811	-0,121820	22,720000	52,260000
3,485637	35,137847	42,911	-0,121876	22,720000	52,260000
3,487665	36,516813	43,011	-0,121327	22,720000	52,260000
3,489588	36,010129	43,113	-0,121529	22,720000	52,260000
3,491569	34,472902	43,213	-0,122141	22,720000	52,230000
3,493589	34,920697	43,313	-0,121962	22,720000	52,230000
3,495637	34,763662	43,413	-0,122025	22,720000	52,230000
3,497632	35,543931	43,513	-0,121714	22,720000	52,230000
3,499611	36,051841	43,613	-0,121512	22,720000	52,230000
3,501605	36,783036	43,713	-0,121221	22,720000	52,230000
3,503605	37,381733	43,813	-0,120983	22,720000	52,230000
3,505670	38,344800	43,914	-0,120600	22,720000	52,230000
3,507565	38,628200	44,015	-0,120487	22,720000	52,230000
3,509555	39,326270	44,115	-0,120209	22,720000	52,230000
3,511609	40,581325	44,215	-0,119709	22,720000	52,230000
3,513575	42,625236	44,316	-0,118896	22,720000	52,230000
3,515596	43,672955	44,416	-0,118479	22,720000	52,230000
3,517592	43,373606	44,516	-0,118598	22,720000	52,230000
3,519631	44,420099	44,616	-0,118182	22,720000	52,230000
3,521640	45,318143	44,717	-0,117824	22,720000	52,230000
3,523592	46,914259	44,818	-0,117189	22,720000	52,230000
3,525631	47,636866	44,919	-0,116901	22,720000	52,230000
3,527595	48,782732	45,019	-0,116445	22,720000	52,230000
3,529583	49,365480	45,120	-0,116213	22,720000	52,230000
3,531571	50,744445	45,220	-0,115665	22,710000	52,260000
3,533619	51,774988	45,320	-0,115254	22,710000	52,260000
3,535565	52,822707	45,420	-0,114837	22,710000	52,260000
3,537557	54,750069	45,520	-0,114070	22,710000	52,260000
3,539611	56,329008	45,620	-0,113442	22,710000	52,260000
3,541634	57,392676	45,720	-0,113019	22,710000	52,260000
3,543590	58,656319	45,820	-0,112516	22,710000	52,260000
3,545552	58,207296	45,921	-0,112694	22,710000	52,260000
3,547629	60,667105	46,021	-0,111715	22,710000	52,260000
3,549565	61,880447	46,121	-0,111232	22,710000	52,260000
3,551601	62,910990	46,221	-0,110822	22,710000	52,260000
3,553569	64,207758	46,321	-0,110306	22,710000	52,260000
3,555597	63,626237	46,421	-0,110538	22,710000	52,260000
3,557600	64,848167	46,521	-0,110051	22,710000	52,260000
3,559543	67,482186	46,621	-0,109003	22,710000	52,260000
3,561614	68,496781	46,721	-0,108599	22,710000	52,260000
3,563592	68,753190	46,822	-0,108497	22,710000	52,260000
3,565576	70,864577	46,923	-0,107657	22,710000	52,260000
3,567591	72,211644	47,023	-0,107121	22,710000	52,260000
3,569564	73,174711	47,124	-0,106737	22,710000	52,260000
3,571583	73,482648	47,224	-0,106615	22,710000	52,260000
3,573562	75,510610	47,324	-0,105808	22,710000	52,260000
3,575624	75,127836	47,424	-0,105960	22,710000	52,260000
3,577666	77,554521	47,524	-0,104994	22,710000	52,260000
3,579612	77,512808	47,625	-0,105011	22,710000	52,260000
3,581585	78,419441	47,725	-0,104650	22,710000	52,260000
3,583557	79,342023	47,826	-0,104283	22,710000	52,260000
3,585676	81,403109	47,927	-0,103462	22,710000	52,260000
3,587575	82,740362	48,028	-0,102930	22,710000	52,260000
3,589561	83,164848	48,128	-0,102761	22,710000	52,260000
3,591542	85,259059	48,228	-0,101928	22,710000	52,260000
3,593622	86,098216	48,328	-0,101594	22,710000	52,260000
3,595547	86,771749	48,428	-0,101326	22,710000	52,260000
3,597617	88,058702	48,528	-0,100813	22,710000	52,260000
3,599591	88,524900	48,628	-0,100628	22,710000	52,260000
3,601562	90,552862	48,728	-0,099821	22,710000	52,260000
3,603571	92,398025	48,828	-0,099086	22,710000	52,260000
3,605627	92,613949	48,928	-0,099000	22,710000	52,260000
3,607583	93,926665	49,029	-0,098478	22,710000	52,260000
3,609551	94,591610	49,129	-0,098213	22,710000	52,260000
3,611630	96,851445	49,229	-0,097314	22,730000	52,250000
3,613556	96,668646	49,329	-0,097387	22,730000	52,250000
3,615581	97,740902	49,430	-0,096960	22,730000	52,250000
3,617569	99,211880	49,530	-0,096375	22,730000	52,250000
3,619569	101,098755	49,630	-0,095624	22,730000	52,250000
3,621595	101,605439	49,730	-0,095422	22,730000	52,250000
3,623597	102,835957	49,830	-0,094932	22,730000	52,250000
3,625600	103,857913	49,930	-0,094525	22,730000	52,250000
3,627576	105,079843	50,030	-0,094039	22,730000	52,250000
3,629556	106,276009	50,130	-0,093563	22,730000	52,250000
3,631543	107,306552	50,230	-0,093153	22,730000	52,250000
3,633575	108,445057	50,330	-0,092700	22,730000	52,250000
3,633620	109,334514	50,431	-0,092346	22,730000	52,250000
3,633519	108,803294	50,532	-0,092557	22,730000	52,250000
3,633525	108,752993	50,632	-0,092577	22,730000	52,250000
3,633558	108,744406	50,732	-0,092581	22,730000	52,250000
3,633559	108,221773	50,833	-0,092789	22,730000	52,250000
3,633606	108,337096	50,933	-0,092743	22,730000	52,250000
3,633602	108,594731	51,033	-0,092640	22,730000	52,250000
3,633562	107,680738	51,134	-0,093004	22,730000	52,250000
3,633565	108,121172	51,234	-0,092829	22,710000	52,220000
3,633585	108,138348	51,335	-0,092822	22,710000	52,220000
3,633575	107,772750	51,435	-0,092967	22,710000	52,220000
3,633570	107,555600	51,535	-0,093054	22,710000	52,220000
3,633565	107,697913	51,635	-0,092997	22,710000	52,220000
3,633600	107,497939	51,735	-0,093077	22,710000	52,220000
3,633583	107,555600	51,836	-0,093054	22,710000	52,220000
3,633582	107,497939	51,936	-0,093077	22,710000	52,220000
3,633627	107,506527	52,036	-0,093073	22,710000	52,220000
3,633520	107,515115	52,137	-0,093070	22,710000	52,220000
3,633553	107,306552	52,238	-0,093153	22,710000	52,220000
3,633593	107,315140	52,338	-0,093149	22,710000	52,220000
3,633592	106,940955	52,438	-0,093298	22,710000	52,220000
3,633511	106,533645	52,538	-0,093460	22,710000	52,220000
3,633577	106,824405	52,639	-0,093345	22,710000	52,220000
3,633553	106,782693	52,739	-0,093361	22,710000	52,220000
3,633579	106,758156	52,840	-0,093371	22,710000	52,220000
3,633575	106,566769	52,940	-0,093447	22,710000	52,220000
3,633528	106,899242	53,040	-0,093315	22,710000	52,220000
3,633625	106,742207	53,140	-0,093377	22,710000	52,220000
3,633564	106,559408	53,240	-0,093450	22,730000	52,225000
3,633571	106,533645	53,340	-0,093460	22,730000	52,225000
3,633530	106,317721	53,440	-0,093546	22,730000	52,225000
3,633577	106,808456	53,540	-0,093351	22,730000	52,225000
3,633558	106,475983	53,640	-0,093483	22,730000	52,225000
3,633514	106,251472	53,741	-0,093573	22,730000	52,225000
3,633605	106,342258	53,841	-0,093537	22,730000	52,225000
3,633603	106,077261	53,941	-0,093642	22,730000	52,225000
3,633568	106,160686	54,041	-0,093609	22,730000	52,225000
3,633562	106,152098	54,141	-0,093612	22,730000	52,225000
3,633623	106,218348	54,241	-0,093586	22,730000	52,225000
3,633500	105,844162	54,342	-0,093735	22,730000	52,225000
3,633561	106,234296	54,442	-0,093580	22,730000	52,225000
3,633559	106,060086	54,543	-0,093649	22,730000	52,225000
3,633528	105,910411	54,644	-0,093708	22,730000	52,225000
3,633600	105,927587	54,744	-0,093702	22,730000	52,225000
3,633614	105,894463	54,844	-0,093715	22,730000	52,225000
3,633570	105,960712	54,944	-0,093688	22,730000	52,225000
3,633567	105,785274	55,044	-0,093758	22,730000	52,225000
3,633626	105,744788	55,144	-0,093774	22,730000	52,225000
3,633603	105,619651	55,244	-0,093824	22,720000	52,245000
3,633534	105,553402	55,344	-0,093851	22,720000	52,245000
3,633558	105,544814	55,444	-0,093854	22,720000	52,245000
3,633552	105,736201	55,544	-0,093778	22,720000	52,245000
3,633558	105,719025	55,644	-0,093785	22,720000	52,245000
3,633552	105,544814	55,744	-0,093854	22,720000	52,245000
3,633589	105,569351	55,844	-0,093844	22,720000	52,245000
3,633581	105,271229	55,944	-0,093963	22,720000	52,245000
3,633572	105,353427	56,044	-0,093930	22,720000	52,245000
3,633571	105,187804	56,144	-0,093996	22,720000	52,245000
3,633531	105,362015	56,244	-0,093927	22,720000	52,245000
3,633592	105,454028	56,345	-0,093890	22,720000	52,245000
3,633550	105,128916	56,445	-0,094020	22,720000	52,245000
3,633601	105,162041	56,546	-0,094006	22,720000	52,245000
3,633548	105,079843	56,647	-0,094039	22,720000	52,245000
3,633609	105,013593	56,747	-0,094065	22,720000	52,245000
3,633588	105,245466	56,848	-0,093973	22,720000	52,245000
3,633603	104,996418	56,948	-0,094072	22,720000	52,245000
3,633600	105,137504	57,049	-0,094016	22,720000	52,245000
3,633601	104,771906	57,149	-0,094162	22,720000	52,245000
3,633517	104,688481	57,249	-0,094195	22,720000	52,245000
3,633598	105,428264	57,350	-0,093900	22,720000	52,245000
3,633514	105,062667	57,450	-0,094046	22,720000	52,245000
3,633533	105,087204	57,552	-0,094036	22,720000	52,245000
3,633583	105,095791	57,652	-0,094033	22,720000	52,245000
3,633585	105,071255	57,752	-0,094042	22,720000	52,245000
3,633574	104,897044	57,853	-0,094112	22,720000	52,245000
3,633559	104,838156	57,954	-0,094135	22,720000	52,245000
3,633545	105,020954	58,054	-0,094063	22,720000	52,245000
3,633534	104,498322	58,154	-0,094271	22,720000	52,245000
3,633562	104,938756	58,254	-0,094095	22,720000	52,245000
3,633569	104,364596	58,355	-0,094324	22,720000	52,245000
3,633588	104,688481	58,456	-0,094195	22,720000	52,245000
3,633620	104,946117	58,557	-0,094092	22,720000	52,245000
3,633592	105,154680	58,657	-0,094009	22,720000	52,245000
3,633564	104,930168	58,758	-0,094099	22,720000	52,245000
3,633582	104,531446	58,858	-0,094257	22,720000	52,245000
3,633627	104,622232	58,958	-0,094221	22,720000	52,245000
3,633570	104,439433	59,058	-0,094294	22,720000	52,245000
3,633566	104,681120	59,159	-0,094198	22,720000	52,245000
3,633627	104,406309	59,260	-0,094307	22,720000	52,245000
3,633578	104,688481	59,361	-0,094195	22,720000	52,245000
3,633545	104,223510	59,461	-0,094380	22,720000	52,245000
3,633597	104,555983	59,561	-0,094248	22,720000	52,245000
3,633566	104,306935	59,661	-0,094347	22,720000	52,245000
3,633608	104,498322	59,761	-0,094271	22,720000	52,245000
3,633551	104,348648	59,861	-0,094330	22,720000	52,245000
3,633584	104,472558	59,962	-0,094281	22,720000	52,245000
3,633559	104,514271	60,062	-0,094264	22,720000	52,245000
3,633545	104,606283	60,162	-0,094228	22,720000	52,245000
3,633529	104,181798	60,262	-0,094396	22,720000	52,245000
3,633537	104,705657	60,362	-0,094188	22,720000	52,245000
3,631582	103,949925	60,463	-0,094489	22,720000	52,245000
3,629538	102,370986	60,563	-0,095117	22,720000	52,245000
3,627546	101,057043	60,664	-0,095640	22,720000	52,245000
3,625579	99,810576	60,764	-0,096136	22,720000	52,245000
3,623571	99,103918	60,864	-0,096417	22,720000	52,245000
3,621541	97,392480	60,964	-0,097099	22,720000	52,245000
3,619532	96,111662	61,064	-0,097608	22,720000	52,245000
3,617573	94,708160	61,164	-0,098167	22,720000	52,230000
3,615568	93,278894	61,264	-0,098736	22,720000	52,230000
3,613607	92,330549	61,364	-0,099113	22,720000	52,230000
3,611553	90,768785	61,466	-0,099735	22,720000	52,230000
3,609584	89,696530	61,566	-0,100162	22,720000	52,230000
3,607551	88,042753	61,666	-0,100820	22,720000	52,230000
3,605503	86,995034	61,767	-0,101237	22,720000	52,230000
3,603536	85,490931	61,867	-0,101835	22,720000	52,230000
3,601553	84,361014	61,968	-0,102285	22,720000	52,230000
3,599605	83,172209	62,069	-0,102758	22,720000	52,230000
3,597579	80,397103	62,169	-0,103863	22,720000	52,230000
3,595592	79,009550	62,269	-0,104415	22,720000	52,230000
3,593548	77,728732	62,369	-0,104925	22,720000	52,230000
3,591525	76,532565	62,469	-0,105401	22,720000	52,230000
3,589581	76,523977	62,569	-0,105404	22,720000	52,230000
3,587564	75,735121	62,669	-0,105718	22,720000	52,230000
3,585570	74,163542	62,769	-0,106344	22,720000	52,230000
3,583641	71,097676	62,869	-0,107564	22,720000	52,230000
3,581594	70,175094	62,969	-0,107931	22,720000	52,230000
3,579539	68,820666	63,069	-0,108470	22,720000	52,230000
3,577566	67,341100	63,169	-0,109059	22,720000	52,245000
3,575599	66,460231	63,270	-0,109410	22,720000	52,245000
3,573518	64,482569	63,370	-0,110197	22,720000	52,245000
3,571589	63,908409	63,470	-0,110425	22,720000	52,245000
3,569530	64,024959	63,570	-0,110379	22,720000	52,245000
3,567579	62,886454	63,670	-0,110832	22,720000	52,245000
3,565596	61,249853	63,770	-0,111483	22,720000	52,245000
3,563577	59,836536	63,870	-0,112046	22,720000	52,245000
3,561589	57,484689	63,970	-0,112982	22,720000	52,245000
3,559606	56,238222	64,070	-0,113478	22,720000	52,245000
3,557604	54,883794	64,170	-0,114017	22,720000	52,245000
3,555575	53,595615	64,270	-0,114530	22,720000	52,245000
3,553561	52,349148	64,370	-0,115026	22,720000	52,245000
3,551567	51,076918	64,470	-0,115532	22,720000	52,245000
3,549539	51,475640	64,570	-0,115374	22,720000	52,245000
3,547598	50,262298	64,670	-0,115856	22,720000	52,245000
3,545551	48,891921	64,770	-0,116402	22,720000	52,245000
3,543603	47,278629	64,870	-0,117044	22,720000	52,245000
3,541605	46,556022	64,970	-0,117332	22,720000	52,245000
3,539540	44,494936	65,071	-0,118152	22,720000	52,245000
3,537589	43,730616	65,171	-0,118456	22,720000	52,260000
3,535517	41,178794	65,271	-0,119472	22,720000	52,260000
3,533580	40,040289	65,372	-0,119925	22,720000	52,260000
3,531553	39,035510	65,472	-0,120325	22,720000	52,260000
3,529619	37,256595	65,572	-0,121033	22,720000	52,260000
3,527628	36,567113	65,672	-0,121307	22,720000	52,260000
3,525631	35,204097	65,772	-0,121850	22,720000	52,260000
3,523580	33,691406	65,872	-0,122452	22,720000	52,260000
3,521619	32,968799	65,973	-0,122739	22,720000	52,260000
3,519595	31,746869	66,073	-0,123226	22,720000	52,260000
3,517662	31,315022	66,173	-0,123397	22,720000	52,260000
3,515599	30,650077	66,274	-0,123662	22,720000	52,260000
3,513571	29,228172	66,374	-0,124228	22,720000	52,260000
3,511571	26,810076	66,474	-0,125190	22,720000	52,260000
3,509624	26,096056	66,575	-0,125475	22,720000	52,260000
3,507575	24,923200	66,675	-0,125941	22,720000	52,260000
3,505575	23,793283	66,775	-0,126391	22,720000	52,260000
3,503622	22,081845	66,875	-0,127072	22,720000	52,260000
3,501595	21,051301	66,975	-0,127482	22,720000	52,260000
3,499596	19,887033	67,075	-0,127946	22,720000	52,260000
3,497559	18,424643	67,175	-0,128528	22,720000	52,245000
3,495568	17,053039	67,276	-0,129074	22,720000	52,245000
3,493598	16,114508	67,376	-0,129447	22,720000	52,245000
3,491553	15,407850	67,477	-0,129729	22,720000	52,245000
3,489632	14,676655	67,577	-0,130020	22,720000	52,245000
3,487566	12,782418	67,677	-0,130773	22,720000	52,245000
3,485635	11,668450	67,778	-0,131217	22,720000	52,245000
3,483551	10,820705	67,878	-0,131554	22,720000	52,245000
3,481651	9,889536	67,979	-0,131925	22,720000	52,245000
3,479627	8,776794	68,079	-0,132368	22,720000	52,245000
3,477582	7,529101	68,179	-0,132864	22,720000	52,245000
3,475600	6,174672	68,279	-0,133403	22,720000	52,245000
3,473593	3,840001	68,380	-0,134333	22,720000	52,245000
3,471588	3,848589	68,480	-0,134329	22,720000	52,245000
3,469562	1,388780	68,581	-0,135308	22,720000	52,245000
3,467591	1,545815	68,681	-0,135246	22,720000	52,245000
3,465631	0,249048	68,781	-0,135762	22,720000	52,245000
3,463636	-2,301547	68,882	-0,136777	22,720000	52,245000
3,461542	-3,357854	68,982	-0,137197	22,720000	52,245000
3,459600	-4,787119	69,082	-0,137766	22,720000	52,245000
3,457556	-4,163886	69,182	-0,137518	22,720000	52,230000
3,455596	-5,501139	69,282	-0,138050	22,720000	52,230000
3,453577	-6,632283	69,382	-0,138500	22,720000	52,230000
3,451634	-7,546276	69,482	-0,138864	22,720000	52,230000
3,449583	-8,742443	69,583	-0,139340	22,720000	52,230000
3,447600	-11,459887	69,683	-0,140422	22,720000	52,230000
3,445620	-12,549319	69,783	-0,140855	22,720000	52,230000
3,443600	-13,795786	69,884	-0,141352	22,720000	52,230000
3,441593	-15,308476	69,984	-0,141954	22,720000	52,230000
3,439647	-14,859454	70,084	-0,141775	22,720000	52,230000
3,437619	-15,748911	70,184	-0,142129	22,720000	52,230000
3,435606	-16,903364	70,285	-0,142588	22,720000	52,230000
3,433602	-18,292144	70,386	-0,143141	22,720000	52,230000
3,431622	-20,776490	70,486	-0,144130	22,720000	52,230000
3,429612	-22,122330	70,586	-0,144666	22,720000	52,230000
3,427588	-23,095212	70,687	-0,145053	22,720000	52,230000
3,425609	-24,524478	70,787	-0,145622	22,720000	52,230000
3,423627	-24,207954	70,887	-0,145496	22,720000	52,230000
3,421639	-24,881488	70,987	-0,145764	22,720000	52,230000
3,419590	-26,418715	71,088	-0,146375	22,720000	52,230000
3,417655	-27,657820	71,188	-0,146869	22,720000	52,260000
3,415628	-30,275891	71,289	-0,147911	22,720000	52,260000
3,413623	-31,247546	71,389	-0,148297	22,720000	52,260000
3,411543	-32,352927	71,489	-0,148737	22,720000	52,260000
3,409636	-33,233796	71,590	-0,149088	22,720000	52,260000
3,407647	-33,050997	71,690	-0,149015	22,720000	52,260000
3,405628	-34,647113	71,790	-0,149650	22,720000	52,260000
3,403627	-36,624774	71,890	-0,150438	22,720000	52,260000
3,401624	-37,928902	71,990	-0,150957	22,720000	52,260000
3,399616	-39,034283	72,090	-0,151396	22,720000	52,260000
3,397589	-40,139663	72,190	-0,151836	22,720000	52,260000
3,395587	-41,387357	72,290	-0,152333	22,720000	52,260000
3,393639	-42,193389	72,390	-0,152654	22,720000	52,260000
3,391573	-43,406731	72,490	-0,153137	22,720000	52,260000
3,389608	-43,737977	72,590	-0,153269	22,720000	52,260000
3,387597	-45,018795	72,690	-0,153778	22,720000	52,260000
3,385651	-46,065287	72,790	-0,154195	22,720000	52,260000
3,383673	-47,287217	72,890	-0,154681	22,720000	52,260000
3,381605	-48,326349	72,991	-0,155095	22,720000	52,260000
3,379612	-49,367933	73,091	-0,155509	22,720000	52,260000
3,377640	-50,678196	73,192	-0,156031	22,720000	52,260000
3,375666	-51,616726	73,292	-0,156404	22,720000	52,260000
3,373630	-53,503602	73,392	-0,157155	22,720000	52,260000
3,371647	-54,259334	73,492	-0,157456	22,720000	52,260000
3,369612	-55,697187	73,592	-0,158028	22,720000	52,260000
3,367612	-57,293302	73,693	-0,158664	22,720000	52,260000
3,365559	-57,326427	73,793	-0,158677	22,720000	52,260000
3,363620	-58,889418	73,893	-0,159299	22,720000	52,260000
3,361629	-59,744523	73,993	-0,159639	22,720000	52,260000
3,359668	-60,642568	74,093	-0,159997	22,720000	52,260000
3,357682	-61,606862	74,193	-0,160380	22,720000	52,260000
3,355612	-62,595693	74,293	-0,160774	22,720000	52,260000
3,353650	-64,274007	74,394	-0,161442	22,720000	52,260000
3,351631	-65,254250	74,494	-0,161832	22,720000	52,260000
3,349619	-65,861534	74,595	-0,162074	22,720000	52,260000
3,347614	-66,883490	74,695	-0,162480	22,720000	52,260000
3,345613	-68,354468	74,795	-0,163066	22,720000	52,260000
3,343614	-69,459848	74,895	-0,163506	22,720000	52,260000
3,341670	-70,448679	74,996	-0,163899	22,720000	52,260000
3,339596	-71,604360	75,096	-0,164359	22,720000	52,260000
3,337644	-74,072756	75,197	-0,165342	22,720000	52,220000
3,335637	-75,061587	75,298	-0,165735	22,720000	52,220000
3,333638	-76,224629	75,398	-0,166198	22,720000	52,220000
3,331654	-77,213460	75,498	-0,166592	22,720000	52,220000
3,329664	-77,878406	75,599	-0,166856	22,720000	52,220000
3,327618	-79,175173	75,699	-0,167373	22,720000	52,220000
3,325583	-80,238841	75,799	-0,167796	22,720000	52,220000
3,323641	-79,965256	75,899	-0,167687	22,720000	52,220000
3,321584	-80,795825	75,999	-0,168018	22,720000	52,220000
3,319614	-81,659518	76,099	-0,168361	22,720000	52,220000
3,317639	-82,491314	76,199	-0,168692	22,720000	52,220000
3,315584	-83,970880	76,299	-0,169281	22,720000	52,220000
3,313604	-84,718024	76,399	-0,169579	22,720000	52,220000
3,311686	-85,715442	76,499	-0,169976	22,720000	52,220000
3,309625	-88,234139	76,599	-0,170978	22,720000	52,220000
3,307640	-89,097833	76,699	-0,171322	22,720000	52,220000
3,305592	-90,044951	76,799	-0,171699	22,720000	52,220000
3,303625	-90,826447	76,899	-0,172010	22,720000	52,220000
3,301595	-91,915878	76,999	-0,172443	22,720000	52,220000
3,299653	-93,070332	77,099	-0,172903	22,720000	52,220000
3,297609	-92,696147	77,199	-0,172754	22,720000	52,220000
3,295654	-95,148595	77,300	-0,173730	22,720000	52,220000
3,293671	-96,036825	77,401	-0,174083	22,720000	52,220000
3,291637	-95,406230	77,501	-0,173833	22,720000	52,220000
3,289665	-95,954627	77,601	-0,174051	22,720000	52,220000
3,287621	-97,375304	77,701	-0,174616	22,720000	52,220000
3,285585	-98,172749	77,801	-0,174934	22,720000	52,220000
3,283642	-99,245004	77,901	-0,175360	22,720000	52,220000
3,281665	-100,167586	78,001	-0,175728	22,720000	52,220000
3,279676	-102,519433	78,101	-0,176664	22,720000	52,220000
3,277616	-102,926743	78,202	-0,176826	22,720000	52,220000
3,275664	-103,832149	78,302	-0,177186	22,720000	52,220000
3,273653	-104,472558	78,402	-0,177441	22,720000	52,220000
3,271665	-105,062667	78,503	-0,177676	22,720000	52,220000
3,269640	-104,571932	78,603	-0,177480	22,720000	52,220000
3,267627	-105,743562	78,703	-0,177947	22,720000	52,220000
3,265702	-106,035549	78,803	-0,178063	22,720000	52,220000
3,263697	-108,262259	78,903	-0,178949	22,720000	52,220000
3,261659	-108,843779	79,003	-0,179181	22,720000	52,220000
3,259637	-109,127179	79,103	-0,179293	22,720000	52,220000
3,257580	-109,757773	79,203	-0,179544	22,730000	52,235000
3,255669	-110,490195	79,303	-0,179836	22,730000	52,235000
3,253608	-110,937991	79,403	-0,180014	22,730000	52,235000
3,251654	-110,455844	79,503	-0,179822	22,730000	52,235000
3,249635	-110,697531	79,603	-0,179918	22,730000	52,235000
3,247671	-111,054540	79,703	-0,180061	22,730000	52,235000
3,245684	-111,021416	79,803	-0,180047	22,730000	52,235000
3,243642	-112,193045	79,904	-0,180514	22,730000	52,235000
3,241750	-112,118208	80,005	-0,180484	22,730000	52,235000
3,239641	-112,866579	80,105	-0,180782	22,730000	52,235000
3,237638	-113,023614	80,205	-0,180844	22,730000	52,235000
3,235648	-113,397800	80,305	-0,180993	22,730000	52,235000
3,233637	-114,245544	80,405	-0,181331	22,730000	52,235000
3,231673	-113,614950	80,505	-0,181080	22,730000	52,235000
3,229599	-114,079921	80,605	-0,181265	22,730000	52,235000
3,227644	-115,068752	80,705	-0,181658	22,730000	52,235000
3,225657	-116,231794	80,805	-0,182121	22,730000	52,235000
3,223667	-117,495436	80,905	-0,182624	22,730000	52,235000
3,221627	-118,326005	81,006	-0,182955	22,730000	52,235000
3,219640	-118,717366	81,106	-0,183110	22,730000	52,235000
3,217670	-119,199513	81,207	-0,183302	22,730000	52,235000
3,215656	-120,644728	81,307	-0,183877	22,730000	52,235000
3,213681	-121,060625	81,407	-0,184043	22,730000	52,235000
3,211624	-121,958670	81,507	-0,184400	22,730000	52,235000
3,209685	-123,005163	81,608	-0,184817	22,730000	52,235000
3,207715	-124,101955	81,708	-0,185253	22,730000	52,235000
3,205683	-124,800026	81,808	-0,185531	22,730000	52,235000
3,203652	-126,363016	81,909	-0,186153	22,730000	52,235000
3,201639	-126,645189	82,009	-0,186266	22,730000	52,235000
3,199623	-127,318723	82,109	-0,186534	22,730000	52,235000
3,197674	-127,966493	82,209	-0,186792	22,730000	52,235000
3,195680	-128,979860	82,309	-0,187195	22,730000	52,235000
3,193676	-129,462007	82,409	-0,187387	22,730000	52,235000
3,191688	-131,191848	82,509	-0,188075	22,730000	52,235000
3,189670	-132,121791	82,609	-0,188445	22,730000	52,235000
3,187609	-133,143746	82,709	-0,188852	22,730000	52,235000
3,185722	-133,808692	82,809	-0,189117	22,730000	52,235000
3,183650	-134,772986	82,909	-0,189500	22,730000	52,235000
3,181673	-135,587606	83,009	-0,189825	22,730000	52,235000
3,179665	-137,100296	83,109	-0,190427	22,730000	52,235000
3,177716	-137,963990	83,209	-0,190771	22,730000	52,250000
3,175677	-138,620348	83,309	-0,191032	22,730000	52,250000
3,173711	-140,707198	83,409	-0,191862	22,730000	52,250000
3,171697	-140,681435	83,510	-0,191852	22,730000	52,250000
3,169648	-141,172169	83,611	-0,192047	22,730000	52,250000
3,167614	-142,484885	83,711	-0,192570	22,730000	52,250000
3,165684	-143,358394	83,812	-0,192917	22,730000	52,250000
3,163702	-144,197550	83,912	-0,193251	22,730000	52,250000
3,161633	-145,336055	84,012	-0,193705	22,730000	52,250000
3,159643	-146,573934	84,112	-0,194197	22,730000	52,250000
3,157609	-148,344260	84,212	-0,194902	22,730000	52,250000
3,155679	-149,458229	84,312	-0,195345	22,730000	52,250000
3,153646	-149,200593	84,412	-0,195243	22,730000	52,250000
3,151698	-150,413935	84,513	-0,195726	22,730000	52,250000
3,149677	-150,970919	84,613	-0,195947	22,730000	52,250000
3,147671	-152,001462	84,713	-0,196357	22,730000	52,250000
3,145640	-153,297003	84,813	-0,196873	22,730000	52,250000
3,143692	-153,804913	84,913	-0,197075	22,730000	52,250000
3,141703	-156,380045	85,013	-0,198100	22,730000	52,250000
3,139663	-156,995917	85,114	-0,198345	22,730000	52,250000
3,137694	-158,308633	85,215	-0,198868	22,730000	52,250000
3,135704	-158,923279	85,316	-0,199112	22,730000	52,250000
3,133661	-159,920697	85,416	-0,199509	22,730000	52,250000
3,131653	-160,884991	85,517	-0,199893	22,730000	52,250000
3,129709	-160,685017	85,617	-0,199813	22,730000	52,250000
3,127634	-161,349963	85,717	-0,200078	22,730000	52,250000
3,125678	-162,422219	85,817	-0,200505	22,730000	52,250000
3,123700	-163,361976	85,918	-0,200879	22,730000	52,250000
3,121668	-165,423063	86,018	-0,201699	22,730000	52,250000
3,119609	-166,702654	86,118	-0,202208	22,730000	52,250000
3,117640	-167,674309	86,218	-0,202595	22,730000	52,250000
3,115617	-167,741785	86,319	-0,202622	22,730000	52,250000
3,113682	-169,386974	86,419	-0,203277	22,730000	52,250000
3,111676	-170,417517	86,519	-0,203687	22,730000	52,250000
3,109695	-171,049338	86,619	-0,203938	22,730000	52,250000
3,107680	-172,254093	86,719	-0,204418	22,730000	52,250000
3,105675	-173,101837	86,820	-0,204755	22,730000	52,250000
3,103627	-174,381429	86,920	-0,205265	22,730000	52,250000
3,101649	-174,896700	87,020	-0,205470	22,730000	52,250000
3,099648	-174,764202	87,120	-0,205417	22,730000	52,250000
3,097673	-175,735857	87,222	-0,205804	22,720000	52,260000
3,095652	-176,907487	87,322	-0,206270	22,720000	52,260000
3,093659	-178,487653	87,422	-0,206899	22,720000	52,260000
3,091685	-179,409008	87,522	-0,207266	22,720000	52,260000
3,089703	-180,722951	87,623	-0,207789	22,720000	52,260000
3,087667	-180,864037	87,723	-0,207845	22,720000	52,260000
3,085666	-181,778031	87,823	-0,208208	22,720000	52,260000
3,083699	-182,766862	87,924	-0,208602	22,720000	52,260000
3,081688	-184,321265	88,024	-0,209221	22,720000	52,260000
3,079677	-184,396102	88,125	-0,209250	22,720000	52,260000
3,077665	-185,210722	88,225	-0,209575	22,720000	52,260000
3,075697	-185,867080	88,325	-0,209836	22,720000	52,260000
3,073672	-186,831374	88,425	-0,210220	22,720000	52,260000
3,071632	-187,637406	88,526	-0,210541	22,720000	52,260000
3,069681	-188,443438	88,626	-0,210861	22,720000	52,260000
3,067689	-189,033547	88,726	-0,211096	22,720000	52,260000
3,065720	-190,537649	88,826	-0,211695	22,720000	52,260000
3,063690	-190,960908	88,926	-0,211863	22,720000	52,260000
3,061713	-191,908026	89,026	-0,212240	22,720000	52,260000
3,059677	-192,689522	89,127	-0,212551	22,720000	52,260000
3,057699	-193,570391	89,228	-0,212902	22,720000	52,205000
3,055680	-194,393599	89,328	-0,213229	22,720000	52,205000
3,053711	-195,067133	89,428	-0,213498	22,720000	52,205000
3,051709	-195,855989	89,528	-0,213812	22,720000	52,205000
3,049690	-197,899900	89,628	-0,214625	22,720000	52,205000
3,047682	-198,931670	89,728	-0,215036	22,720000	52,205000
3,045707	-198,548897	89,828	-0,214883	22,720000	52,205000
3,043639	-199,421178	89,928	-0,215230	22,720000	52,205000
3,041672	-200,061587	90,028	-0,215485	22,720000	52,205000
3,039678	-201,000118	90,128	-0,215859	22,720000	52,205000
3,037645	-201,473677	90,228	-0,216047	22,720000	52,205000
3,035678	-202,488271	90,328	-0,216451	22,720000	52,205000
3,033666	-204,673269	90,428	-0,217321	22,720000	52,205000
3,031650	-204,333435	90,528	-0,217186	22,720000	52,205000
3,029684	-205,139467	90,628	-0,217506	22,720000	52,205000
3,027681	-206,170010	90,728	-0,217917	22,720000	52,205000
3,025669	-207,848324	90,829	-0,218584	22,720000	52,205000
3,023658	-208,596694	90,930	-0,218882	22,720000	52,205000
3,021616	-209,261640	91,030	-0,219147	22,720000	52,205000
3,019715	-210,017372	91,130	-0,219448	22,720000	52,205000
3,017700	-209,876286	91,230	-0,219392	22,730000	52,235000
3,015658	-209,867698	91,330	-0,219388	22,730000	52,235000
3,013666	-210,457807	91,430	-0,219623	22,730000	52,235000
3,011678	-210,823404	91,530	-0,219769	22,730000	52,235000
3,009649	-211,214765	91,630	-0,219924	22,730000	52,235000
3,007678	-211,837999	91,730	-0,220172	22,730000	52,235000
3,005759	-212,377807	91,830	-0,220387	22,730000	52,235000
3,003706	-212,710280	91,930	-0,220520	22,730000	52,235000
3,001694	-214,330932	92,030	-0,221165	22,730000	52,235000
2,999682	-214,571392	92,131	-0,221260	22,730000	52,235000
2,997658	-215,262102	92,231	-0,221535	22,730000	52,235000
2,995665	-214,115009	92,331	-0,221079	22,730000	52,235000
2,993682	-214,322344	92,432	-0,221161	22,730000	52,235000
2,991695	-213,716287	92,532	-0,220920	22,730000	52,235000
2,989721	-213,175251	92,632	-0,220705	22,730000	52,235000
2,987656	-211,554599	92,732	-0,220060	22,730000	52,235000
2,985724	-178,063167	92,832	-0,206730	22,730000	52,235000
2,983676	-161,840698	92,933	-0,200273	22,730000	52,235000
2,981708	-157,436352	93,033	-0,198521	22,730000	52,235000
2,979676	-155,217003	93,133	-0,197637	22,730000	52,235000
2,977652	-153,904287	93,233	-0,197115	22,730000	52,235000
2,975724	-152,483609	93,333	-0,196549	22,730000	52,235000
2,973628	-151,785539	93,434	-0,196271	22,730000	52,235000
2,971699	-151,710702	93,534	-0,196242	22,730000	52,235000
2,969715	-151,585565	93,634	-0,196192	22,730000	52,235000
2,967673	-150,821245	93,734	-0,195888	22,730000	52,235000
2,965709	-151,011405	93,834	-0,195963	22,730000	52,235000
2,963710	-151,145130	93,934	-0,196017	22,730000	52,235000
2,961707	-150,995456	94,034	-0,195957	22,730000	52,235000
2,959634	-151,411354	94,134	-0,196123	22,730000	52,235000
2,957734	-152,673769	94,235	-0,196625	22,730000	52,235000
2,955695	-152,374421	94,335	-0,196506	22,730000	52,235000
2,953717	-151,651814	94,437	-0,196218	22,730000	52,235000
2,951675	-151,561028	94,537	-0,196182	22,730000	52,235000
2,949714	-151,867737	94,637	-0,196304	22,730000	52,235000
2,947648	-152,034587	94,738	-0,196371	22,730000	52,235000
2,945706	-151,942574	94,838	-0,196334	22,730000	52,235000
2,943726	-151,884913	94,938	-0,196311	22,730000	52,235000
2,941686	-151,859149	95,038	-0,196301	22,730000	52,235000
2,939650	-151,710702	95,138	-0,196242	22,730000	52,235000
2,937663	-152,632057	95,238	-0,196608	22,730000	52,235000
2,935702	-152,574395	95,338	-0,196585	22,730000	52,235000
2,933665	-152,657820	95,439	-0,196619	22,730000	52,235000
2,931744	-153,389015	95,539	-0,196910	22,730000	52,235000
2,929711	-153,679776	95,640	-0,197025	22,730000	52,235000
2,927651	-153,148555	95,740	-0,196814	22,730000	52,235000
2,925705	-153,181680	95,840	-0,196827	22,730000	52,235000
2,923677	-153,397603	95,940	-0,196913	22,730000	52,235000
2,921676	-154,502984	96,040	-0,197353	22,730000	52,235000
2,919708	-153,838038	96,140	-0,197088	22,730000	52,235000
2,917640	-154,311597	96,241	-0,197277	22,730000	52,235000
2,915747	-154,710319	96,341	-0,197436	22,730000	52,235000
2,913654	-154,685782	96,441	-0,197426	22,730000	52,235000
2,911710	-154,917655	96,541	-0,197518	22,730000	52,235000
2,909726	-155,458690	96,641	-0,197733	22,730000	52,235000
2,907669	-154,934830	96,741	-0,197525	22,730000	52,235000
2,905746	-155,093092	96,841	-0,197588	22,730000	52,235000
2,903713	-155,358089	96,941	-0,197693	22,730000	52,235000
2,901708	-154,884530	97,041	-0,197505	22,730000	52,235000
2,899693	-155,566652	97,141	-0,197776	22,730000	52,235000
2,897689	-156,280671	97,242	-0,198061	22,730000	52,235000
2,895748	-155,632901	97,343	-0,197803	22,730000	52,235000
2,893741	-156,355508	97,443	-0,198090	22,730000	52,235000
2,891765	-156,447521	97,544	-0,198127	22,730000	52,235000
2,889677	-156,031623	97,645	-0,197961	22,730000	52,235000
2,887660	-155,915073	97,745	-0,197915	22,730000	52,235000
2,885679	-155,989910	97,845	-0,197945	22,730000	52,235000
2,883720	-156,031623	97,945	-0,197961	22,730000	52,235000
2,881780	-155,275891	98,045	-0,197661	22,730000	52,235000
2,879703	-155,250128	98,145	-0,197650	22,730000	52,235000
2,877716	-155,275891	98,245	-0,197661	22,730000	52,235000
2,875687	-154,868581	98,345	-0,197499	22,730000	52,235000
2,873683	-155,599776	98,445	-0,197790	22,730000	52,235000
2,871736	-154,959367	98,545	-0,197535	22,730000	52,235000
2,869740	-153,920236	98,645	-0,197121	22,730000	52,235000
2,867642	-154,144747	98,745	-0,197210	22,730000	52,235000
2,865643	-153,970536	98,846	-0,197141	22,730000	52,235000
2,863706	-152,001462	98,946	-0,196357	22,730000	52,235000
2,861707	-150,537845	99,046	-0,195775	22,730000	52,235000
2,859729	-148,220350	99,146	-0,194853	22,730000	52,235000
2,857695	-145,602279	99,247	-0,193811	22,720000	52,205000
2,855677	-139,967415	99,348	-0,191568	22,720000	52,205000
2,853710	-130,758774	99,448	-0,187903	22,720000	52,205000
2,851761	-124,700652	99,548	-0,185492	22,720000	52,205000
2,849727	-107,846361	99,648	-0,178784	22,720000	52,205000
2,847690	-0,240460	99,748	-0,135957	22,720000	52,205000
2,845670	-0,365598	99,848	-0,136006	22,720000	52,205000
2,843699	-0,240460	99,948	-0,135957	22,720000	52,205000
2,841723	-0,365598	100,048	-0,136006	22,720000	52,205000
2,839715	-0,323885	100,148	-0,135990	22,720000	52,205000
2,837750	-0,141086	100,248	-0,135917	22,720000	52,205000
2,835722	-0,565572	100,348	-0,136086	22,720000	52,205000
2,833695	-0,282173	100,448	-0,135973	22,720000	52,205000
2,831736	-0,548396	100,548	-0,136079	22,720000	52,205000
2,829715	-0,174211	100,648	-0,135930	22,720000	52,205000
2,827683	0,017176	100,748	-0,135854	22,720000	52,205000
2,825670	-0,323885	100,848	-0,135990	22,720000	52,205000
2,823710	-0,116550	100,948	-0,135907	22,720000	52,205000
2,821689	-0,398722	101,048	-0,136020	22,720000	52,205000
2,819675	-0,464971	101,148	-0,136046	22,720000	52,205000
2,817720	-0,107962	101,249	-0,135904	22,730000	52,265000
2,815723	-0,282173	101,349	-0,135973	22,730000	52,265000
2,813733	-0,165623	101,450	-0,135927	22,730000	52,265000
2,811753	-0,215923	101,550	-0,135947	22,730000	52,265000
2,809698	-0,249048	101,650	-0,135960	22,730000	52,265000
2,807729	-0,240460	101,750	-0,135957	22,730000	52,265000
2,805709	-0,381546	101,850	-0,136013	22,730000	52,265000
2,803729	-0,215923	101,950	-0,135947	22,730000	52,265000
2,801747	-0,257636	102,051	-0,135963	22,730000	52,265000
2,799713	-0,266224	102,151	-0,135967	22,730000	52,265000
2,797721	-0,473559	102,251	-0,136049	22,730000	52,265000
2,795735	-0,440435	102,351	-0,136036	22,730000	52,265000
2,793753	-0,215923	102,451	-0,135947	22,730000	52,265000
2,791688	-0,414671	102,551	-0,136026	22,730000	52,265000
2,789742	-0,390134	102,651	-0,136016	22,730000	52,265000
2,787736	-0,323885	102,752	-0,135990	22,730000	52,265000
2,785754	-0,132498	102,852	-0,135914	22,730000	52,265000
2,783703	-0,398722	102,952	-0,136020	22,730000	52,265000
2,781721	-0,107962	103,052	-0,135904	22,730000	52,265000
2,779742	-0,198748	103,153	-0,135940	22,730000	52,265000
2,777711	-0,365598	103,253	-0,136006	22,720000	52,220000
2,775714	-0,233099	103,354	-0,135954	22,720000	52,220000
2,773744	-0,125137	103,454	-0,135911	22,720000	52,220000
2,771706	-0,240460	103,555	-0,135957	22,720000	52,220000
2,769720	-0,191387	103,655	-0,135937	22,720000	52,220000
2,767721	-0,349649	103,756	-0,136000	22,720000	52,220000
2,765689	-0,198748	103,857	-0,135940	22,720000	52,220000
2,763751	-0,249048	103,957	-0,135960	22,720000	52,220000
2,761711	-0,714019	104,057	-0,136145	22,720000	52,220000
2,759770	-0,224511	104,157	-0,135950	22,720000	52,220000
2,757705	-0,307936	104,258	-0,135983	22,720000	52,220000
2,755749	-0,182799	104,358	-0,135934	22,720000	52,220000
2,753709	-0,165623	104,458	-0,135927	22,720000	52,220000
2,751734	0,099374	104,560	-0,135821	22,720000	52,220000
2,749739	-0,290760	104,660	-0,135977	22,720000	52,220000
2,747693	-0,149674	104,760	-0,135920	22,720000	52,220000
2,745725	-0,307936	104,861	-0,135983	22,720000	52,220000
2,743697	-0,099374	104,961	-0,135900	22,720000	52,220000
2,741770	-0,033125	105,061	-0,135874	22,720000	52,220000
2,739726	-0,456383	105,161	-0,136042	22,720000	52,220000
2,737689	-0,074837	105,261	-0,135891	22,720000	52,220000
2,735748	-0,057661	105,361	-0,135884	22,720000	52,220000
2,733704	-0,066249	105,461	-0,135887	22,720000	52,220000
2,731733	-0,157035	105,562	-0,135923	22,720000	52,220000
2,729746	-0,132498	105,662	-0,135914	22,720000	52,220000
2,727711	-0,315297	105,762	-0,135986	22,720000	52,220000
2,725672	-0,066249	105,862	-0,135887	22,720000	52,220000
2,723726	-0,066249	105,962	-0,135887	22,720000	52,220000
2,721754	-0,074837	106,062	-0,135891	22,720000	52,220000
2,719730	-0,290760	106,162	-0,135977	22,720000	52,220000
2,717740	-0,207336	106,262	-0,135943	22,720000	52,220000
2,715781	-0,174211	106,362	-0,135930	22,720000	52,220000
2,713754	-0,182799	106,463	-0,135934	22,720000	52,220000
2,711727	0,017176	106,564	-0,135854	22,720000	52,220000
2,709741	-0,099374	106,664	-0,135900	22,720000	52,220000
2,707706	-0,174211	106,764	-0,135930	22,720000	52,220000
2,705692	0,107962	106,864	-0,135818	22,720000	52,220000
2,703701	0,017176	106,965	-0,135854	22,720000	52,220000
2,701707	0,158262	107,065	-0,135798	22,720000	52,220000
2,699704	0,050300	107,165	-0,135841	22,720000	52,220000
2,697743	-0,041712	107,265	-0,135877	22,730000	52,275000
2,695751	-0,257636	107,366	-0,135963	22,730000	52,275000
2,693702	-0,041712	107,466	-0,135877	22,730000	52,275000
2,691694	0,025764	107,566	-0,135851	22,730000	52,275000
2,689665	-0,357010	107,667	-0,136003	22,730000	52,275000
2,687724	-0,233099	107,767	-0,135954	22,730000	52,275000
2,685726	-0,033125	107,868	-0,135874	22,730000	52,275000
2,683694	-0,125137	107,969	-0,135911	22,730000	52,275000
2,681721	-0,165623	108,069	-0,135927	22,730000	52,275000
2,679712	0,058888	108,169	-0,135837	22,730000	52,275000
2,677694	-0,008588	108,269	-0,135864	22,730000	52,275000
2,675736	-0,008588	108,369	-0,135864	22,730000	52,275000
2,673727	0,041712	108,469	-0,135844	22,730000	52,275000
2,671691	-0,057661	108,569	-0,135884	22,730000	52,275000
2,669725	-0,033125	108,669	-0,135874	22,730000	52,275000
2,667780	0,116550	108,769	-0,135814	22,730000	52,275000
2,665757	-0,083425	108,870	-0,135894	22,730000	52,275000
2,663740	0,215923	108,970	-0,135775	22,730000	52,275000
2,661707	-0,157035	109,070	-0,135923	22,730000	52,275000
2,659742	-0,299348	109,170	-0,135980	22,710000	52,220000
2,657765	0,174211	109,270	-0,135792	22,710000	52,220000
2,655729	-0,015949	109,370	-0,135867	22,710000	52,220000
2,653716	0,074837	109,470	-0,135831	22,710000	52,220000
2,651742	0,182799	109,570	-0,135788	22,710000	52,220000
2,649741	0,083425	109,670	-0,135828	22,710000	52,220000
2,647702	-0,165623	109,770	-0,135927	22,710000	52,220000
2,645753	0,132498	109,870	-0,135808	22,710000	52,220000
2,643764	-0,033125	109,971	-0,135874	22,710000	52,220000
2,641739	0,174211	110,071	-0,135792	22,710000	52,220000
2,639678	0,066249	110,171	-0,135834	22,710000	52,220000
2,637739	-0,024537	110,272	-0,135871	22,710000	52,220000
2,635727	-0,033125	110,373	-0,135874	22,710000	52,220000
2,633723	0,025764	110,474	-0,135851	22,710000	52,220000
