Quasi static measurement routine
Tip parameters (shape,radius, material...) 
24.08.2022

Piezo position[nm]	MEMS displ.[nm]	Time[ms]	Cap [pf]	Temp [°C]	Rh [%]
eoh
2,625879	-0,017176	0,239	-0,135877	22,720000	52,310000
2,627890	-0,050300	0,339	-0,135891	22,720000	52,310000
2,629858	-0,008588	0,439	-0,135874	22,730000	52,300000
2,631899	-0,233099	0,539	-0,135963	22,730000	52,300000
2,633897	-0,033125	0,639	-0,135884	22,730000	52,300000
2,635876	-0,092013	0,739	-0,135907	22,730000	52,300000
2,637925	-0,158262	0,839	-0,135934	22,730000	52,300000
2,639910	-0,058888	0,939	-0,135894	22,730000	52,300000
2,641871	0,000000	1,039	-0,135871	22,730000	52,300000
2,643816	-0,158262	1,140	-0,135934	22,730000	52,300000
2,645904	-0,132498	1,240	-0,135923	22,730000	52,300000
2,647849	-0,241687	1,340	-0,135967	22,730000	52,300000
2,649864	-0,116550	1,440	-0,135917	22,730000	52,300000
2,651861	-0,116550	1,540	-0,135917	22,730000	52,300000
2,653904	-0,008588	1,640	-0,135874	22,730000	52,300000
2,655873	0,083425	1,740	-0,135837	22,730000	52,300000
2,657890	-0,290760	1,840	-0,135986	22,730000	52,300000
2,659890	-0,107962	1,940	-0,135914	22,730000	52,300000
2,661880	0,008588	2,041	-0,135867	22,730000	52,300000
2,663908	-0,083425	2,142	-0,135904	22,730000	52,300000
2,665823	-0,382773	2,242	-0,136023	22,730000	52,300000
2,667844	-0,266224	2,342	-0,135977	22,730000	52,300000
2,669850	0,000000	2,442	-0,135871	22,730000	52,300000
2,671920	-0,208562	2,542	-0,135954	22,730000	52,300000
2,673844	-0,208562	2,642	-0,135954	22,730000	52,300000
2,675866	-0,066249	2,744	-0,135897	22,730000	52,300000
2,677851	-0,041712	2,844	-0,135887	22,730000	52,300000
2,679826	0,041712	2,944	-0,135854	22,730000	52,300000
2,681909	-0,182799	3,045	-0,135943	22,730000	52,300000
2,683876	-0,125137	3,145	-0,135920	22,730000	52,300000
2,685876	-0,083425	3,245	-0,135904	22,730000	52,300000
2,687888	-0,208562	3,345	-0,135954	22,730000	52,300000
2,689935	-0,233099	3,446	-0,135963	22,730000	52,300000
2,691844	0,008588	3,546	-0,135867	22,730000	52,300000
2,693854	0,099374	3,646	-0,135831	22,730000	52,300000
2,695849	-0,125137	3,746	-0,135920	22,730000	52,300000
2,697901	-0,058888	3,846	-0,135894	22,730000	52,300000
2,699876	-0,257636	3,946	-0,135973	22,730000	52,300000
2,701876	-0,008588	4,047	-0,135874	22,730000	52,300000
2,703855	-0,066249	4,147	-0,135897	22,730000	52,300000
2,705870	-0,132498	4,248	-0,135923	22,730000	52,300000
2,707862	-0,191387	4,349	-0,135947	22,730000	52,300000
2,709883	-0,125137	4,450	-0,135920	22,730000	52,315000
2,711841	-0,215923	4,550	-0,135957	22,730000	52,315000
2,713909	-0,182799	4,650	-0,135943	22,730000	52,315000
2,715910	-0,215923	4,750	-0,135957	22,730000	52,315000
2,717905	0,141086	4,850	-0,135814	22,730000	52,315000
2,719860	-0,050300	4,950	-0,135891	22,730000	52,315000
2,721875	-0,083425	5,050	-0,135904	22,730000	52,315000
2,723862	0,041712	5,150	-0,135854	22,730000	52,315000
2,725887	-0,033125	5,250	-0,135884	22,730000	52,315000
2,727844	-0,241687	5,350	-0,135967	22,730000	52,315000
2,729809	-0,058888	5,450	-0,135894	22,730000	52,315000
2,731894	-0,107962	5,551	-0,135914	22,730000	52,315000
2,733857	0,033125	5,652	-0,135857	22,730000	52,315000
2,735865	-0,058888	5,753	-0,135894	22,730000	52,315000
2,737843	-0,257636	5,854	-0,135973	22,730000	52,315000
2,739849	-0,125137	5,954	-0,135920	22,730000	52,315000
2,741827	-0,149674	6,056	-0,135930	22,730000	52,315000
2,743889	-0,199974	6,156	-0,135950	22,730000	52,315000
2,745848	-0,125137	6,256	-0,135920	22,730000	52,315000
2,747911	-0,199974	6,356	-0,135950	22,730000	52,315000
2,749858	-0,199974	6,456	-0,135950	22,730000	52,290000
2,751824	-0,274812	6,556	-0,135980	22,730000	52,290000
2,753841	-0,158262	6,656	-0,135934	22,730000	52,290000
2,755860	0,008588	6,757	-0,135867	22,730000	52,290000
2,757865	-0,191387	6,857	-0,135947	22,730000	52,290000
2,759844	-0,174211	6,958	-0,135940	22,730000	52,290000
2,761892	-0,092013	7,058	-0,135907	22,730000	52,290000
2,763844	-0,174211	7,159	-0,135940	22,730000	52,290000
2,765871	-0,249048	7,259	-0,135970	22,730000	52,290000
2,767910	-0,199974	7,359	-0,135950	22,730000	52,290000
2,769896	-0,107962	7,459	-0,135914	22,730000	52,290000
2,771882	-0,415898	7,559	-0,136036	22,730000	52,290000
2,773860	0,000000	7,659	-0,135871	22,730000	52,290000
2,775835	-0,283399	7,761	-0,135983	22,730000	52,290000
2,777818	-0,008588	7,861	-0,135874	22,730000	52,290000
2,779919	-0,374185	7,961	-0,136020	22,730000	52,290000
2,781906	-0,299348	8,061	-0,135990	22,730000	52,290000
2,783885	-0,424486	8,161	-0,136040	22,730000	52,290000
2,785847	-0,332473	8,261	-0,136003	22,730000	52,290000
2,787924	-0,274812	8,361	-0,135980	22,720000	52,295000
2,789881	-0,374185	8,461	-0,136020	22,720000	52,295000
2,791861	-0,332473	8,561	-0,136003	22,720000	52,295000
2,793864	-0,182799	8,662	-0,135943	22,720000	52,295000
2,795831	-0,482147	8,762	-0,136063	22,720000	52,295000
2,797947	-0,299348	8,862	-0,135990	22,720000	52,295000
2,799869	-0,215923	8,962	-0,135957	22,720000	52,295000
2,801841	-0,283399	9,063	-0,135983	22,720000	52,295000
2,803833	-0,182799	9,163	-0,135943	22,720000	52,295000
2,805882	-0,274812	9,263	-0,135980	22,720000	52,295000
2,807856	-0,266224	9,363	-0,135977	22,720000	52,295000
2,809857	-0,614645	9,463	-0,136115	22,720000	52,295000
2,811837	-0,299348	9,564	-0,135990	22,720000	52,295000
2,813818	-0,349649	9,666	-0,136010	22,720000	52,295000
2,815885	-0,100601	9,766	-0,135911	22,720000	52,295000
2,817900	-0,349649	9,866	-0,136010	22,720000	52,295000
2,819883	-0,357010	9,966	-0,136013	22,720000	52,295000
2,821820	-0,424486	10,066	-0,136040	22,720000	52,295000
2,823819	-0,357010	10,167	-0,136013	22,720000	52,295000
2,825830	-0,431847	10,267	-0,136042	22,720000	52,295000
2,827928	-0,290760	10,367	-0,135986	22,710000	52,295000
2,829870	-0,457610	10,467	-0,136053	22,710000	52,295000
2,831841	-0,332473	10,567	-0,136003	22,710000	52,295000
2,833865	-0,132498	10,668	-0,135923	22,710000	52,295000
2,835897	-0,548396	10,769	-0,136089	22,710000	52,295000
2,837867	-0,249048	10,869	-0,135970	22,710000	52,295000
2,839842	-0,341061	10,969	-0,136006	22,710000	52,295000
2,841859	-0,349649	11,070	-0,136010	22,710000	52,295000
2,843875	-0,407310	11,170	-0,136033	22,710000	52,295000
2,845860	-0,341061	11,270	-0,136006	22,710000	52,295000
2,847844	-0,266224	11,371	-0,135977	22,710000	52,295000
2,849832	-0,415898	11,471	-0,136036	22,710000	52,295000
2,851837	-0,365598	11,571	-0,136016	22,710000	52,295000
2,853868	-0,332473	11,671	-0,136003	22,710000	52,295000
2,855858	-0,325112	11,771	-0,136000	22,710000	52,295000
2,857838	-0,382773	11,871	-0,136023	22,710000	52,295000
2,859867	-0,532447	11,971	-0,136083	22,710000	52,295000
2,861842	-0,382773	12,071	-0,136023	22,710000	52,295000
2,863820	-0,440435	12,171	-0,136046	22,710000	52,295000
2,865849	-0,440435	12,271	-0,136046	22,710000	52,295000
2,867862	-0,482147	12,371	-0,136063	22,710000	52,295000
2,869827	-0,349649	12,471	-0,136010	22,710000	52,295000
2,871830	-0,415898	12,571	-0,136036	22,710000	52,295000
2,873797	-0,689483	12,672	-0,136145	22,710000	52,295000
2,875880	-0,199974	12,773	-0,135950	22,710000	52,295000
2,877897	-0,574160	12,873	-0,136099	22,710000	52,295000
2,879828	-0,357010	12,974	-0,136013	22,710000	52,295000
2,881868	-0,515272	13,074	-0,136076	22,710000	52,295000
2,883843	-0,648997	13,174	-0,136129	22,710000	52,295000
2,885878	-0,449022	13,275	-0,136049	22,710000	52,295000
2,887814	-0,440435	13,375	-0,136046	22,710000	52,295000
2,889871	-0,523860	13,475	-0,136079	22,710000	52,295000
2,891826	-0,374185	13,575	-0,136020	22,710000	52,295000
2,893820	-0,431847	13,675	-0,136042	22,710000	52,295000
2,895813	-0,506684	13,775	-0,136072	22,710000	52,295000
2,897903	-0,748371	13,875	-0,136168	22,710000	52,295000
2,899875	-0,556984	13,976	-0,136092	22,710000	52,295000
2,901841	-0,431847	14,076	-0,136042	22,710000	52,295000
2,903823	-0,623233	14,177	-0,136119	22,710000	52,295000
2,905856	-1,105380	14,278	-0,136311	22,710000	52,295000
2,907884	-0,390134	14,378	-0,136026	22,730000	52,300000
2,909852	-0,598697	14,478	-0,136109	22,730000	52,300000
2,911862	-0,698070	14,578	-0,136148	22,730000	52,300000
2,913898	-0,565572	14,678	-0,136096	22,730000	52,300000
2,915897	-0,607284	14,779	-0,136112	22,730000	52,300000
2,917810	-0,390134	14,879	-0,136026	22,730000	52,300000
2,919910	-0,574160	14,979	-0,136099	22,730000	52,300000
2,921872	-0,457610	15,079	-0,136053	22,730000	52,300000
2,923855	-0,325112	15,179	-0,136000	22,730000	52,300000
2,925882	-0,673534	15,279	-0,136139	22,730000	52,300000
2,927843	-0,424486	15,379	-0,136040	22,730000	52,300000
2,929874	-0,283399	15,479	-0,135983	22,730000	52,300000
2,931814	-0,208562	15,579	-0,135954	22,730000	52,300000
2,933843	-0,482147	15,680	-0,136063	22,730000	52,300000
2,935826	-0,415898	15,780	-0,136036	22,730000	52,300000
2,937812	-0,565572	15,880	-0,136096	22,730000	52,300000
2,939829	-0,664946	15,981	-0,136135	22,730000	52,300000
2,941834	-0,590109	16,082	-0,136105	22,730000	52,300000
2,943804	-0,466198	16,182	-0,136056	22,730000	52,300000
2,945825	-0,541035	16,283	-0,136086	22,730000	52,300000
2,947839	-0,640409	16,383	-0,136125	22,730000	52,300000
2,949902	-0,623233	16,483	-0,136119	22,730000	52,300000
2,951790	-0,574160	16,584	-0,136099	22,730000	52,300000
2,953854	-0,889457	16,684	-0,136225	22,730000	52,300000
2,955819	-0,532447	16,784	-0,136083	22,730000	52,300000
2,957867	-0,723834	16,884	-0,136159	22,730000	52,300000
2,959877	-0,574160	16,984	-0,136099	22,730000	52,300000
2,961803	-0,017176	17,085	-0,135877	22,730000	52,300000
2,963839	-0,365598	17,185	-0,136016	22,730000	52,300000
2,965817	-0,466198	17,285	-0,136056	22,730000	52,300000
2,967841	-0,648997	17,385	-0,136129	22,730000	52,300000
2,969831	-0,823208	17,485	-0,136198	22,730000	52,300000
2,971861	-0,515272	17,585	-0,136076	22,730000	52,300000
2,973875	-0,648997	17,686	-0,136129	22,730000	52,300000
2,975861	-0,872281	17,787	-0,136218	22,730000	52,300000
2,977815	-0,490735	17,887	-0,136066	22,730000	52,300000
2,979846	-0,648997	17,987	-0,136129	22,730000	52,300000
2,981809	-0,715246	18,087	-0,136155	22,730000	52,300000
2,983852	-0,614645	18,187	-0,136115	22,730000	52,300000
2,985883	-0,739783	18,287	-0,136165	22,730000	52,300000
2,987788	-1,023182	18,387	-0,136278	22,730000	52,275000
2,989870	-0,715246	18,488	-0,136155	22,730000	52,275000
2,991828	-0,607284	18,588	-0,136112	22,730000	52,275000
2,993864	-0,574160	18,688	-0,136099	22,730000	52,275000
2,995822	-0,765546	18,788	-0,136175	22,730000	52,275000
2,997833	-0,765546	18,889	-0,136175	22,730000	52,275000
2,999811	-0,898045	18,989	-0,136228	22,730000	52,275000
3,001855	-0,922582	19,090	-0,136238	22,730000	52,275000
3,003875	-0,706658	19,190	-0,136152	22,730000	52,275000
3,005848	-0,723834	19,290	-0,136159	22,730000	52,275000
3,007850	-0,814620	19,390	-0,136195	22,730000	52,275000
3,009867	-0,407310	19,490	-0,136033	22,730000	52,275000
3,011864	-0,856332	19,590	-0,136211	22,730000	52,275000
3,013857	-0,823208	19,690	-0,136198	22,730000	52,275000
3,015833	-0,798671	19,791	-0,136188	22,730000	52,275000
3,017786	-0,723834	19,891	-0,136159	22,730000	52,275000
3,019807	-0,790083	19,992	-0,136185	22,730000	52,275000
3,021800	-0,715246	20,092	-0,136155	22,730000	52,275000
3,023881	-1,039131	20,192	-0,136284	22,730000	52,275000
3,025804	-0,948345	20,292	-0,136248	22,730000	52,275000
3,027885	-0,731195	20,392	-0,136162	22,720000	52,320000
3,029792	-0,856332	20,492	-0,136211	22,720000	52,320000
3,031798	-0,823208	20,592	-0,136198	22,720000	52,320000
3,033772	-1,180217	20,692	-0,136340	22,720000	52,320000
3,035818	-0,931170	20,792	-0,136241	22,720000	52,320000
3,037801	-0,689483	20,892	-0,136145	22,720000	52,320000
3,039794	-0,880869	20,992	-0,136221	22,720000	52,320000
3,041804	-1,006007	21,092	-0,136271	22,720000	52,320000
3,043834	-0,806032	21,192	-0,136191	22,720000	52,320000
3,045796	-1,047719	21,292	-0,136288	22,720000	52,320000
3,047803	-0,856332	21,392	-0,136211	22,720000	52,320000
3,049829	-0,988831	21,493	-0,136264	22,720000	52,320000
3,051817	-0,880869	21,594	-0,136221	22,720000	52,320000
3,053786	-0,772908	21,694	-0,136178	22,720000	52,320000
3,055807	-0,981470	21,794	-0,136261	22,720000	52,320000
3,057803	-1,014594	21,894	-0,136274	22,720000	52,320000
3,059818	-0,856332	21,994	-0,136211	22,720000	52,320000
3,061818	-1,105380	22,095	-0,136311	22,720000	52,320000
3,063798	-0,981470	22,196	-0,136261	22,720000	52,320000
3,065815	-1,188805	22,297	-0,136344	22,720000	52,320000
3,067793	-1,105380	22,397	-0,136311	22,730000	52,315000
3,069806	-1,089432	22,497	-0,136304	22,730000	52,315000
3,071834	-1,030543	22,597	-0,136281	22,730000	52,315000
3,073787	-1,047719	22,697	-0,136288	22,730000	52,315000
3,075751	-0,981470	22,798	-0,136261	22,730000	52,315000
3,077842	-0,931170	22,899	-0,136241	22,730000	52,315000
3,079822	-0,981470	22,999	-0,136261	22,730000	52,315000
3,081756	-1,188805	23,100	-0,136344	22,730000	52,315000
3,083850	-1,305355	23,200	-0,136390	22,730000	52,315000
3,085820	-1,014594	23,300	-0,136274	22,730000	52,315000
3,087815	-1,288179	23,401	-0,136383	22,730000	52,315000
3,089784	-1,354428	23,501	-0,136410	22,730000	52,315000
3,091845	-1,321304	23,601	-0,136396	22,730000	52,315000
3,093815	-1,006007	23,701	-0,136271	22,730000	52,315000
3,095786	-1,063668	23,802	-0,136294	22,730000	52,315000
3,097856	-1,437853	23,902	-0,136443	22,730000	52,315000
3,099778	-1,388780	24,003	-0,136423	22,730000	52,315000
3,101826	-1,363016	24,103	-0,136413	22,730000	52,315000
3,103793	-1,221930	24,204	-0,136357	22,730000	52,315000
3,105833	-1,421904	24,304	-0,136437	22,730000	52,315000
3,107747	-1,404729	24,405	-0,136430	22,720000	52,295000
3,109833	-1,288179	24,505	-0,136383	22,720000	52,295000
3,111771	-1,388780	24,605	-0,136423	22,720000	52,295000
3,113851	-1,246467	24,705	-0,136367	22,720000	52,295000
3,115794	-1,529866	24,805	-0,136479	22,720000	52,295000
3,117805	-1,371604	24,906	-0,136417	22,720000	52,295000
3,119816	-1,545815	25,006	-0,136486	22,720000	52,295000
3,121825	-1,728614	25,106	-0,136559	22,720000	52,295000
3,123785	-1,470978	25,207	-0,136456	22,720000	52,295000
3,125825	-1,686901	25,307	-0,136542	22,720000	52,295000
3,127810	-1,529866	25,407	-0,136479	22,720000	52,295000
3,129838	-1,904052	25,507	-0,136628	22,720000	52,295000
3,131779	-1,794863	25,607	-0,136585	22,720000	52,295000
3,133863	-1,904052	25,707	-0,136628	22,720000	52,295000
3,135805	-1,787502	25,807	-0,136582	22,720000	52,295000
3,137825	-1,653777	25,908	-0,136529	22,720000	52,295000
3,139773	-1,803451	26,008	-0,136588	22,720000	52,295000
3,141818	-1,994837	26,109	-0,136665	22,720000	52,295000
3,143703	-1,737202	26,209	-0,136562	22,720000	52,295000
3,145779	-1,836575	26,310	-0,136602	22,720000	52,295000
3,147801	-1,812039	26,411	-0,136592	22,720000	52,295000
3,149833	-2,344486	26,511	-0,136804	22,720000	52,295000
3,151788	-64,764742	26,611	-0,161647	22,720000	52,295000
3,153805	-65,396563	26,711	-0,161898	22,720000	52,295000
3,155814	-65,562186	26,811	-0,161964	22,720000	52,295000
3,157815	-64,381968	26,911	-0,161495	22,720000	52,295000
3,159803	-63,659361	27,012	-0,161207	22,720000	52,295000
3,161776	-63,302352	27,113	-0,161065	22,720000	52,295000
3,163821	-62,828792	27,214	-0,160876	22,720000	52,295000
3,165744	-62,837380	27,315	-0,160880	22,720000	52,295000
3,167780	-62,296345	27,416	-0,160665	22,720000	52,295000
3,169838	-61,590914	27,516	-0,160384	22,720000	52,295000
3,171837	-62,661943	27,616	-0,160810	22,720000	52,295000
3,173855	-61,972460	27,716	-0,160536	22,720000	52,295000
3,175845	-60,917380	27,816	-0,160116	22,720000	52,295000
3,177805	-60,294147	27,917	-0,159868	22,720000	52,295000
3,179744	-59,645150	28,017	-0,159609	22,720000	52,295000
3,181819	-57,634363	28,117	-0,158809	22,720000	52,295000
3,183843	-57,958248	28,217	-0,158938	22,720000	52,295000
3,185830	-56,271347	28,317	-0,158267	22,720000	52,295000
3,187795	-55,524203	28,418	-0,157969	22,730000	52,300000
3,189784	-54,509609	28,518	-0,157565	22,730000	52,300000
3,191828	-54,767244	28,618	-0,157668	22,730000	52,300000
3,193766	-54,309634	28,718	-0,157486	22,730000	52,300000
3,195779	-53,604203	28,818	-0,157205	22,730000	52,300000
3,197831	-52,589608	28,918	-0,156801	22,730000	52,300000
3,199801	-51,617953	29,018	-0,156415	22,730000	52,300000
3,201791	-50,911295	29,118	-0,156133	22,730000	52,300000
3,203793	-50,113851	29,218	-0,155816	22,730000	52,300000
3,205817	-48,110425	29,319	-0,155019	22,730000	52,300000
3,207777	-47,736240	29,419	-0,154870	22,730000	52,300000
3,209799	-46,822246	29,519	-0,154506	22,730000	52,300000
3,211786	-45,891076	29,619	-0,154135	22,730000	52,300000
3,213790	-45,401568	29,720	-0,153940	22,730000	52,300000
3,215832	-44,835996	29,820	-0,153715	22,730000	52,300000
3,217842	-43,963715	29,920	-0,153368	22,730000	52,300000
3,219741	-43,464392	30,020	-0,153169	22,730000	52,300000
3,221827	-43,082846	30,120	-0,153018	22,730000	52,300000
3,223823	-41,295344	30,220	-0,152306	22,730000	52,300000
3,225701	-41,395945	30,320	-0,152346	22,730000	52,300000
3,227795	-40,771484	30,420	-0,152098	22,710000	52,295000
3,229812	-39,742168	30,521	-0,151688	22,710000	52,295000
3,231754	-38,220890	30,622	-0,151083	22,710000	52,295000
3,233800	-38,170589	30,722	-0,151063	22,710000	52,295000
3,235766	-37,040672	30,822	-0,150613	22,710000	52,295000
3,237789	-36,426027	30,923	-0,150368	22,710000	52,295000
3,239786	-35,129260	31,023	-0,149852	22,710000	52,295000
3,241782	-34,821323	31,123	-0,149729	22,710000	52,295000
3,243826	-33,583445	31,224	-0,149237	22,710000	52,295000
3,245829	-33,235023	31,325	-0,149098	22,710000	52,295000
3,247807	-31,988556	31,425	-0,148602	22,710000	52,295000
3,249824	-31,887955	31,526	-0,148562	22,710000	52,295000
3,251758	-31,372684	31,626	-0,148357	22,710000	52,295000
3,253840	-29,967955	31,726	-0,147798	22,710000	52,295000
3,255819	-28,422140	31,827	-0,147183	22,710000	52,295000
3,257767	-28,298229	31,927	-0,147133	22,710000	52,295000
3,259758	-27,716709	32,027	-0,146902	22,710000	52,295000
3,261812	-27,167085	32,127	-0,146683	22,710000	52,295000
3,263805	-26,536491	32,227	-0,146432	22,710000	52,295000
3,265779	-25,389398	32,327	-0,145976	22,710000	52,295000
3,267768	-24,865539	32,427	-0,145767	22,720000	52,295000
3,269770	-23,793283	32,527	-0,145340	22,720000	52,295000
3,271801	-22,256056	32,627	-0,144729	22,720000	52,295000
3,273771	-22,522279	32,727	-0,144834	22,720000	52,295000
3,275776	-20,212145	32,827	-0,143915	22,720000	52,295000
3,277828	-20,652579	32,927	-0,144090	22,720000	52,295000
3,279784	-18,798828	33,028	-0,143353	22,720000	52,295000
3,281773	-17,717984	33,128	-0,142922	22,720000	52,295000
3,283825	-16,962253	33,228	-0,142622	22,720000	52,295000
3,285773	-15,898585	33,329	-0,142198	22,720000	52,295000
3,287796	-15,150214	33,429	-0,141900	22,720000	52,295000
3,289763	-14,469319	33,529	-0,141629	22,720000	52,295000
3,291823	-13,720948	33,630	-0,141332	22,720000	52,295000
3,293743	-13,795786	33,730	-0,141361	22,720000	52,295000
3,295772	-13,047415	33,831	-0,141063	22,720000	52,295000
3,297847	-12,025459	33,931	-0,140657	22,720000	52,295000
3,299815	-11,203478	34,032	-0,140330	22,720000	52,295000
3,301755	-10,404807	34,132	-0,140012	22,720000	52,295000
3,303788	-8,443094	34,232	-0,139231	22,720000	52,295000
3,305784	-7,421139	34,333	-0,138824	22,720000	52,295000
3,307818	-6,707120	34,433	-0,138540	22,720000	52,295000
3,309789	-5,551439	34,533	-0,138080	22,720000	52,295000
3,311796	-6,134187	34,633	-0,138312	22,720000	52,295000
3,313804	-5,244730	34,733	-0,137958	22,720000	52,295000
3,315746	-4,205598	34,833	-0,137544	22,720000	52,295000
3,317744	-3,390978	34,934	-0,137220	22,720000	52,295000
3,319765	-1,089432	35,034	-0,136304	22,720000	52,295000
3,321864	-1,521278	35,134	-0,136476	22,720000	52,295000
3,323761	0,464971	35,234	-0,135686	22,720000	52,295000
3,325781	1,337253	35,334	-0,135338	22,720000	52,295000
3,327724	2,210761	35,435	-0,134991	22,720000	52,295000
3,329840	2,102799	35,535	-0,135034	22,720000	52,295000
3,331708	2,983668	35,635	-0,134683	22,720000	52,295000
3,333827	4,919618	35,736	-0,133913	22,720000	52,295000
3,335773	4,562608	35,836	-0,134055	22,720000	52,295000
3,337801	5,683937	35,936	-0,133608	22,720000	52,295000
3,339820	6,557445	36,036	-0,133261	22,720000	52,295000
3,341782	7,329126	36,136	-0,132954	22,720000	52,295000
3,343803	8,933829	36,236	-0,132315	22,720000	52,295000
3,345763	10,479644	36,336	-0,131700	22,720000	52,295000
3,347846	11,527363	36,437	-0,131283	22,730000	52,300000
3,349785	11,983747	36,537	-0,131101	22,730000	52,300000
3,351764	11,900322	36,637	-0,131134	22,730000	52,300000
3,353761	12,963990	36,737	-0,130711	22,730000	52,300000
3,355779	13,895159	36,837	-0,130340	22,730000	52,300000
3,357740	15,092553	36,937	-0,129864	22,730000	52,300000
3,359725	16,487467	37,037	-0,129309	22,730000	52,300000
3,361776	17,693448	37,137	-0,128829	22,730000	52,300000
3,363735	17,253013	37,237	-0,129004	22,730000	52,300000
3,365761	18,217307	37,337	-0,128620	22,730000	52,300000
3,367731	19,953282	37,437	-0,127929	22,730000	52,300000
3,369775	20,435429	37,538	-0,127737	22,730000	52,300000
3,371782	21,615647	37,638	-0,127268	22,730000	52,300000
3,373801	21,648771	37,739	-0,127254	22,730000	52,300000
3,375765	23,843583	37,839	-0,126381	22,730000	52,300000
3,377791	24,275430	37,940	-0,126209	22,730000	52,300000
3,379776	24,416516	38,041	-0,126153	22,730000	52,300000
3,381782	25,753769	38,142	-0,125621	22,730000	52,300000
3,383776	26,486191	38,242	-0,125329	22,730000	52,300000
3,385697	27,515507	38,342	-0,124919	22,730000	52,300000
3,387762	28,512926	38,443	-0,124522	22,720000	52,270000
3,389748	29,103035	38,544	-0,124288	22,720000	52,270000
3,391775	29,901706	38,644	-0,123970	22,720000	52,270000
3,393803	30,973962	38,745	-0,123543	22,720000	52,270000
3,395741	18,764477	38,846	-0,128402	22,720000	52,270000
3,397689	17,477524	38,946	-0,128915	22,720000	52,270000
3,399713	9,980322	39,046	-0,131898	22,720000	52,270000
3,401740	4,820244	39,146	-0,133952	22,720000	52,270000
3,403731	4,496359	39,247	-0,134081	22,720000	52,270000
3,405775	4,836193	39,347	-0,133946	22,720000	52,270000
3,407774	6,839618	39,448	-0,133148	22,720000	52,270000
3,409728	6,108423	39,548	-0,133439	22,720000	52,270000
3,411780	6,923043	39,648	-0,133115	22,720000	52,270000
3,413706	7,978123	39,749	-0,132695	22,720000	52,270000
3,415784	8,625893	39,850	-0,132438	22,720000	52,270000
3,417777	9,997497	39,951	-0,131892	22,720000	52,270000
3,419761	10,761817	40,051	-0,131587	22,720000	52,270000
3,421708	11,842661	40,151	-0,131157	22,720000	52,270000
3,423721	13,520974	40,252	-0,130489	22,720000	52,270000
3,425721	15,000540	40,352	-0,129900	22,720000	52,270000
3,427743	16,280131	40,452	-0,129391	22,730000	52,290000
3,429770	16,621192	40,553	-0,129255	22,730000	52,290000
3,431732	17,992796	40,653	-0,128709	22,730000	52,290000
3,433741	19,022113	40,754	-0,128300	22,730000	52,290000
3,435748	20,194969	40,854	-0,127833	22,730000	52,290000
3,437755	21,324886	40,954	-0,127383	22,730000	52,290000
3,439764	22,130918	41,054	-0,127062	22,730000	52,290000
3,441733	23,003200	41,154	-0,126715	22,730000	52,290000
3,443759	23,793283	41,255	-0,126401	22,730000	52,290000
3,445728	25,105999	41,355	-0,125878	22,730000	52,290000
3,447745	26,145130	41,455	-0,125465	22,730000	52,290000
3,449744	26,502140	41,555	-0,125323	22,730000	52,290000
3,451769	27,632057	41,655	-0,124873	22,730000	52,290000
3,453679	28,547277	41,755	-0,124509	22,730000	52,290000
3,455752	29,552057	41,855	-0,124109	22,730000	52,290000
3,457746	30,117629	41,955	-0,123884	22,730000	52,290000
3,459740	30,408390	42,056	-0,123768	22,730000	52,290000
3,461704	31,139585	42,156	-0,123477	22,730000	52,290000
3,463667	32,934448	42,256	-0,122763	22,730000	52,290000
3,465720	33,350345	42,356	-0,122597	22,730000	52,290000
3,467750	34,480263	42,456	-0,122147	22,730000	52,290000
3,469736	34,314640	42,557	-0,122213	22,730000	52,290000
3,471714	34,156378	42,657	-0,122276	22,730000	52,290000
3,473732	33,915917	42,758	-0,122372	22,730000	52,290000
3,475771	34,804148	42,859	-0,122019	22,730000	52,290000
3,477732	35,918116	42,960	-0,121575	22,730000	52,290000
3,479736	35,959828	43,060	-0,121559	22,730000	52,290000
3,481761	35,902167	43,160	-0,121582	22,730000	52,290000
3,483753	35,743905	43,260	-0,121645	22,730000	52,290000
3,485709	36,449337	43,361	-0,121364	22,730000	52,290000
3,487719	36,948659	43,461	-0,121165	22,730000	52,290000
3,489784	37,613605	43,561	-0,120900	22,730000	52,290000
3,491710	38,536187	43,662	-0,120533	22,730000	52,290000
3,493715	39,275970	43,762	-0,120239	22,730000	52,290000
3,495713	41,154258	43,862	-0,119491	22,730000	52,290000
3,497715	42,117325	43,963	-0,119108	22,730000	52,290000
3,499719	42,973657	44,063	-0,118767	22,730000	52,290000
3,501772	42,374961	44,163	-0,119005	22,730000	52,290000
3,503750	43,638603	44,263	-0,118502	22,730000	52,290000
3,505730	44,021376	44,364	-0,118350	22,720000	52,260000
3,507757	45,334092	44,465	-0,117828	22,720000	52,260000
3,509668	47,470016	44,565	-0,116978	22,720000	52,260000
3,511694	46,930208	44,665	-0,117192	22,720000	52,260000
3,513700	48,366834	44,765	-0,116621	22,720000	52,260000
3,515669	50,777569	44,865	-0,115661	22,720000	52,260000
3,517723	51,525940	44,965	-0,115363	22,720000	52,260000
3,519699	51,442515	45,065	-0,115396	22,720000	52,260000
3,521717	53,512190	45,165	-0,114573	22,720000	52,260000
3,523699	54,584446	45,266	-0,114146	22,720000	52,260000
3,525698	55,722951	45,367	-0,113693	22,720000	52,260000
3,527730	55,273928	45,467	-0,113872	22,720000	52,260000
3,529680	56,104497	45,567	-0,113541	22,720000	52,260000
3,531707	57,558299	45,667	-0,112962	22,720000	52,260000
3,533698	58,572894	45,767	-0,112559	22,720000	52,260000
3,535752	60,800830	45,867	-0,111672	22,720000	52,260000
3,537679	61,871859	45,967	-0,111246	22,720000	52,260000
3,539738	63,069253	46,067	-0,110769	22,720000	52,260000
3,541688	64,190582	46,168	-0,110323	22,720000	52,260000
3,543751	63,725610	46,268	-0,110508	22,720000	52,260000
3,545721	64,996614	46,368	-0,110002	22,720000	52,260000
3,547717	66,709279	46,469	-0,109320	22,720000	52,260000
3,549732	67,889496	46,570	-0,108851	22,720000	52,260000
3,551735	69,675771	46,670	-0,108140	22,720000	52,260000
3,553737	69,750609	46,770	-0,108110	22,720000	52,260000
3,555784	70,391018	46,871	-0,107855	22,720000	52,260000
3,557648	72,609139	46,971	-0,106972	22,720000	52,260000
3,559712	72,485229	47,071	-0,107021	22,720000	52,260000
3,561684	74,412590	47,171	-0,106254	22,720000	52,260000
3,563669	76,059006	47,271	-0,105599	22,720000	52,260000
3,565743	76,390252	47,372	-0,105467	22,720000	52,260000
3,567672	77,504220	47,472	-0,105024	22,720000	52,260000
3,569734	79,382508	47,572	-0,104276	22,720000	52,260000
3,571730	80,322266	47,672	-0,103902	22,720000	52,260000
3,573772	81,576093	47,772	-0,103403	22,720000	52,260000
3,575728	82,997998	47,872	-0,102837	22,720000	52,260000
3,577794	83,105959	47,972	-0,102794	22,720000	52,260000
3,579711	83,812618	48,073	-0,102513	22,720000	52,260000
3,581699	86,272427	48,173	-0,101534	22,720000	52,260000
3,583821	86,081040	48,274	-0,101610	22,720000	52,260000
3,585728	87,269845	48,375	-0,101137	22,720000	52,285000
3,587718	88,716287	48,476	-0,100562	22,720000	52,285000
3,589673	91,025194	48,577	-0,099643	22,720000	52,285000
3,591702	90,368836	48,677	-0,099904	22,720000	52,285000
3,593773	91,764977	48,777	-0,099348	22,720000	52,285000
3,595691	92,904709	48,877	-0,098895	22,720000	52,285000
3,597696	94,341336	48,977	-0,098323	22,720000	52,285000
3,599730	96,386473	49,078	-0,097509	22,720000	52,285000
3,601721	96,320224	49,178	-0,097535	22,720000	52,285000
3,603672	97,358129	49,278	-0,097122	22,720000	52,285000
3,605712	98,339598	49,378	-0,096731	22,720000	52,285000
3,607697	99,801988	49,478	-0,096149	22,720000	52,285000
3,609727	100,832532	49,578	-0,095739	22,720000	52,285000
3,611702	103,334053	49,678	-0,094744	22,720000	52,285000
3,613727	104,430846	49,778	-0,094307	22,720000	52,285000
3,615705	105,245466	49,878	-0,093983	22,720000	52,285000
3,617722	107,066092	49,978	-0,093258	22,720000	52,285000
3,619721	106,134923	50,078	-0,093629	22,720000	52,285000
3,621707	107,771524	50,179	-0,092978	22,720000	52,285000
3,623733	110,090246	50,279	-0,092055	22,720000	52,285000
3,625727	111,345301	50,380	-0,091555	22,720000	52,285000
3,625675	110,821441	50,480	-0,091764	22,720000	52,285000
3,625740	110,880329	50,580	-0,091740	22,720000	52,285000
3,625704	110,589569	50,680	-0,091856	22,720000	52,285000
3,625705	110,314757	50,780	-0,091965	22,720000	52,285000
3,625729	110,455844	50,880	-0,091909	22,720000	52,285000
3,625711	110,182259	50,980	-0,092018	22,720000	52,285000
3,625738	110,015409	51,081	-0,092084	22,720000	52,285000
3,625666	109,916035	51,181	-0,092124	22,720000	52,285000
3,625718	109,898860	51,282	-0,092131	22,720000	52,285000
3,625657	109,750412	51,382	-0,092190	22,720000	52,285000
3,625734	109,799486	51,482	-0,092170	22,720000	52,285000
3,625714	109,666987	51,583	-0,092223	22,720000	52,285000
3,625741	109,451064	51,684	-0,092309	22,720000	52,285000
3,625762	109,226553	51,784	-0,092398	22,720000	52,285000
3,625698	109,491550	51,884	-0,092293	22,720000	52,285000
3,625682	109,325927	51,984	-0,092359	22,720000	52,285000
3,625698	109,275626	52,085	-0,092379	22,720000	52,285000
3,625760	109,085466	52,185	-0,092455	22,720000	52,285000
3,625708	109,101415	52,285	-0,092448	22,720000	52,285000
3,625723	109,017990	52,385	-0,092481	22,720000	52,285000
3,625737	108,777530	52,486	-0,092577	22,720000	52,285000
3,625739	108,802067	52,586	-0,092567	22,720000	52,285000
3,625672	109,317339	52,686	-0,092362	22,720000	52,285000
3,625718	108,678156	52,786	-0,092617	22,720000	52,285000
3,625725	108,669569	52,886	-0,092620	22,720000	52,285000
3,625695	108,453645	52,986	-0,092706	22,720000	52,285000
3,625686	108,885492	53,087	-0,092534	22,720000	52,285000
3,625681	108,253671	53,188	-0,092786	22,720000	52,285000
3,625737	108,511307	53,288	-0,092683	22,720000	52,285000
3,625755	108,361632	53,389	-0,092743	22,720000	52,285000
3,625720	108,270846	53,490	-0,092779	22,720000	52,285000
3,625759	107,987447	53,590	-0,092892	22,720000	52,285000
3,625658	108,211958	53,690	-0,092802	22,720000	52,285000
3,625714	108,103997	53,790	-0,092845	22,720000	52,285000
3,625681	107,888073	53,890	-0,092931	22,720000	52,285000
3,625777	108,046335	53,990	-0,092868	22,720000	52,285000
3,625772	108,295383	54,090	-0,092769	22,720000	52,285000
3,625709	107,738399	54,190	-0,092991	22,720000	52,285000
3,625697	107,870897	54,290	-0,092938	22,720000	52,285000
3,625732	107,830412	54,390	-0,092954	22,730000	52,275000
3,625689	107,846361	54,490	-0,092948	22,730000	52,275000
3,625733	107,372802	54,590	-0,093136	22,730000	52,275000
3,625693	107,464814	54,690	-0,093100	22,730000	52,275000
3,625696	107,555600	54,790	-0,093063	22,730000	52,275000
3,625704	107,613262	54,891	-0,093041	22,730000	52,275000
3,625697	107,315140	54,991	-0,093159	22,730000	52,275000
3,625693	107,506527	55,091	-0,093083	22,730000	52,275000
3,625696	107,414514	55,191	-0,093120	22,730000	52,275000
3,625700	107,430463	55,291	-0,093113	22,730000	52,275000
3,625701	107,613262	55,391	-0,093041	22,730000	52,275000
3,625700	107,447639	55,492	-0,093106	22,730000	52,275000
3,625762	107,423102	55,592	-0,093116	22,730000	52,275000
3,625695	107,580137	55,693	-0,093054	22,730000	52,275000
3,625730	107,282016	55,793	-0,093172	22,730000	52,275000
3,625666	107,190003	55,893	-0,093209	22,730000	52,275000
3,625660	107,423102	55,993	-0,093116	22,730000	52,275000
3,625721	107,282016	56,093	-0,093172	22,730000	52,275000
3,625719	107,240303	56,193	-0,093189	22,730000	52,275000
3,625678	107,264840	56,293	-0,093179	22,730000	52,275000
3,625724	107,240303	56,394	-0,093189	22,730000	52,275000
3,625646	106,915191	56,494	-0,093318	22,730000	52,275000
3,625706	106,982667	56,594	-0,093292	22,730000	52,275000
3,625685	107,031741	56,695	-0,093272	22,730000	52,275000
3,625648	107,397338	56,795	-0,093126	22,730000	52,275000
3,625715	107,156878	56,895	-0,093222	22,730000	52,275000
3,625707	106,998616	56,995	-0,093285	22,730000	52,275000
3,625709	106,758156	57,096	-0,093381	22,730000	52,275000
3,625693	106,749568	57,196	-0,093384	22,730000	52,275000
3,625732	106,990028	57,296	-0,093289	22,730000	52,275000
3,625711	106,575357	57,396	-0,093454	22,730000	52,275000
3,625701	106,807230	57,496	-0,093361	22,730000	52,275000
3,625690	106,707856	57,596	-0,093401	22,730000	52,275000
3,625734	106,650194	57,697	-0,093424	22,730000	52,275000
3,625709	106,326309	57,797	-0,093553	22,730000	52,275000
3,625695	106,874706	57,898	-0,093334	22,730000	52,275000
3,625671	106,575357	57,999	-0,093454	22,730000	52,275000
3,625681	106,690680	58,099	-0,093408	22,730000	52,275000
3,625693	106,458808	58,199	-0,093500	22,730000	52,275000
3,625768	106,566769	58,299	-0,093457	22,730000	52,275000
3,625721	106,666143	58,399	-0,093417	22,720000	52,270000
3,625709	106,599894	58,500	-0,093444	22,720000	52,270000
3,625693	106,690680	58,600	-0,093408	22,720000	52,270000
3,625674	106,583945	58,700	-0,093450	22,720000	52,270000
3,625712	106,982667	58,800	-0,093292	22,720000	52,270000
3,625702	106,890654	58,900	-0,093328	22,720000	52,270000
3,625711	106,658782	59,000	-0,093420	22,720000	52,270000
3,625709	106,617070	59,100	-0,093437	22,720000	52,270000
3,625737	106,392558	59,201	-0,093526	22,720000	52,270000
3,625646	106,250245	59,301	-0,093583	22,720000	52,270000
3,625771	106,242884	59,401	-0,093586	22,720000	52,270000
3,625718	106,185223	59,502	-0,093609	22,720000	52,270000
3,625688	106,408507	59,602	-0,093520	22,720000	52,270000
3,625741	106,583945	59,702	-0,093450	22,720000	52,270000
3,625711	106,250245	59,803	-0,093583	22,720000	52,270000
3,625721	106,284597	59,903	-0,093569	22,720000	52,270000
3,625694	106,359434	60,003	-0,093540	22,720000	52,270000
3,625720	106,109159	60,104	-0,093639	22,720000	52,270000
3,625703	106,284597	60,204	-0,093569	22,720000	52,270000
3,625748	106,507881	60,304	-0,093480	22,720000	52,270000
3,625713	106,425683	60,404	-0,093513	22,720000	52,270000
3,623716	106,093210	60,504	-0,093646	22,720000	52,270000
3,621724	104,547395	60,604	-0,094261	22,720000	52,270000
3,619708	102,977043	60,704	-0,094886	22,720000	52,270000
3,617701	102,137887	60,804	-0,095220	22,720000	52,270000
3,615725	99,743100	60,904	-0,096173	22,720000	52,270000
3,613750	98,854870	61,004	-0,096526	22,720000	52,270000
3,611751	97,848863	61,104	-0,096927	22,720000	52,270000
3,609699	96,377886	61,206	-0,097512	22,720000	52,270000
3,607711	93,942613	61,307	-0,098481	22,720000	52,270000
3,605732	94,208837	61,407	-0,098375	22,720000	52,270000
3,603711	91,050958	61,507	-0,099632	22,720000	52,270000
3,601721	91,623891	61,607	-0,099404	22,720000	52,270000
3,599711	89,771367	61,707	-0,100142	22,720000	52,270000
3,597731	88,716287	61,808	-0,100562	22,720000	52,270000
3,595669	87,269845	61,908	-0,101137	22,720000	52,270000
3,593651	86,114165	62,008	-0,101597	22,720000	52,270000
3,591707	84,801449	62,108	-0,102120	22,720000	52,270000
3,589718	83,629819	62,208	-0,102586	22,720000	52,270000
3,587754	82,150253	62,308	-0,103175	22,720000	52,270000
3,585729	80,928323	62,408	-0,103661	22,710000	52,260000
3,583751	79,573895	62,509	-0,104200	22,710000	52,260000
3,581744	76,673651	62,610	-0,105354	22,710000	52,260000
3,579737	77,138623	62,711	-0,105169	22,710000	52,260000
3,577661	75,660284	62,812	-0,105758	22,710000	52,260000
3,575727	73,324386	62,912	-0,106688	22,710000	52,260000
3,573722	73,075338	63,012	-0,106787	22,710000	52,260000
3,571801	70,690366	63,112	-0,107736	22,710000	52,260000
3,569744	70,673190	63,213	-0,107743	22,710000	52,260000
3,567730	68,737241	63,313	-0,108513	22,710000	52,260000
3,565740	68,063707	63,414	-0,108781	22,710000	52,260000
3,563710	66,933790	63,514	-0,109231	22,710000	52,260000
3,561738	64,390556	63,614	-0,110243	22,710000	52,260000
3,559693	62,785853	63,714	-0,110882	22,710000	52,260000
3,557722	61,772485	63,815	-0,111285	22,710000	52,260000
3,555736	61,871859	63,915	-0,111246	22,710000	52,260000
3,553768	60,592268	64,015	-0,111755	22,710000	52,260000
3,551719	59,495475	64,115	-0,112191	22,710000	52,260000
3,549696	56,753494	64,215	-0,113283	22,710000	52,260000
3,547753	56,793980	64,315	-0,113267	22,710000	52,260000
3,545774	55,307053	64,416	-0,113858	22,710000	52,310000
3,543738	52,904905	64,516	-0,114814	22,710000	52,310000
3,541730	51,451103	64,616	-0,115393	22,710000	52,310000
3,539728	50,661020	64,716	-0,115708	22,710000	52,310000
3,537743	49,497978	64,816	-0,116170	22,710000	52,310000
3,535750	48,134962	64,916	-0,116713	22,710000	52,310000
3,533718	48,068713	65,016	-0,116739	22,710000	52,310000
3,531686	45,624853	65,116	-0,117712	22,710000	52,310000
3,529683	44,902246	65,216	-0,118000	22,710000	52,310000
3,527709	42,949121	65,316	-0,118777	22,710000	52,310000
3,525723	42,167625	65,416	-0,119088	22,710000	52,310000
3,523722	40,405887	65,516	-0,119789	22,710000	52,310000
3,521709	40,672111	65,616	-0,119683	22,710000	52,310000
3,519715	39,866078	65,716	-0,120004	22,710000	52,310000
3,517701	38,344800	65,816	-0,120609	22,710000	52,310000
3,515749	35,644531	65,916	-0,121684	22,710000	52,310000
3,513687	34,845860	66,016	-0,122002	22,710000	52,310000
3,511732	33,242384	66,116	-0,122640	22,710000	52,310000
3,509722	32,319802	66,217	-0,123007	22,710000	52,310000
3,507707	31,031623	66,317	-0,123520	22,710000	52,310000
3,505747	29,767981	66,418	-0,124023	22,710000	52,310000
3,503704	29,983904	66,518	-0,123937	22,710000	52,310000
3,501722	28,887111	66,618	-0,124374	22,710000	52,310000
3,499679	27,598932	66,719	-0,124886	22,710000	52,310000
3,497694	26,460427	66,819	-0,125339	22,710000	52,310000
3,495774	24,233717	66,920	-0,126226	22,710000	52,310000
3,493724	23,601896	67,020	-0,126477	22,710000	52,310000
3,491769	22,014369	67,121	-0,127109	22,710000	52,310000
3,489737	20,477142	67,221	-0,127721	22,710000	52,310000
3,487714	19,479723	67,321	-0,128118	22,710000	52,310000
3,485716	18,631978	67,422	-0,128455	22,710000	52,310000
3,483719	17,460349	67,522	-0,128921	22,710000	52,310000
3,481798	15,366137	67,623	-0,129755	22,710000	52,310000
3,479699	15,282712	67,724	-0,129788	22,710000	52,310000
3,477747	14,036246	67,824	-0,130284	22,710000	52,310000
3,475748	12,789779	67,924	-0,130780	22,710000	52,310000
3,473726	11,942034	68,024	-0,131118	22,710000	52,310000
3,471794	10,296846	68,124	-0,131772	22,710000	52,310000
3,469758	9,473638	68,224	-0,132100	22,710000	52,310000
3,467756	7,637062	68,324	-0,132831	22,710000	52,310000
3,465780	6,930404	68,426	-0,133112	22,720000	52,295000
3,463746	5,794353	68,526	-0,133564	22,720000	52,295000
3,461753	5,194429	68,627	-0,133803	22,720000	52,295000
3,459753	3,781113	68,727	-0,134366	22,720000	52,295000
3,457710	2,359208	68,827	-0,134932	22,720000	52,295000
3,455753	1,237879	68,927	-0,135378	22,720000	52,295000
3,453794	-0,872281	69,028	-0,136218	22,720000	52,295000
3,451719	-2,235298	69,128	-0,136760	22,720000	52,295000
3,449753	-2,393560	69,228	-0,136823	22,720000	52,295000
3,447748	-3,340678	69,328	-0,137200	22,720000	52,295000
3,445781	-4,446058	69,428	-0,137640	22,720000	52,295000
3,443709	-5,867963	69,529	-0,138206	22,720000	52,295000
3,441797	-7,031005	69,630	-0,138669	22,720000	52,295000
3,439767	-8,235759	69,730	-0,139148	22,720000	52,295000
3,437774	-9,233178	69,830	-0,139545	22,720000	52,295000
3,435777	-11,851248	69,931	-0,140587	22,720000	52,295000
3,433742	-13,197089	70,031	-0,141123	22,720000	52,295000
3,431751	-14,568693	70,131	-0,141669	22,720000	52,295000
3,429749	-14,011709	70,231	-0,141447	22,720000	52,295000
3,427777	-15,183339	70,331	-0,141914	22,720000	52,295000
3,425772	-16,156221	70,431	-0,142301	22,730000	52,290000
3,423761	-17,519237	70,532	-0,142843	22,730000	52,290000
3,421816	-19,895621	70,632	-0,143789	22,730000	52,290000
3,419774	-21,258637	70,732	-0,144332	22,730000	52,290000
3,417739	-20,809614	70,833	-0,144153	22,730000	52,290000
3,415809	-21,989832	70,933	-0,144623	22,730000	52,290000
3,413744	-23,660784	71,034	-0,145288	22,730000	52,290000
3,411813	-25,164887	71,134	-0,145886	22,730000	52,290000
3,409702	-26,726651	71,234	-0,146508	22,730000	52,290000
3,407741	-27,990293	71,334	-0,147011	22,730000	52,290000
3,405803	-27,948581	71,434	-0,146994	22,730000	52,290000
3,403779	-29,111623	71,534	-0,147457	22,730000	52,290000
3,401755	-30,126217	71,634	-0,147861	22,730000	52,290000
3,399778	-31,389859	71,734	-0,148364	22,730000	52,290000
3,397762	-32,495240	71,834	-0,148804	22,730000	52,290000
3,395810	-34,048416	71,934	-0,149422	22,730000	52,290000
3,393813	-35,660480	72,035	-0,150063	22,730000	52,290000
3,391808	-36,375726	72,135	-0,150348	22,730000	52,290000
3,389745	-38,095752	72,236	-0,151033	22,730000	52,290000
3,387818	-38,752110	72,336	-0,151294	22,730000	52,290000
3,385785	-39,924967	72,436	-0,151761	22,710000	52,320000
3,383834	-41,503906	72,536	-0,152389	22,710000	52,320000
3,381719	-42,143088	72,636	-0,152644	22,710000	52,320000
3,379746	-42,858335	72,737	-0,152928	22,710000	52,320000
3,377784	-43,688904	72,837	-0,153259	22,710000	52,320000
3,375770	-45,027383	72,937	-0,153792	22,710000	52,320000
3,373748	-46,531486	73,038	-0,154390	22,710000	52,320000
3,371729	-47,379230	73,139	-0,154728	22,710000	52,320000
3,369756	-48,209799	73,239	-0,155058	22,710000	52,320000
3,367738	-49,332355	73,339	-0,155505	22,710000	52,320000
3,365779	-50,371486	73,439	-0,155918	22,710000	52,320000
3,363747	-51,202055	73,539	-0,156249	22,710000	52,320000
3,361709	-52,349148	73,639	-0,156706	22,710000	52,320000
3,359825	-53,644688	73,740	-0,157221	22,710000	52,320000
3,357800	-54,692407	73,840	-0,157638	22,710000	52,320000
3,355786	-55,813737	73,940	-0,158084	22,710000	52,320000
3,353773	-56,870044	74,040	-0,158505	22,710000	52,320000
3,351803	-58,116510	74,140	-0,159001	22,710000	52,320000
3,349779	-60,559143	74,240	-0,159973	22,710000	52,320000
3,347752	-59,629201	74,340	-0,159603	22,710000	52,320000
3,345827	-61,083003	74,440	-0,160182	22,710000	52,260000
3,343748	-62,396946	74,540	-0,160705	22,710000	52,260000
3,341791	-63,418901	74,640	-0,161111	22,710000	52,260000
3,339801	-65,729036	74,741	-0,162031	22,710000	52,260000
3,337769	-66,742403	74,842	-0,162434	22,710000	52,260000
3,335752	-67,922621	74,942	-0,162904	22,710000	52,260000
3,333787	-67,200014	75,042	-0,162616	22,710000	52,260000
3,331845	-69,045177	75,142	-0,163351	22,710000	52,260000
3,329809	-69,651235	75,242	-0,163592	22,710000	52,260000
3,327790	-70,648653	75,342	-0,163989	22,710000	52,260000
3,325772	-71,837459	75,443	-0,164462	22,710000	52,260000
3,323804	-72,544117	75,543	-0,164743	22,710000	52,260000
3,321819	-74,629740	75,643	-0,165573	22,710000	52,260000
3,319801	-74,421178	75,743	-0,165490	22,710000	52,260000
3,317788	-75,535146	75,843	-0,165934	22,710000	52,260000
3,315763	-76,424603	75,943	-0,166288	22,710000	52,260000
3,313756	-77,472323	76,044	-0,166705	22,710000	52,260000
3,311737	-79,549358	76,145	-0,167531	22,710000	52,260000
3,309839	-80,720988	76,245	-0,167998	22,710000	52,260000
3,307777	-81,934330	76,346	-0,168480	22,710000	52,260000
3,305807	-82,973461	76,447	-0,168894	22,720000	52,285000
3,303796	-83,754956	76,548	-0,169205	22,720000	52,285000
3,301803	-84,668950	76,649	-0,169569	22,720000	52,285000
3,299841	-85,591532	76,750	-0,169936	22,720000	52,285000
3,297814	-86,239302	76,850	-0,170194	22,720000	52,285000
3,295771	-87,410932	76,951	-0,170660	22,720000	52,285000
3,293838	-88,317564	77,051	-0,171021	22,720000	52,285000
3,291820	-88,458651	77,152	-0,171077	22,720000	52,285000
3,289781	-89,048759	77,252	-0,171312	22,720000	52,285000
3,287769	-90,103840	77,352	-0,171732	22,720000	52,285000
3,285782	-90,711124	77,453	-0,171974	22,720000	52,285000
3,283732	-91,266881	77,554	-0,172195	22,720000	52,285000
3,281765	-92,580824	77,654	-0,172718	22,720000	52,285000
3,279814	-93,919304	77,754	-0,173250	22,720000	52,285000
3,277819	-94,300850	77,854	-0,173402	22,720000	52,285000
3,275826	-95,347342	77,954	-0,173819	22,720000	52,285000
3,273832	-96,062588	78,054	-0,174104	22,720000	52,285000
3,271822	-97,167969	78,154	-0,174543	22,720000	52,285000
3,269783	-98,489273	78,254	-0,175069	22,720000	52,285000
3,267790	-98,863458	78,354	-0,175218	22,720000	52,285000
3,265802	-98,995956	78,454	-0,175271	22,720000	52,285000
3,263803	-99,744327	78,555	-0,175569	22,720000	52,285000
3,261846	-100,433810	78,655	-0,175843	22,720000	52,285000
3,259772	-101,422641	78,755	-0,176237	22,720000	52,285000
3,257739	-101,779650	78,855	-0,176379	22,720000	52,285000
3,255839	-102,635983	78,955	-0,176720	22,720000	52,285000
3,253811	-102,918155	79,055	-0,176832	22,720000	52,285000
3,251785	-103,093593	79,155	-0,176902	22,720000	52,285000
3,249794	-103,675114	79,256	-0,177133	22,720000	52,285000
3,247796	-103,824788	79,356	-0,177193	22,720000	52,285000
3,245817	-105,611063	79,456	-0,177904	22,720000	52,285000
3,243786	-105,395140	79,556	-0,177818	22,720000	52,285000
3,241822	-105,952124	79,656	-0,178040	22,720000	52,285000
3,239782	-106,634245	79,756	-0,178311	22,720000	52,285000
3,237847	-108,387396	79,856	-0,179009	22,720000	52,285000
3,235763	-107,731038	79,956	-0,178748	22,720000	52,285000
3,233783	-108,553019	80,056	-0,179075	22,720000	52,285000
3,231840	-109,401990	80,156	-0,179413	22,720000	52,285000
3,229836	-109,783537	80,256	-0,179564	22,720000	52,285000
3,227871	-110,241147	80,356	-0,179747	22,720000	52,285000
3,225876	-110,922042	80,457	-0,180018	22,730000	52,325000
3,223788	-111,827448	80,557	-0,180378	22,730000	52,325000
3,221782	-113,514349	80,658	-0,181049	22,730000	52,325000
3,219852	-113,432151	80,759	-0,181017	22,730000	52,325000
3,217811	-115,426988	80,859	-0,181811	22,730000	52,325000
3,215858	-114,877365	80,959	-0,181592	22,730000	52,325000
3,213815	-115,799947	81,059	-0,181959	22,730000	52,325000
3,211841	-116,805954	81,160	-0,182359	22,730000	52,325000
3,209782	-117,827909	81,260	-0,182766	22,730000	52,325000
3,207816	-118,567692	81,360	-0,183061	22,730000	52,325000
3,205848	-119,706197	81,460	-0,183514	22,730000	52,325000
3,203805	-121,593073	81,560	-0,184265	22,730000	52,325000
3,201838	-122,731578	81,660	-0,184718	22,730000	52,325000
3,199875	-124,044294	81,761	-0,185240	22,730000	52,325000
3,197852	-124,900626	81,861	-0,185581	22,730000	52,325000
3,195782	-125,739783	81,961	-0,185915	22,730000	52,325000
3,193807	-126,670952	82,061	-0,186286	22,730000	52,325000
3,191841	-127,926007	82,162	-0,186785	22,730000	52,325000
3,189902	-128,490352	82,262	-0,187010	22,730000	52,325000
3,187868	-129,712282	82,363	-0,187496	22,730000	52,325000
3,185857	-130,634864	82,463	-0,187863	22,720000	52,285000
3,183820	-131,698532	82,564	-0,188287	22,720000	52,285000
3,181790	-132,812500	82,665	-0,188730	22,720000	52,285000
3,179861	-133,684781	82,766	-0,189077	22,720000	52,285000
3,177799	-133,951005	82,866	-0,189183	22,720000	52,285000
3,175793	-135,571657	82,966	-0,189828	22,720000	52,285000
3,173815	-136,351926	83,067	-0,190139	22,720000	52,285000
3,171824	-136,194890	83,168	-0,190076	22,720000	52,285000
3,169842	-136,943261	83,268	-0,190374	22,720000	52,285000
3,167837	-138,388476	83,369	-0,190949	22,720000	52,285000
3,165817	-139,643530	83,469	-0,191449	22,720000	52,285000
3,163776	-140,275351	83,569	-0,191700	22,720000	52,285000
3,161774	-141,638368	83,669	-0,192243	22,720000	52,285000
3,159824	-142,610023	83,770	-0,192629	22,720000	52,285000
3,157788	-144,023339	83,870	-0,193192	22,720000	52,285000
3,155833	-144,388937	83,970	-0,193337	22,720000	52,285000
3,153774	-144,613448	84,070	-0,193427	22,720000	52,285000
3,151865	-145,851327	84,170	-0,193919	22,720000	52,285000
3,149837	-147,297768	84,270	-0,194495	22,720000	52,285000
3,147833	-148,643609	84,370	-0,195031	22,720000	52,295000
3,145796	-148,777334	84,470	-0,195084	22,720000	52,295000
3,143820	-149,848363	84,570	-0,195510	22,720000	52,295000
3,141805	-151,253092	84,670	-0,196069	22,720000	52,295000
3,139805	-152,084887	84,770	-0,196400	22,720000	52,295000
3,137845	-153,921463	84,870	-0,197131	22,720000	52,295000
3,135810	-153,580402	84,970	-0,196996	22,720000	52,295000
3,133808	-156,031623	85,070	-0,197971	22,720000	52,295000
3,131856	-155,857412	85,171	-0,197902	22,720000	52,295000
3,129833	-156,846243	85,271	-0,198295	22,720000	52,295000
3,127828	-157,619150	85,371	-0,198603	22,720000	52,295000
3,125846	-159,913336	85,471	-0,199516	22,720000	52,295000
3,123865	-160,021298	85,571	-0,199559	22,720000	52,295000
3,121828	-161,109503	85,671	-0,199992	22,720000	52,295000
3,119806	-161,857873	85,771	-0,200290	22,720000	52,295000
3,117796	-163,852711	85,872	-0,201084	22,720000	52,295000
3,115801	-163,577899	85,972	-0,200975	22,720000	52,295000
3,113838	-164,724992	86,073	-0,201431	22,720000	52,295000
3,111835	-166,735779	86,174	-0,202231	22,720000	52,295000
3,109828	-167,658360	86,274	-0,202599	22,720000	52,295000
3,107864	-167,285402	86,374	-0,202450	22,710000	52,295000
3,105824	-168,166271	86,474	-0,202801	22,710000	52,295000
3,103830	-170,626080	86,574	-0,203780	22,710000	52,295000
3,101806	-171,614910	86,674	-0,204173	22,710000	52,295000
3,099828	-171,439473	86,774	-0,204104	22,710000	52,295000
3,097822	-173,691946	86,874	-0,205000	22,710000	52,295000
3,095809	-174,407192	86,974	-0,205285	22,710000	52,295000
3,093802	-174,323767	87,074	-0,205251	22,710000	52,295000
3,091832	-175,662247	87,174	-0,205784	22,710000	52,295000
3,089761	-176,210643	87,274	-0,206002	22,710000	52,295000
3,087829	-177,340560	87,374	-0,206452	22,710000	52,295000
3,085828	-179,368522	87,474	-0,207259	22,710000	52,295000
3,083866	-179,119474	87,574	-0,207160	22,710000	52,295000
3,081776	-180,049417	87,674	-0,207530	22,710000	52,295000
3,079816	-180,947462	87,774	-0,207888	22,710000	52,295000
3,077809	-183,141047	87,874	-0,208761	22,710000	52,295000
3,075825	-182,759501	87,974	-0,208609	22,710000	52,295000
3,073806	-183,864881	88,074	-0,209049	22,710000	52,295000
3,071863	-184,886837	88,175	-0,209456	22,710000	52,295000
3,069792	-187,113546	88,275	-0,210342	22,710000	52,295000
3,067823	-187,912217	88,375	-0,210660	22,710000	52,295000
3,065828	-188,916997	88,475	-0,211060	22,710000	52,295000
3,063814	-189,881291	88,575	-0,211443	22,710000	52,295000
3,061820	-191,044333	88,675	-0,211906	22,710000	52,295000
3,059815	-190,744985	88,775	-0,211787	22,710000	52,295000
3,057859	-191,178058	88,875	-0,211959	22,710000	52,295000
3,055811	-191,775528	88,975	-0,212197	22,710000	52,295000
3,053883	-192,972921	89,075	-0,212674	22,710000	52,295000
3,051861	-194,078302	89,176	-0,213114	22,710000	52,295000
3,049831	-196,363900	89,276	-0,214023	22,710000	52,295000
3,047821	-196,853408	89,376	-0,214218	22,710000	52,295000
3,045834	-198,009088	89,477	-0,214678	22,710000	52,295000
3,043856	-197,476641	89,577	-0,214466	22,710000	52,295000
3,041837	-199,821127	89,677	-0,215399	22,710000	52,295000
3,039796	-200,427185	89,777	-0,215641	22,710000	52,295000
3,037903	-201,067594	89,877	-0,215896	22,710000	52,295000
3,035804	-201,208680	89,977	-0,215952	22,710000	52,295000
3,033849	-201,865038	90,077	-0,216213	22,710000	52,295000
3,031859	-202,446559	90,177	-0,216444	22,710000	52,295000
3,029873	-204,732157	90,277	-0,217354	22,710000	52,295000
3,027881	-204,458572	90,377	-0,217245	22,720000	52,295000
3,025860	-206,336860	90,478	-0,217993	22,720000	52,295000
3,023858	-207,217729	90,578	-0,218343	22,720000	52,295000
3,021835	-207,882675	90,679	-0,218608	22,720000	52,295000
3,019803	-208,721832	90,779	-0,218942	22,720000	52,295000
3,017845	-208,796669	90,880	-0,218972	22,720000	52,295000
3,015856	-209,162266	90,981	-0,219117	22,720000	52,295000
3,013880	-210,765743	91,081	-0,219755	22,720000	52,295000
3,011875	-211,081040	91,182	-0,219881	22,720000	52,295000
3,009817	-212,569194	91,283	-0,220473	22,720000	52,295000
3,007870	-212,236721	91,384	-0,220341	22,720000	52,295000
3,005863	-213,641449	91,484	-0,220900	22,720000	52,295000
3,003863	-214,705117	91,584	-0,221323	22,720000	52,295000
3,001848	-214,938216	91,684	-0,221416	22,720000	52,295000
2,999852	-215,535686	91,784	-0,221654	22,720000	52,295000
2,997893	-215,777373	91,884	-0,221750	22,720000	52,295000
2,995927	-216,508568	91,984	-0,222041	22,720000	52,295000
2,993838	-217,023840	92,084	-0,222246	22,720000	52,295000
2,991872	-217,755035	92,184	-0,222537	22,720000	52,295000
2,989875	-218,669029	92,284	-0,222901	22,720000	52,295000
2,987838	-218,228594	92,384	-0,222726	22,730000	52,250000
2,985881	-218,968377	92,485	-0,223020	22,730000	52,250000
2,983807	-219,267725	92,585	-0,223139	22,730000	52,250000
2,981860	-219,906908	92,686	-0,223394	22,730000	52,250000
2,979815	-219,333975	92,786	-0,223166	22,730000	52,250000
2,977929	-219,607559	92,887	-0,223274	22,730000	52,250000
2,975892	-219,318026	92,988	-0,223159	22,730000	52,250000
2,973839	-218,461693	93,088	-0,222818	22,730000	52,250000
2,971805	-217,763623	93,189	-0,222541	22,730000	52,250000
2,969840	-191,883490	93,290	-0,212240	22,730000	52,250000
2,967911	-169,312137	93,391	-0,203257	22,730000	52,250000
2,965865	-163,793823	93,492	-0,201061	22,730000	52,250000
2,963849	-161,325426	93,592	-0,200078	22,730000	52,250000
2,961914	-158,583445	93,692	-0,198987	22,730000	52,250000
2,959933	-157,486652	93,792	-0,198550	22,730000	52,250000
2,957856	-156,938256	93,893	-0,198332	22,730000	52,250000
2,955894	-156,165348	93,994	-0,198024	22,730000	52,250000
2,953842	-156,654856	94,094	-0,198219	22,730000	52,250000
2,951830	-155,808339	94,194	-0,197882	22,730000	52,250000
2,949883	-155,425565	94,294	-0,197730	22,730000	52,250000
2,947823	-156,705157	94,394	-0,198239	22,720000	52,285000
2,945858	-156,630320	94,494	-0,198209	22,720000	52,285000
2,943858	-156,630320	94,594	-0,198209	22,720000	52,285000
2,941820	-156,165348	94,694	-0,198024	22,720000	52,285000
2,939857	-155,773987	94,795	-0,197869	22,720000	52,285000
2,937854	-156,223010	94,895	-0,198047	22,720000	52,285000
2,935851	-156,422984	94,995	-0,198127	22,720000	52,285000
2,933835	-156,987329	95,095	-0,198352	22,720000	52,285000
2,931824	-156,722332	95,195	-0,198246	22,720000	52,285000
2,929846	-157,394639	95,295	-0,198514	22,720000	52,285000
2,927884	-157,819125	95,396	-0,198683	22,720000	52,285000
2,925857	-157,502601	95,496	-0,198557	22,720000	52,285000
2,923780	-158,799368	95,596	-0,199073	22,720000	52,285000
2,921831	-159,090128	95,696	-0,199188	22,720000	52,285000
2,919825	-159,755074	95,796	-0,199453	22,720000	52,285000
2,917855	-159,222627	95,896	-0,199241	22,720000	52,285000
2,915868	-159,721950	95,996	-0,199440	22,720000	52,285000
2,913850	-160,162384	96,096	-0,199615	22,720000	52,285000
2,911876	-161,300889	96,196	-0,200068	22,720000	52,285000
2,909836	-161,583062	96,296	-0,200181	22,720000	52,285000
2,907863	-160,686244	96,396	-0,199824	22,720000	52,285000
2,905865	-161,135266	96,496	-0,200002	22,720000	52,285000
2,903853	-161,591650	96,596	-0,200184	22,720000	52,285000
2,901826	-161,659126	96,696	-0,200211	22,720000	52,285000
2,899850	-162,049260	96,796	-0,200366	22,720000	52,285000
2,897863	-162,273771	96,896	-0,200456	22,720000	52,285000
2,895897	-162,397682	96,996	-0,200505	22,720000	52,285000
2,893869	-162,298308	97,096	-0,200465	22,720000	52,285000
2,891910	-162,688442	97,197	-0,200621	22,720000	52,285000
2,889853	-163,485886	97,297	-0,200938	22,720000	52,285000
2,887866	-163,029503	97,397	-0,200756	22,720000	52,285000
2,885897	-162,946078	97,497	-0,200723	22,720000	52,285000
2,883888	-163,628200	97,597	-0,200995	22,720000	52,285000
2,881844	-163,445401	97,697	-0,200922	22,720000	52,285000
2,879835	-162,829529	97,797	-0,200677	22,720000	52,285000
2,877890	-163,229477	97,897	-0,200836	22,720000	52,285000
2,875908	-163,412276	97,997	-0,200909	22,720000	52,285000
2,873851	-163,619612	98,097	-0,200991	22,720000	52,285000
2,871878	-163,461350	98,197	-0,200928	22,720000	52,285000
2,869798	-163,162001	98,298	-0,200809	22,720000	52,285000
2,867872	-162,589068	98,399	-0,200581	22,730000	52,275000
2,865853	-162,681081	98,499	-0,200618	22,730000	52,275000
2,863879	-161,466512	98,600	-0,200134	22,730000	52,275000
2,861876	-161,300889	98,700	-0,200068	22,730000	52,275000
2,859859	-161,201515	98,800	-0,200029	22,730000	52,275000
2,857892	-160,361132	98,901	-0,199694	22,730000	52,275000
2,855915	-159,871624	99,002	-0,199500	22,730000	52,275000
2,853894	-159,198090	99,102	-0,199231	22,730000	52,275000
2,851857	-157,876786	99,203	-0,198706	22,730000	52,275000
2,849882	-156,372684	99,304	-0,198107	22,730000	52,275000
2,847851	-155,392441	99,404	-0,197717	22,730000	52,275000
2,845889	-153,853987	99,504	-0,197104	22,730000	52,275000
2,843884	-152,866383	99,605	-0,196711	22,730000	52,275000
2,841910	-150,198012	99,705	-0,195649	22,730000	52,275000
2,839858	-147,987251	99,805	-0,194770	22,730000	52,275000
2,837858	-141,105920	99,905	-0,192031	22,730000	52,275000
2,835863	-135,538533	100,005	-0,189815	22,730000	52,275000
2,833898	-121,974619	100,105	-0,184417	22,730000	52,275000
2,831851	-0,656358	100,205	-0,136132	22,730000	52,275000
2,829829	-0,731195	100,305	-0,136162	22,730000	52,275000
2,827920	-0,656358	100,406	-0,136132	22,730000	52,290000
2,825879	-0,473559	100,506	-0,136059	22,730000	52,290000
2,823877	-0,398722	100,606	-0,136029	22,730000	52,290000
2,821834	-0,839157	100,706	-0,136205	22,730000	52,290000
2,819860	-0,515272	100,806	-0,136076	22,730000	52,290000
2,817859	-0,506684	100,906	-0,136072	22,730000	52,290000
2,815919	-0,656358	101,006	-0,136132	22,730000	52,290000
2,813898	-1,006007	101,106	-0,136271	22,730000	52,290000
2,811828	-0,431847	101,206	-0,136042	22,730000	52,290000
2,809883	-0,515272	101,307	-0,136076	22,730000	52,290000
2,807915	-0,648997	101,407	-0,136129	22,730000	52,290000
2,805803	-0,316524	101,507	-0,135997	22,730000	52,290000
2,803855	-0,407310	101,607	-0,136033	22,730000	52,290000
2,801824	-0,731195	101,707	-0,136162	22,730000	52,290000
2,799903	-0,490735	101,807	-0,136066	22,730000	52,290000
2,797897	-0,623233	101,907	-0,136119	22,730000	52,290000
2,795884	-0,349649	102,007	-0,136010	22,730000	52,290000
2,793860	-0,731195	102,107	-0,136162	22,730000	52,290000
2,791898	-0,116550	102,207	-0,135917	22,730000	52,290000
2,789912	-0,623233	102,307	-0,136119	22,730000	52,290000
2,787872	-0,473559	102,407	-0,136059	22,710000	52,310000
2,785885	-0,325112	102,507	-0,136000	22,710000	52,310000
2,783880	-0,415898	102,607	-0,136036	22,710000	52,310000
2,781907	-0,731195	102,707	-0,136162	22,710000	52,310000
2,779910	-0,532447	102,807	-0,136083	22,710000	52,310000
2,777911	-0,407310	102,907	-0,136033	22,710000	52,310000
2,775894	-0,631821	103,007	-0,136122	22,710000	52,310000
2,773902	-0,614645	103,108	-0,136115	22,710000	52,310000
2,771920	-0,415898	103,208	-0,136036	22,710000	52,310000
2,769824	-0,325112	103,308	-0,136000	22,710000	52,310000
2,767816	-0,698070	103,408	-0,136148	22,710000	52,310000
2,765904	-0,506684	103,509	-0,136072	22,710000	52,310000
2,763875	-0,490735	103,609	-0,136066	22,710000	52,310000
2,761902	-0,614645	103,709	-0,136115	22,710000	52,310000
2,759952	-0,266224	103,809	-0,135977	22,710000	52,310000
2,757879	-0,473559	103,909	-0,136059	22,710000	52,310000
2,755890	-0,648997	104,009	-0,136129	22,710000	52,310000
2,753870	-0,466198	104,109	-0,136056	22,710000	52,310000
2,751923	-0,390134	104,209	-0,136026	22,710000	52,310000
2,749884	-0,814620	104,309	-0,136195	22,710000	52,310000
2,747803	-0,407310	104,410	-0,136033	22,710000	52,310000
2,745900	-0,449022	104,511	-0,136049	22,710000	52,310000
2,743903	-0,424486	104,611	-0,136040	22,710000	52,310000
2,741853	-0,473559	104,711	-0,136059	22,710000	52,310000
2,739905	-0,574160	104,811	-0,136099	22,710000	52,310000
2,737908	-0,374185	104,911	-0,136020	22,710000	52,310000
2,735878	-0,299348	105,011	-0,135990	22,710000	52,310000
2,733877	-0,349649	105,111	-0,136010	22,710000	52,310000
2,731913	-0,241687	105,212	-0,135967	22,710000	52,310000
2,729884	-0,290760	105,312	-0,135986	22,710000	52,310000
2,727882	-0,457610	105,412	-0,136053	22,710000	52,310000
2,725869	-0,440435	105,513	-0,136046	22,710000	52,310000
2,723853	-0,390134	105,613	-0,136026	22,710000	52,310000
2,721926	-0,473559	105,713	-0,136059	22,710000	52,310000
2,719871	-0,182799	105,813	-0,135943	22,710000	52,310000
2,717897	-0,431847	105,913	-0,136042	22,710000	52,310000
2,715892	-0,290760	106,014	-0,135986	22,710000	52,310000
2,713842	-0,325112	106,114	-0,136000	22,710000	52,310000
2,711924	-0,482147	106,214	-0,136063	22,710000	52,310000
2,709882	-0,490735	106,314	-0,136066	22,710000	52,310000
2,707890	-0,398722	106,414	-0,136029	22,730000	52,275000
2,705882	-0,415898	106,514	-0,136036	22,730000	52,275000
2,703872	-0,307936	106,614	-0,135993	22,730000	52,275000
2,701896	-0,431847	106,714	-0,136042	22,730000	52,275000
2,699907	-0,116550	106,814	-0,135917	22,730000	52,275000
2,697848	-0,581521	106,914	-0,136102	22,730000	52,275000
2,695857	-0,407310	107,014	-0,136033	22,730000	52,275000
2,693892	-0,191387	107,115	-0,135947	22,730000	52,275000
2,691842	-0,266224	107,215	-0,135977	22,730000	52,275000
2,689917	-0,415898	107,315	-0,136036	22,730000	52,275000
2,687840	-0,166850	107,416	-0,135937	22,730000	52,275000
2,685846	-0,224511	107,516	-0,135960	22,730000	52,275000
2,683853	-0,283399	107,616	-0,135983	22,730000	52,275000
2,681942	-0,349649	107,716	-0,136010	22,730000	52,275000
2,679840	-0,466198	107,817	-0,136056	22,730000	52,275000
2,677883	-0,249048	107,917	-0,135970	22,730000	52,275000
2,675893	-0,398722	108,018	-0,136029	22,730000	52,275000
2,673898	-0,466198	108,118	-0,136056	22,730000	52,275000
2,671907	-0,382773	108,218	-0,136023	22,730000	52,275000
2,669930	-0,499323	108,318	-0,136069	22,730000	52,275000
2,667917	-0,424486	108,419	-0,136040	22,730000	52,275000
2,665917	-0,274812	108,519	-0,135980	22,730000	52,275000
2,663908	-0,382773	108,619	-0,136023	22,730000	52,275000
2,661910	-0,407310	108,720	-0,136033	22,730000	52,275000
2,659901	-0,274812	108,820	-0,135980	22,730000	52,275000
2,657892	-0,574160	108,920	-0,136099	22,730000	52,275000
2,655857	-0,499323	109,020	-0,136069	22,730000	52,275000
2,653879	-0,357010	109,120	-0,136013	22,730000	52,275000
2,651900	-0,390134	109,220	-0,136026	22,730000	52,275000
2,649892	-0,349649	109,320	-0,136010	22,730000	52,275000
2,647879	-0,249048	109,420	-0,135970	22,730000	52,275000
2,645877	-0,365598	109,520	-0,136016	22,730000	52,275000
2,643871	-0,266224	109,620	-0,135977	22,730000	52,275000
2,641907	-0,166850	109,721	-0,135937	22,730000	52,275000
2,639916	-0,407310	109,822	-0,136033	22,730000	52,275000
2,637928	-0,249048	109,922	-0,135970	22,730000	52,275000
2,635916	-0,174211	110,023	-0,135940	22,730000	52,275000
2,633909	-0,257636	110,123	-0,135973	22,730000	52,275000
2,631885	-0,325112	110,223	-0,136000	22,730000	52,275000
2,629840	-0,365598	110,324	-0,136016	22,730000	52,275000
2,627872	-0,092013	110,424	-0,135907	22,720000	52,270000
2,625884	-0,208562	110,524	-0,135954	22,720000	52,270000
