Quasi static measurement routine
Tip parameters (shape,radius, material...) 
24.08.2022

Piezo position[nm]	MEMS displ.[nm]	Time[ms]	Cap [pf]	Temp [°C]	Rh [%]
eoh
2,551863	0,107962	0,214	-0,135732	22,700000	51,965000
2,553872	0,182799	0,315	-0,135702	22,700000	51,965000
2,555916	0,058888	0,415	-0,135751	22,690000	51,935000
2,557891	-0,024537	0,516	-0,135785	22,690000	51,935000
2,559858	0,199974	0,616	-0,135695	22,690000	51,935000
2,561911	0,283399	0,716	-0,135662	22,690000	51,935000
2,563889	-0,198748	0,816	-0,135854	22,690000	51,935000
2,565887	0,158262	0,916	-0,135712	22,690000	51,935000
2,567885	0,208562	1,016	-0,135692	22,690000	51,935000
2,569875	0,166850	1,117	-0,135708	22,690000	51,935000
2,571909	-0,141086	1,218	-0,135831	22,690000	51,935000
2,573900	0,141086	1,319	-0,135719	22,690000	51,935000
2,575903	0,074837	1,420	-0,135745	22,690000	51,935000
2,577919	-0,015949	1,521	-0,135781	22,690000	51,935000
2,579874	0,058888	1,621	-0,135751	22,690000	51,935000
2,581916	0,191387	1,721	-0,135699	22,690000	51,935000
2,583884	0,058888	1,821	-0,135751	22,690000	51,935000
2,585878	0,033125	1,921	-0,135762	22,690000	51,935000
2,587920	-0,041712	2,021	-0,135792	22,690000	51,935000
2,589899	-0,007361	2,121	-0,135778	22,690000	51,935000
2,591870	0,133725	2,222	-0,135722	22,690000	51,935000
2,593860	0,041712	2,322	-0,135758	22,690000	51,935000
2,595813	-0,057661	2,422	-0,135798	22,700000	51,925000
2,597898	-0,182799	2,522	-0,135848	22,700000	51,925000
2,599863	0,050300	2,622	-0,135755	22,700000	51,925000
2,601850	-0,066249	2,722	-0,135801	22,700000	51,925000
2,603902	0,083425	2,822	-0,135742	22,700000	51,925000
2,605833	-0,249048	2,922	-0,135874	22,700000	51,925000
2,607830	-0,116550	3,022	-0,135821	22,700000	51,925000
2,609868	0,257636	3,122	-0,135672	22,700000	51,925000
2,611886	-0,125137	3,222	-0,135825	22,700000	51,925000
2,613856	-0,165623	3,322	-0,135841	22,700000	51,925000
2,615858	0,058888	3,422	-0,135751	22,700000	51,925000
2,617905	-0,090786	3,522	-0,135811	22,700000	51,925000
2,619932	0,000000	3,622	-0,135775	22,700000	51,925000
2,621870	-0,066249	3,722	-0,135801	22,700000	51,925000
2,623871	-0,007361	3,822	-0,135778	22,700000	51,925000
2,625857	-0,074837	3,922	-0,135805	22,700000	51,925000
2,627839	0,133725	4,022	-0,135722	22,700000	51,925000
2,629872	-0,141086	4,123	-0,135831	22,700000	51,925000
2,631893	0,025764	4,223	-0,135765	22,700000	51,925000
2,633854	0,116550	4,323	-0,135729	22,700000	51,925000
2,635872	0,107962	4,423	-0,135732	22,700000	51,925000
2,637908	0,182799	4,523	-0,135702	22,700000	51,925000
2,639812	0,141086	4,624	-0,135719	22,700000	51,925000
2,641846	-0,323885	4,724	-0,135904	22,700000	51,925000
2,643884	-0,266224	4,824	-0,135881	22,700000	51,925000
2,645862	-0,231872	4,924	-0,135867	22,700000	51,925000
2,647911	0,058888	5,024	-0,135751	22,700000	51,925000
2,649859	-0,215923	5,124	-0,135861	22,700000	51,925000
2,651888	-0,190160	5,224	-0,135851	22,700000	51,925000
2,653933	-0,107962	5,324	-0,135818	22,700000	51,925000
2,655849	-0,090786	5,424	-0,135811	22,700000	51,925000
2,657835	-0,149674	5,524	-0,135834	22,700000	51,925000
2,659807	-0,099374	5,624	-0,135814	22,700000	51,925000
2,661874	-0,125137	5,725	-0,135825	22,700000	51,925000
2,663878	-0,273585	5,825	-0,135884	22,700000	51,925000
2,665913	-0,231872	5,925	-0,135867	22,700000	51,925000
2,667884	-0,116550	6,025	-0,135821	22,700000	51,925000
2,669927	-0,099374	6,125	-0,135814	22,700000	51,925000
2,671827	-0,033125	6,225	-0,135788	22,700000	51,925000
2,673854	-0,141086	6,325	-0,135831	22,700000	51,925000
2,675863	-0,257636	6,426	-0,135877	22,700000	51,935000
2,677880	-0,033125	6,526	-0,135788	22,700000	51,935000
2,679833	-0,083425	6,626	-0,135808	22,700000	51,935000
2,681870	-0,290760	6,726	-0,135891	22,700000	51,935000
2,683892	-0,290760	6,826	-0,135891	22,700000	51,935000
2,685880	-0,266224	6,927	-0,135881	22,700000	51,935000
2,687871	-0,074837	7,028	-0,135805	22,700000	51,935000
2,689838	0,041712	7,128	-0,135758	22,700000	51,935000
2,691850	-0,341061	7,228	-0,135911	22,700000	51,935000
2,693857	0,033125	7,328	-0,135762	22,700000	51,935000
2,695850	-0,315297	7,429	-0,135900	22,700000	51,935000
2,697911	-0,381546	7,530	-0,135927	22,700000	51,935000
2,699862	-0,165623	7,630	-0,135841	22,700000	51,935000
2,701865	-0,266224	7,730	-0,135881	22,700000	51,935000
2,703873	-0,165623	7,830	-0,135841	22,700000	51,935000
2,705867	-0,174211	7,931	-0,135844	22,700000	51,935000
2,707909	-0,107962	8,031	-0,135818	22,700000	51,935000
2,709888	-0,290760	8,132	-0,135891	22,700000	51,935000
2,711916	0,008588	8,233	-0,135771	22,700000	51,935000
2,713817	-0,249048	8,333	-0,135874	22,700000	51,935000
2,715815	-0,132498	8,433	-0,135828	22,700000	51,935000
2,717896	-0,107962	8,533	-0,135818	22,700000	51,935000
2,719853	-0,190160	8,633	-0,135851	22,700000	51,935000
2,721914	-0,372959	8,733	-0,135923	22,700000	51,935000
2,723872	-0,049073	8,833	-0,135794	22,700000	51,935000
2,725874	-0,207336	8,933	-0,135857	22,700000	51,935000
2,727912	-0,149674	9,033	-0,135834	22,700000	51,935000
2,729878	-0,299348	9,133	-0,135894	22,700000	51,935000
2,731846	-0,273585	9,234	-0,135884	22,700000	51,935000
2,733859	-0,207336	9,335	-0,135857	22,700000	51,935000
2,735928	-0,273585	9,435	-0,135884	22,700000	51,935000
2,737832	-0,240460	9,535	-0,135871	22,700000	51,935000
2,739832	-0,125137	9,636	-0,135825	22,700000	51,935000
2,741877	-0,107962	9,736	-0,135818	22,700000	51,935000
2,743861	-0,332473	9,836	-0,135907	22,700000	51,935000
2,745866	-0,249048	9,937	-0,135874	22,700000	51,935000
2,747789	-0,224511	10,037	-0,135864	22,700000	51,935000
2,749848	-0,198748	10,137	-0,135854	22,700000	51,935000
2,751846	-0,099374	10,238	-0,135814	22,700000	51,935000
2,753866	-0,141086	10,339	-0,135831	22,690000	51,935000
2,755888	-0,357010	10,440	-0,135917	22,690000	51,935000
2,757881	-0,190160	10,540	-0,135851	22,690000	51,935000
2,759885	-0,257636	10,640	-0,135877	22,690000	51,935000
2,761886	-0,482147	10,740	-0,135967	22,690000	51,935000
2,763839	-0,190160	10,840	-0,135851	22,690000	51,935000
2,765942	-0,449022	10,941	-0,135954	22,690000	51,935000
2,767845	-0,174211	11,041	-0,135844	22,690000	51,935000
2,769859	-0,257636	11,142	-0,135877	22,690000	51,935000
2,771958	-0,390134	11,242	-0,135930	22,690000	51,935000
2,773866	-0,414671	11,342	-0,135940	22,690000	51,935000
2,775829	-0,249048	11,443	-0,135874	22,690000	51,935000
2,777807	-0,299348	11,684	-0,135894	22,690000	51,935000
2,779891	-0,482147	11,784	-0,135967	22,690000	51,935000
2,781900	-0,515272	11,884	-0,135980	22,690000	51,935000
2,783851	-0,755732	11,984	-0,136076	22,690000	51,935000
2,785892	-0,556984	12,084	-0,135997	22,690000	51,935000
2,787838	-0,341061	12,184	-0,135911	22,690000	51,935000
2,789884	-0,315297	12,284	-0,135900	22,690000	51,935000
2,791867	-0,332473	12,384	-0,135907	22,690000	51,935000
2,793896	-0,440435	12,484	-0,135950	22,690000	51,935000
2,795917	-0,282173	12,584	-0,135887	22,690000	51,935000
2,797900	-0,456383	12,684	-0,135957	22,690000	51,935000
2,799853	-0,332473	12,784	-0,135907	22,690000	51,935000
2,801852	-0,215923	12,884	-0,135861	22,690000	51,935000
2,803874	-0,290760	12,984	-0,135891	22,690000	51,935000
2,805881	-0,249048	13,084	-0,135874	22,690000	51,935000
2,807881	-0,531221	13,184	-0,135986	22,690000	51,935000
2,809884	-0,498096	13,284	-0,135973	22,690000	51,935000
2,811837	-0,531221	13,385	-0,135986	22,690000	51,935000
2,813880	-0,423259	13,485	-0,135943	22,690000	51,935000
2,815846	-0,390134	13,585	-0,135930	22,690000	51,935000
2,817875	-0,456383	13,685	-0,135957	22,690000	51,935000
2,819858	-0,357010	13,785	-0,135917	22,690000	51,935000
2,821812	-0,539808	13,885	-0,135990	22,690000	51,935000
2,823869	-0,215923	13,985	-0,135861	22,690000	51,935000
2,825839	-0,141086	14,085	-0,135831	22,690000	51,935000
2,827835	-0,372959	14,186	-0,135923	22,690000	51,935000
2,829865	-0,372959	14,286	-0,135923	22,690000	51,935000
2,831856	-0,231872	14,387	-0,135867	22,690000	51,910000
2,833876	-0,473559	14,487	-0,135963	22,690000	51,910000
2,835861	-0,556984	14,587	-0,135997	22,690000	51,910000
2,837858	-0,423259	14,687	-0,135943	22,690000	51,910000
2,839863	-0,440435	14,788	-0,135950	22,690000	51,910000
2,841827	-0,565572	14,888	-0,136000	22,690000	51,910000
2,843833	-0,680895	14,988	-0,136046	22,690000	51,910000
2,845891	-0,440435	15,088	-0,135950	22,690000	51,910000
2,847871	-0,282173	15,188	-0,135887	22,690000	51,910000
2,849872	-0,449022	15,289	-0,135954	22,690000	51,910000
2,851834	-0,556984	15,389	-0,135997	22,690000	51,910000
2,853870	-0,539808	15,489	-0,135990	22,690000	51,910000
2,855810	-0,556984	15,590	-0,135997	22,690000	51,910000
2,857873	-0,257636	15,691	-0,135877	22,690000	51,910000
2,859784	-0,407310	15,791	-0,135937	22,690000	51,910000
2,861836	-0,606058	15,892	-0,136016	22,690000	51,910000
2,863824	-0,565572	15,992	-0,136000	22,690000	51,910000
2,865806	-0,482147	16,092	-0,135967	22,690000	51,910000
2,867859	-0,531221	16,192	-0,135986	22,690000	51,910000
2,869884	-0,656358	16,293	-0,136036	22,690000	51,910000
2,871809	-0,548396	16,393	-0,135993	22,700000	51,935000
2,873814	-0,590109	16,493	-0,136010	22,700000	51,935000
2,875829	-0,656358	16,593	-0,136036	22,700000	51,935000
2,877814	-0,614645	16,693	-0,136020	22,700000	51,935000
2,879831	-0,664946	16,793	-0,136040	22,700000	51,935000
2,881850	-0,630594	16,893	-0,136026	22,700000	51,935000
2,883815	-0,672307	16,994	-0,136042	22,700000	51,935000
2,885844	-0,606058	17,094	-0,136016	22,700000	51,935000
2,887835	-0,431847	17,194	-0,135947	22,700000	51,935000
2,889827	-0,614645	17,294	-0,136020	22,700000	51,935000
2,891877	-0,531221	17,394	-0,135986	22,700000	51,935000
2,893853	-0,572933	17,495	-0,136003	22,700000	51,935000
2,895851	-0,639182	17,595	-0,136029	22,700000	51,935000
2,897852	-0,747144	17,695	-0,136072	22,700000	51,935000
2,899805	-0,581521	17,796	-0,136006	22,700000	51,935000
2,901858	-0,332473	17,897	-0,135907	22,700000	51,935000
2,903861	-0,539808	17,997	-0,135990	22,700000	51,935000
2,905851	-0,722607	18,097	-0,136063	22,700000	51,935000
2,907856	-0,489508	18,197	-0,135970	22,700000	51,935000
2,909840	-0,889457	18,298	-0,136129	22,700000	51,935000
2,911806	-0,680895	18,398	-0,136046	22,690000	51,910000
2,913855	-0,647770	18,499	-0,136033	22,690000	51,910000
2,915865	-0,722607	18,600	-0,136063	22,690000	51,910000
2,917857	-0,680895	18,700	-0,136046	22,690000	51,910000
2,919877	-0,706658	18,800	-0,136056	22,690000	51,910000
2,921874	-0,614645	18,900	-0,136020	22,690000	51,910000
2,923814	-0,614645	19,001	-0,136020	22,690000	51,910000
2,925871	-0,863693	19,101	-0,136119	22,690000	51,910000
2,927772	-0,614645	19,202	-0,136020	22,690000	51,910000
2,929888	-0,664946	19,302	-0,136040	22,690000	51,910000
2,931802	-0,830569	19,402	-0,136105	22,690000	51,910000
2,933840	-0,689483	19,502	-0,136049	22,690000	51,910000
2,935829	-0,606058	19,603	-0,136016	22,690000	51,910000
2,937873	-0,830569	19,704	-0,136105	22,690000	51,910000
2,939860	-0,863693	19,804	-0,136119	22,690000	51,910000
2,941806	-0,889457	19,905	-0,136129	22,690000	51,910000
2,943835	-0,988831	20,006	-0,136168	22,690000	51,910000
2,945866	-0,664946	20,106	-0,136040	22,690000	51,910000
2,947841	-0,814620	20,206	-0,136099	22,690000	51,910000
2,949818	-1,013368	20,306	-0,136178	22,690000	51,910000
2,951822	-1,112741	20,406	-0,136218	22,690000	51,910000
2,953851	-0,664946	20,506	-0,136040	22,690000	51,910000
2,955852	-0,863693	20,606	-0,136119	22,690000	51,910000
2,957826	-0,630594	20,706	-0,136026	22,690000	51,910000
2,959820	-0,896818	20,806	-0,136132	22,690000	51,910000
2,961822	-0,830569	20,907	-0,136105	22,690000	51,910000
2,963853	-0,880869	21,007	-0,136125	22,690000	51,910000
2,965822	-1,039131	21,108	-0,136188	22,690000	51,910000
2,967859	-0,964294	21,209	-0,136159	22,690000	51,910000
2,969822	-0,847745	21,309	-0,136112	22,690000	51,910000
2,971847	-0,722607	21,410	-0,136063	22,690000	51,910000
2,973813	-0,997419	21,510	-0,136172	22,690000	51,910000
2,975822	-0,821981	21,610	-0,136102	22,690000	51,910000
2,977832	-1,096793	21,711	-0,136211	22,690000	51,910000
2,979834	-0,997419	21,811	-0,136172	22,690000	51,910000
2,981851	-1,021955	21,912	-0,136182	22,690000	51,910000
2,983822	-0,913994	22,012	-0,136139	22,690000	51,910000
2,985819	-1,229291	22,112	-0,136264	22,690000	51,910000
2,987874	-0,980243	22,212	-0,136165	22,690000	51,910000
2,989856	-1,071029	22,312	-0,136201	22,690000	51,910000
2,991893	-1,079617	22,413	-0,136205	22,700000	51,975000
2,993857	-1,163042	22,513	-0,136238	22,700000	51,975000
2,995834	-1,354428	22,613	-0,136314	22,700000	51,975000
2,997810	-1,055080	22,713	-0,136195	22,700000	51,975000
2,999802	-1,312716	22,814	-0,136297	22,700000	51,975000
3,001833	-1,021955	22,915	-0,136182	22,700000	51,975000
3,003822	-1,063668	23,016	-0,136198	22,700000	51,975000
3,005817	-1,147093	23,116	-0,136231	22,700000	51,975000
3,007797	-1,271003	23,216	-0,136281	22,700000	51,975000
3,009848	-1,237879	23,316	-0,136268	22,700000	51,975000
3,011819	-1,437853	23,416	-0,136347	22,700000	51,975000
3,013870	-1,561764	23,516	-0,136396	22,700000	51,975000
3,015841	-1,288179	23,617	-0,136288	22,700000	51,975000
3,017832	-1,453802	23,717	-0,136354	22,700000	51,975000
3,019839	-1,021955	23,817	-0,136182	22,700000	51,975000
3,021800	-1,055080	23,917	-0,136195	22,700000	51,975000
3,023850	-1,213342	24,017	-0,136258	22,700000	51,975000
3,025788	-1,295540	24,117	-0,136291	22,700000	51,975000
3,027820	-1,188805	24,217	-0,136248	22,700000	51,975000
3,029832	-1,396141	24,317	-0,136331	22,700000	51,975000
3,031832	-1,520051	24,417	-0,136380	22,690000	51,950000
3,033843	-1,437853	24,517	-0,136347	22,690000	51,950000
3,035824	-1,404729	24,617	-0,136334	22,690000	51,950000
3,037822	-1,629240	24,718	-0,136423	22,690000	51,950000
3,039787	-1,570352	24,819	-0,136400	22,690000	51,950000
3,041839	-1,711438	24,919	-0,136456	22,690000	51,950000
3,043818	-1,827988	25,019	-0,136502	22,690000	51,950000
3,045802	-1,629240	25,120	-0,136423	22,690000	51,950000
3,047805	-1,711438	25,220	-0,136456	22,690000	51,950000
3,049876	-1,869700	25,320	-0,136519	22,690000	51,950000
3,051792	-1,878288	25,420	-0,136522	22,690000	51,950000
3,053902	-1,927361	25,520	-0,136542	22,690000	51,950000
3,055840	-1,935949	25,620	-0,136545	22,690000	51,950000
3,057792	-2,169048	25,721	-0,136638	22,690000	51,950000
3,059852	-2,110160	25,821	-0,136615	22,690000	51,950000
3,061870	-44,769747	25,921	-0,153593	22,690000	51,950000
3,063817	-69,028001	26,021	-0,163248	22,690000	51,950000
3,065828	-70,406966	26,121	-0,163797	22,690000	51,950000
3,067825	-70,191043	26,221	-0,163711	22,690000	51,950000
3,069774	-69,891695	26,321	-0,163592	22,690000	51,950000
3,071816	-69,510148	26,421	-0,163440	22,690000	51,950000
3,073807	-68,902864	26,521	-0,163198	22,690000	51,950000
3,075820	-68,396180	26,621	-0,162997	22,690000	51,950000
3,077793	-66,351042	26,721	-0,162183	22,690000	51,950000
3,079836	-66,451643	26,821	-0,162223	22,690000	51,950000
3,081834	-65,670148	26,921	-0,161912	22,690000	51,950000
3,083803	-65,097215	27,021	-0,161684	22,690000	51,950000
3,085784	-64,631016	27,121	-0,161498	22,690000	51,950000
3,087810	-63,758735	27,221	-0,161151	22,690000	51,950000
3,089796	-62,827566	27,321	-0,160780	22,690000	51,950000
3,091866	-62,030121	27,421	-0,160463	22,690000	51,950000
3,093804	-61,556562	27,521	-0,160274	22,690000	51,950000
3,095808	-59,570312	27,621	-0,159484	22,690000	51,950000
3,097880	-59,852485	27,721	-0,159596	22,690000	51,950000
3,099774	-59,578900	27,821	-0,159487	22,690000	51,950000
3,101827	-58,905367	27,921	-0,159219	22,690000	51,950000
3,103801	-56,885992	28,021	-0,158416	22,690000	51,950000
3,105851	-56,154797	28,121	-0,158125	22,690000	51,950000
3,107847	-55,273928	28,222	-0,157774	22,690000	51,950000
3,109853	-55,930286	28,322	-0,158035	22,690000	51,950000
3,111853	-55,215040	28,422	-0,157750	22,690000	51,950000
3,113832	-54,034823	28,523	-0,157281	22,690000	51,950000
3,115840	-52,614145	28,623	-0,156715	22,690000	51,950000
3,117818	-53,129417	28,723	-0,156920	22,690000	51,950000
3,119832	-52,455883	28,823	-0,156652	22,690000	51,950000
3,121837	-51,409391	28,923	-0,156236	22,690000	51,950000
3,123896	-50,993493	29,023	-0,156070	22,690000	51,950000
3,125897	-50,378847	29,124	-0,155826	22,690000	51,950000
3,127768	-48,417135	29,224	-0,155045	22,690000	51,950000
3,129866	-47,428304	29,324	-0,154651	22,690000	51,950000
3,131796	-46,738821	29,424	-0,154377	22,690000	51,950000
3,133814	-46,140124	29,524	-0,154139	22,690000	51,950000
3,135826	-45,400342	29,624	-0,153844	22,690000	51,950000
3,137860	-44,470399	29,725	-0,153474	22,690000	51,950000
3,139673	-43,953900	29,826	-0,153269	22,690000	51,950000
3,141873	-43,023958	29,927	-0,152898	22,690000	51,950000
3,143774	-42,374961	30,029	-0,152640	22,690000	51,950000
3,145769	-42,134501	30,129	-0,152544	22,690000	51,950000
3,147800	-40,638986	30,230	-0,151949	22,690000	51,950000
3,149818	-40,423063	30,331	-0,151863	22,690000	51,950000
3,151754	-39,791241	30,431	-0,151612	22,690000	51,950000
3,153860	-38,934909	30,532	-0,151271	22,690000	51,950000
3,155788	-38,444174	30,632	-0,151076	22,690000	51,950000
3,157830	-37,730155	30,733	-0,150792	22,690000	51,950000
3,159817	-36,948659	30,834	-0,150480	22,690000	51,950000
3,161809	-35,918116	30,934	-0,150070	22,690000	51,950000
3,163850	-35,444557	31,034	-0,149882	22,690000	51,950000
3,165830	-34,755074	31,135	-0,149607	22,690000	51,950000
3,167859	-33,949042	31,236	-0,149287	22,690000	51,950000
3,169753	-33,275508	31,336	-0,149019	22,690000	51,950000
3,171804	-31,115048	31,436	-0,148159	22,690000	51,950000
3,173823	-31,613144	31,536	-0,148357	22,690000	51,950000
3,175779	-30,756811	31,636	-0,148016	22,690000	51,950000
3,177798	-28,613527	31,736	-0,147163	22,690000	51,950000
3,179820	-28,065130	31,837	-0,146945	22,690000	51,950000
3,181809	-28,222166	31,937	-0,147007	22,690000	51,950000
3,183865	-27,299584	32,037	-0,146640	22,690000	51,950000
3,185850	-26,543852	32,138	-0,146339	22,690000	51,950000
3,187776	-25,546433	32,239	-0,145942	22,690000	51,950000
3,189792	-24,982088	32,339	-0,145718	22,700000	51,925000
3,191813	-24,050919	32,440	-0,145347	22,700000	51,925000
3,193881	-23,219123	32,541	-0,145016	22,700000	51,925000
3,195806	-21,375186	32,641	-0,144282	22,700000	51,925000
3,197780	-21,557985	32,741	-0,144355	22,700000	51,925000
3,199774	-19,620809	32,841	-0,143584	22,700000	51,925000
3,201799	-18,499480	32,941	-0,143138	22,700000	51,925000
3,203814	-17,900783	33,041	-0,142899	22,700000	51,925000
3,205802	-16,911952	33,141	-0,142506	22,700000	51,925000
3,207848	-17,394099	33,242	-0,142698	22,700000	51,925000
3,209816	-16,372144	33,342	-0,142291	22,700000	51,925000
3,211740	-14,534342	33,443	-0,141560	22,700000	51,925000
3,213853	-14,800565	33,543	-0,141666	22,700000	51,925000
3,215758	-13,811734	33,643	-0,141272	22,700000	51,925000
3,217811	-12,988527	33,743	-0,140944	22,700000	51,925000
3,219822	-11,069753	33,844	-0,140181	22,700000	51,925000
3,221825	-10,587606	33,944	-0,139989	22,700000	51,925000
3,223846	-9,722686	34,044	-0,139645	22,700000	51,925000
3,225858	-8,194046	34,144	-0,139036	22,700000	51,925000
3,227795	-7,960947	34,244	-0,138943	22,700000	51,925000
3,229775	-6,590570	34,344	-0,138398	22,690000	51,910000
3,231799	-6,615107	34,444	-0,138408	22,690000	51,910000
3,233788	-4,670570	34,544	-0,137634	22,690000	51,910000
3,235776	-3,972499	34,644	-0,137356	22,690000	51,910000
3,237823	-3,199592	34,745	-0,137048	22,690000	51,910000
3,239838	-2,459809	34,845	-0,136754	22,690000	51,910000
3,241810	-0,955706	34,945	-0,136155	22,690000	51,910000
3,243727	-0,614645	35,046	-0,136020	22,690000	51,910000
3,245862	0,341061	35,146	-0,135639	22,690000	51,910000
3,247770	1,096793	35,247	-0,135338	22,690000	51,910000
3,249802	1,704077	35,348	-0,135097	22,690000	51,910000
3,251764	2,576358	35,449	-0,134750	22,690000	51,910000
3,253823	3,298966	35,550	-0,134462	22,690000	51,910000
3,255825	4,064512	35,651	-0,134157	22,690000	51,910000
3,257742	6,017637	35,751	-0,133380	22,690000	51,910000
3,259799	5,751413	35,852	-0,133486	22,690000	51,910000
3,261818	6,981931	35,952	-0,132996	22,690000	51,910000
3,263776	7,746251	36,053	-0,132692	22,690000	51,910000
3,265790	8,510570	36,154	-0,132388	22,690000	51,910000
3,267799	9,224590	36,254	-0,132104	22,690000	51,910000
3,269745	10,529945	36,354	-0,131584	22,700000	51,925000
3,271727	11,369101	36,455	-0,131250	22,700000	51,925000
3,273843	12,159185	36,555	-0,130936	22,700000	51,925000
3,275883	14,277933	36,655	-0,130092	22,700000	51,925000
3,277791	14,062009	36,755	-0,130178	22,700000	51,925000
3,279800	14,859454	36,855	-0,129861	22,700000	51,925000
3,281792	17,270189	36,955	-0,128901	22,700000	51,925000
3,283790	17,917959	37,055	-0,128644	22,700000	51,925000
3,285775	18,807416	37,155	-0,128290	22,700000	51,925000
3,287746	18,748528	37,255	-0,128313	22,700000	51,925000
3,289746	20,626816	37,356	-0,127565	22,700000	51,925000
3,291786	20,626816	37,457	-0,127565	22,700000	51,925000
3,293817	22,912414	37,558	-0,126656	22,700000	51,925000
3,295779	22,438854	37,659	-0,126844	22,700000	51,925000
3,297843	23,336899	37,760	-0,126487	22,700000	51,925000
3,299766	23,826407	37,861	-0,126292	22,700000	51,925000
3,301759	24,856951	37,961	-0,125882	22,700000	51,925000
3,303782	25,929207	38,062	-0,125455	22,700000	51,925000
3,305799	26,644453	38,162	-0,125170	22,700000	51,925000
3,307736	28,439316	38,262	-0,124456	22,700000	51,925000
3,309780	28,954587	38,362	-0,124251	22,690000	51,950000
3,311764	30,650077	38,462	-0,123576	22,690000	51,950000
3,313760	31,539534	38,562	-0,123222	22,690000	51,950000
3,315753	31,405808	38,663	-0,123275	22,690000	51,950000
3,317832	33,076761	38,763	-0,122610	22,690000	51,950000
3,319843	33,841080	38,864	-0,122306	22,690000	51,950000
3,321827	34,896160	38,964	-0,121886	22,690000	51,950000
3,323779	34,821323	39,064	-0,121916	22,690000	51,950000
3,325779	36,043253	39,164	-0,121430	22,690000	51,950000
3,327853	36,675075	39,264	-0,121178	22,690000	51,950000
3,329789	38,461350	39,364	-0,120467	22,690000	51,950000
3,331796	39,733580	39,464	-0,119961	22,690000	51,950000
3,333847	39,766705	39,564	-0,119948	22,690000	51,950000
3,335758	40,913798	39,664	-0,119491	22,690000	51,950000
3,337758	42,019178	39,764	-0,119051	22,690000	51,950000
3,339774	42,733197	39,864	-0,118767	22,690000	51,950000
3,341800	43,831217	39,965	-0,118330	22,690000	51,950000
3,343747	45,300968	40,066	-0,117745	22,690000	51,950000
3,345765	45,483766	40,166	-0,117672	22,690000	51,950000
3,347747	47,055345	40,266	-0,117047	22,690000	51,950000
3,349745	46,987869	40,366	-0,117074	22,690000	51,950000
3,351789	47,836840	40,467	-0,116736	22,690000	51,950000
3,353836	48,900508	40,567	-0,116312	22,690000	51,950000
3,355822	49,398604	40,667	-0,116114	22,690000	51,950000
3,357757	50,645071	40,767	-0,115618	22,690000	51,950000
3,359845	51,435154	40,867	-0,115304	22,690000	51,950000
3,361794	52,373685	40,967	-0,114930	22,690000	51,950000
3,363760	53,320803	41,067	-0,114553	22,690000	51,950000
3,365789	55,365941	41,167	-0,113739	22,690000	51,950000
3,367767	55,249391	41,267	-0,113786	22,690000	51,950000
3,369760	57,409852	41,368	-0,112926	22,690000	51,950000
3,371763	57,808574	41,469	-0,112767	22,690000	51,950000
3,373777	45,300968	41,569	-0,117745	22,690000	51,950000
3,375779	42,757734	41,670	-0,118757	22,690000	51,950000
3,377744	31,497821	41,770	-0,123239	22,690000	51,950000
3,379767	31,905131	41,870	-0,123077	22,690000	51,950000
3,381796	31,048799	41,971	-0,123417	22,690000	51,950000
3,383798	32,054805	42,071	-0,123017	22,690000	51,950000
3,385774	32,909911	42,171	-0,122677	22,690000	51,950000
3,387759	33,924505	42,271	-0,122273	22,690000	51,950000
3,389811	35,952467	42,371	-0,121466	22,700000	51,935000
3,391773	35,719368	42,471	-0,121559	22,700000	51,935000
3,393761	36,351190	42,571	-0,121307	22,700000	51,935000
3,395791	37,547356	42,671	-0,120831	22,700000	51,935000
3,397768	38,727573	42,772	-0,120361	22,700000	51,935000
3,399772	40,821785	42,873	-0,119528	22,700000	51,935000
3,401769	40,407114	42,973	-0,119693	22,700000	51,935000
3,403769	42,134501	43,073	-0,119005	22,700000	51,935000
3,405760	43,714667	43,173	-0,118376	22,700000	51,935000
3,407787	44,928009	43,273	-0,117894	22,700000	51,935000
3,409777	44,478987	43,374	-0,118072	22,700000	51,935000
3,411794	46,830834	43,474	-0,117136	22,700000	51,935000
3,413750	47,885914	43,575	-0,116716	22,700000	51,935000
3,415772	48,401186	43,677	-0,116511	22,700000	51,935000
3,417737	49,922464	43,777	-0,115906	22,700000	51,935000
3,419744	50,695371	43,877	-0,115598	22,700000	51,935000
3,421757	50,146975	43,978	-0,115816	22,700000	51,935000
3,423773	52,340560	44,079	-0,114943	22,700000	51,935000
3,425801	53,146592	44,180	-0,114623	22,700000	51,935000
3,427754	53,794362	44,280	-0,114365	22,700000	51,935000
3,429783	54,808957	44,381	-0,113961	22,690000	51,935000
3,431723	55,665289	44,481	-0,113620	22,690000	51,935000
3,433803	56,703194	44,581	-0,113207	22,690000	51,935000
3,435732	57,517814	44,682	-0,112883	22,690000	51,935000
3,437776	58,307897	44,782	-0,112568	22,690000	51,935000
3,439739	59,362977	44,882	-0,112148	22,690000	51,935000
3,441774	59,662325	44,982	-0,112029	22,690000	51,935000
3,443725	60,002159	45,083	-0,111894	22,690000	51,935000
3,445734	60,975041	45,183	-0,111507	22,690000	51,935000
3,447753	60,900204	45,284	-0,111537	22,690000	51,935000
3,449684	61,457188	45,384	-0,111315	22,690000	51,935000
3,451780	62,155259	45,484	-0,111037	22,690000	51,935000
3,453693	63,044716	45,584	-0,110683	22,690000	51,935000
3,455749	63,643412	45,684	-0,110445	22,690000	51,935000
3,457721	64,482569	45,784	-0,110111	22,690000	51,935000
3,459767	65,305777	45,885	-0,109783	22,690000	51,935000
3,461675	66,061509	45,985	-0,109482	22,690000	51,935000
3,463731	66,485994	46,085	-0,109313	22,690000	51,935000
3,465773	68,180257	46,185	-0,108639	22,690000	51,935000
3,467720	67,142352	46,285	-0,109052	22,690000	51,935000
3,469719	67,765586	46,386	-0,108804	22,690000	51,935000
3,471719	68,637867	46,486	-0,108457	22,690000	51,935000
3,473764	69,369062	46,586	-0,108166	22,690000	51,935000
3,475778	69,726072	46,686	-0,108024	22,690000	51,935000
3,477716	70,831452	46,786	-0,107584	22,690000	51,935000
3,479748	71,637484	46,887	-0,107263	22,690000	51,935000
3,481734	72,652079	46,987	-0,106859	22,690000	51,935000
3,483747	73,374686	47,087	-0,106572	22,690000	51,935000
3,485725	74,645689	47,188	-0,106066	22,690000	51,935000
3,487761	75,568271	47,288	-0,105699	22,690000	51,935000
3,489800	76,333818	47,388	-0,105394	22,690000	51,935000
3,491775	77,505447	47,488	-0,104928	22,690000	51,935000
3,493702	78,402265	47,588	-0,104571	22,690000	51,935000
3,495775	79,532182	47,688	-0,104121	22,690000	51,935000
3,497758	80,529601	47,788	-0,103724	22,690000	51,935000
3,499699	81,244847	47,889	-0,103439	22,690000	51,935000
3,501765	83,779493	47,989	-0,102431	22,690000	51,935000
3,503770	84,759736	48,090	-0,102041	22,690000	51,935000
3,505755	85,757155	48,191	-0,101644	22,690000	51,935000
3,507755	86,763162	48,291	-0,101243	22,690000	51,935000
3,509782	87,718868	48,391	-0,100863	22,690000	51,885000
3,511742	88,881910	48,491	-0,100400	22,690000	51,885000
3,513814	89,846204	48,591	-0,100016	22,690000	51,885000
3,515719	90,751610	48,692	-0,099656	22,690000	51,885000
3,517709	90,519737	48,792	-0,099748	22,690000	51,885000
3,519773	91,358894	48,892	-0,099414	22,690000	51,885000
3,521762	92,298651	48,993	-0,099040	22,690000	51,885000
3,523707	93,362319	49,093	-0,098617	22,690000	51,885000
3,525672	94,516773	49,193	-0,098157	22,690000	51,885000
3,527730	95,430767	49,293	-0,097793	22,690000	51,885000
3,529748	96,593809	49,393	-0,097331	22,690000	51,885000
3,531737	98,555522	49,493	-0,096550	22,690000	51,885000
3,533730	99,303893	49,593	-0,096252	22,690000	51,885000
3,535770	100,750334	49,693	-0,095676	22,690000	51,885000
3,537792	101,547778	49,793	-0,095359	22,690000	51,885000
3,539714	103,293567	49,893	-0,094664	22,690000	51,885000
3,541717	104,639408	49,993	-0,094128	22,690000	51,885000
3,543714	105,022181	50,093	-0,093976	22,690000	51,885000
3,545656	106,491932	50,193	-0,093391	22,690000	51,885000
3,547734	107,107805	50,294	-0,093146	22,690000	51,885000
3,549774	108,694105	50,394	-0,092515	22,700000	51,895000
3,551680	108,404572	50,495	-0,092630	22,700000	51,895000
3,553772	109,426527	50,595	-0,092223	22,700000	51,895000
3,555718	110,631281	50,695	-0,091744	22,700000	51,895000
3,557753	111,794323	50,795	-0,091281	22,700000	51,895000
3,559723	113,540113	50,896	-0,090586	22,700000	51,895000
3,561749	114,471282	50,996	-0,090215	22,700000	51,895000
3,563750	115,526362	51,097	-0,089795	22,700000	51,895000
3,565770	116,947040	51,197	-0,089230	22,700000	51,895000
3,567744	117,578861	51,297	-0,088979	22,700000	51,895000
3,569680	118,741903	51,398	-0,088516	22,700000	51,895000
3,571772	119,955245	51,498	-0,088033	22,700000	51,895000
3,573730	121,093750	51,598	-0,087580	22,700000	51,895000
3,575719	122,099757	51,698	-0,087179	22,700000	51,895000
3,577713	123,238262	51,798	-0,086726	22,700000	51,895000
3,579764	124,028345	51,898	-0,086412	22,700000	51,895000
3,581682	124,992639	51,998	-0,086028	22,700000	51,895000
3,583736	126,562991	52,099	-0,085403	22,700000	51,895000
3,585734	127,510109	52,199	-0,085026	22,700000	51,895000
3,587730	128,881713	52,300	-0,084480	22,700000	51,895000
3,589749	129,903669	52,401	-0,084073	22,700000	51,950000
3,591753	131,216385	52,501	-0,083551	22,700000	51,950000
3,593721	131,931631	52,601	-0,083266	22,700000	51,950000
3,595720	133,169510	52,702	-0,082773	22,700000	51,950000
3,597713	134,466277	52,803	-0,082257	22,700000	51,950000
3,599714	135,637906	52,903	-0,081791	22,700000	51,950000
3,601737	138,280514	53,003	-0,080739	22,700000	51,950000
3,603682	139,161383	53,104	-0,080389	22,700000	51,950000
3,605769	140,466738	53,204	-0,079869	22,700000	51,950000
3,607711	141,662904	53,304	-0,079393	22,700000	51,950000
3,609700	142,702036	53,404	-0,078979	22,700000	51,950000
3,611723	142,643147	53,505	-0,079003	22,700000	51,950000
3,613723	143,706815	53,605	-0,078580	22,700000	51,950000
3,615693	144,763122	53,705	-0,078159	22,700000	51,950000
3,617689	145,901627	53,806	-0,077706	22,700000	51,950000
3,619694	147,273231	53,906	-0,077160	22,700000	51,950000
3,621734	148,269423	54,006	-0,076764	22,700000	51,950000
3,623766	149,341679	54,106	-0,076337	22,700000	51,950000
3,625694	151,884913	54,207	-0,075325	22,700000	51,950000
3,627680	153,056542	54,307	-0,074858	22,700000	51,950000
3,629807	152,981705	54,408	-0,074888	22,700000	51,950000
3,631742	154,078498	54,508	-0,074452	22,700000	51,950000
3,633694	155,300428	54,608	-0,073965	22,700000	51,950000
3,635698	156,289259	54,708	-0,073572	22,700000	51,950000
3,637749	158,724531	54,808	-0,072603	22,700000	51,950000
3,639712	158,924505	54,908	-0,072523	22,700000	51,950000
3,641699	159,627483	55,009	-0,072243	22,700000	51,950000
3,643745	161,276352	55,110	-0,071587	22,700000	51,950000
3,645725	163,311676	55,212	-0,070777	22,700000	51,950000
3,647755	164,791241	55,312	-0,070188	22,700000	51,950000
3,649689	165,489312	55,412	-0,069910	22,700000	51,950000
3,651703	166,728417	55,512	-0,069417	22,700000	51,950000
3,653675	167,235101	55,612	-0,069215	22,700000	51,950000
3,655685	168,091434	55,712	-0,068875	22,700000	51,950000
3,657718	169,977083	55,812	-0,068124	22,700000	51,950000
3,659708	170,891076	55,912	-0,067760	22,700000	51,950000
3,661673	172,238144	56,012	-0,067224	22,700000	51,950000
3,663710	172,511729	56,112	-0,067115	22,700000	51,950000
3,665726	173,874745	56,212	-0,066573	22,700000	51,950000
3,667746	175,810694	56,312	-0,065802	22,700000	51,950000
3,669711	176,675614	56,413	-0,065458	22,690000	51,965000
3,671729	177,697570	56,513	-0,065051	22,690000	51,965000
3,673745	179,135423	56,613	-0,064479	22,690000	51,965000
3,675702	181,213686	56,713	-0,063652	22,690000	51,965000
3,677751	180,914337	56,813	-0,063771	22,690000	51,965000
3,679775	182,260178	56,913	-0,063235	22,690000	51,965000
3,681692	183,988792	57,013	-0,062547	22,690000	51,965000
3,683752	184,504063	57,114	-0,062342	22,690000	51,965000
3,685711	185,651156	57,214	-0,061886	22,690000	51,965000
3,687682	186,639987	57,314	-0,061492	22,690000	51,965000
3,689724	187,553981	57,414	-0,061128	22,690000	51,965000
3,691696	189,374607	57,514	-0,060404	22,690000	51,965000
3,693765	190,927783	57,614	-0,059786	22,690000	51,965000
3,695680	192,166889	57,714	-0,059292	22,690000	51,965000
3,697721	192,964333	57,814	-0,058975	22,690000	51,965000
3,699780	194,210800	57,915	-0,058479	22,690000	51,965000
3,701729	195,815503	58,015	-0,057840	22,690000	51,965000
3,703739	197,593191	58,115	-0,057133	22,690000	51,965000
3,705680	197,685203	58,216	-0,057096	22,690000	51,965000
3,707736	200,352348	58,317	-0,056035	22,690000	51,965000
3,709713	200,195312	58,417	-0,056097	22,690000	51,965000
3,711733	201,292105	58,518	-0,055661	22,690000	51,965000
3,713770	202,380310	58,619	-0,055228	22,690000	51,965000
3,715723	203,527403	58,719	-0,054771	22,690000	51,965000
3,717689	204,756694	58,819	-0,054282	22,690000	51,965000
3,719728	206,119710	58,919	-0,053739	22,690000	51,965000
3,721688	207,176017	59,020	-0,053319	22,690000	51,965000
3,723690	209,968299	59,120	-0,052208	22,690000	51,965000
3,725722	211,190228	59,220	-0,051721	22,690000	51,965000
3,727756	212,337321	59,320	-0,051265	22,690000	51,965000
3,729686	213,549437	59,420	-0,050782	22,690000	51,965000
3,731737	214,762779	59,520	-0,050299	22,690000	51,965000
3,733716	214,705117	59,621	-0,050322	22,690000	51,965000
3,735727	215,860798	59,721	-0,049862	22,690000	51,965000
3,737698	216,600581	59,821	-0,049568	22,690000	51,965000
3,739707	219,384275	59,921	-0,048460	22,690000	51,965000
3,741757	220,597617	60,021	-0,047977	22,690000	51,965000
3,743624	220,314218	60,121	-0,048090	22,690000	51,965000
3,745707	221,818320	60,221	-0,047491	22,690000	51,965000
3,747720	223,007125	60,321	-0,047018	22,690000	51,965000
3,749742	224,162806	60,421	-0,046558	22,690000	51,935000
3,751725	227,113350	60,521	-0,045384	22,690000	51,935000
3,753721	227,952507	60,621	-0,045050	22,690000	51,935000
3,755661	227,820008	60,721	-0,045103	22,690000	51,935000
3,757736	228,941338	60,821	-0,044656	22,690000	51,935000
3,759749	230,245466	60,921	-0,044137	22,690000	51,935000
3,761742	231,409734	61,022	-0,043674	22,690000	51,935000
3,763691	232,273428	61,122	-0,043330	22,690000	51,935000
3,765728	234,184840	61,222	-0,042569	22,690000	51,935000
3,767657	234,999460	61,322	-0,042245	22,690000	51,935000
3,769699	236,404189	61,422	-0,041686	22,690000	51,935000
3,771734	237,525518	61,522	-0,041240	22,690000	51,935000
3,773669	239,462694	61,623	-0,040469	22,690000	51,935000
3,775757	241,182720	61,723	-0,039784	22,690000	51,935000
3,777728	242,445136	61,823	-0,039282	22,690000	51,935000
3,779723	243,360356	61,923	-0,038917	22,690000	51,935000
3,781709	244,798210	62,024	-0,038345	22,690000	51,935000
3,783743	244,798210	62,125	-0,038345	22,690000	51,935000
3,785755	246,925546	62,225	-0,037499	22,690000	51,935000
3,787708	248,304511	62,325	-0,036950	22,690000	51,935000
3,789711	249,434428	62,426	-0,036500	22,710000	51,955000
3,791677	250,415898	62,526	-0,036109	22,710000	51,955000
3,793717	250,931170	62,627	-0,035904	22,710000	51,955000
3,795689	251,911413	62,727	-0,035514	22,710000	51,955000
3,797731	253,956550	62,828	-0,034700	22,710000	51,955000
3,799722	254,703694	62,928	-0,034403	22,710000	51,955000
3,801681	255,925624	63,028	-0,033917	22,710000	51,955000
3,803722	256,665407	63,129	-0,033622	22,710000	51,955000
3,805733	258,178098	63,229	-0,033020	22,710000	51,955000
3,807725	259,025842	63,330	-0,032683	22,710000	51,955000
3,809701	260,446520	63,431	-0,032117	22,710000	51,955000
3,811681	261,236603	63,531	-0,031803	22,710000	51,955000
3,813717	262,749293	63,631	-0,031201	22,710000	51,955000
3,815649	265,341601	63,731	-0,030169	22,710000	51,955000
3,817734	265,308476	63,831	-0,030182	22,710000	51,955000
3,819687	268,109346	63,933	-0,029067	22,710000	51,955000
3,821767	268,882253	64,034	-0,028760	22,710000	51,955000
3,823698	269,014751	64,134	-0,028707	22,710000	51,955000
3,825669	271,641410	64,235	-0,027662	22,710000	51,955000
3,827712	272,929589	64,336	-0,027149	22,710000	51,955000
3,829632	272,754152	64,437	-0,027219	22,690000	51,910000
3,831725	273,427685	64,537	-0,026951	22,690000	51,910000
3,833738	275,580785	64,637	-0,026094	22,690000	51,910000
3,835642	276,112005	64,737	-0,025882	22,690000	51,910000
3,837728	277,508146	64,837	-0,025327	22,690000	51,910000
3,839722	278,688364	64,938	-0,024857	22,690000	51,910000
3,841673	279,776568	65,039	-0,024424	22,690000	51,910000
3,843690	282,511189	65,140	-0,023335	22,690000	51,910000
3,845728	282,852250	65,241	-0,023200	22,690000	51,910000
3,847724	284,913336	65,341	-0,022379	22,690000	51,910000
3,849741	286,067790	65,441	-0,021920	22,690000	51,910000
3,851677	287,016135	65,542	-0,021542	22,690000	51,910000
3,853678	287,879829	65,643	-0,021199	22,690000	51,910000
3,855727	289,542193	65,743	-0,020537	22,690000	51,910000
3,857690	289,733580	65,844	-0,020461	22,690000	51,910000
3,859696	291,105184	65,944	-0,019915	22,690000	51,910000
3,861687	292,268226	66,045	-0,019452	22,690000	51,910000
3,863744	293,888878	66,146	-0,018807	22,690000	51,910000
3,865751	294,677734	66,246	-0,018493	22,690000	51,910000
3,867733	295,924201	66,346	-0,017997	22,690000	51,910000
3,869743	298,011051	66,446	-0,017167	22,690000	51,910000
3,871716	299,273467	66,546	-0,016664	22,690000	51,910000
3,873692	299,731077	66,646	-0,016482	22,690000	51,910000
3,875680	301,076918	66,746	-0,015946	22,690000	51,910000
3,877671	302,107461	66,847	-0,015536	22,690000	51,910000
3,879739	303,653276	66,947	-0,014921	22,690000	51,910000
3,881698	305,848088	67,047	-0,014047	22,690000	51,910000
3,883722	305,573277	67,148	-0,014157	22,690000	51,910000
3,885729	307,094555	67,248	-0,013551	22,690000	51,910000
3,887725	307,925124	67,349	-0,013221	22,690000	51,910000
3,889766	310,518658	67,449	-0,012188	22,690000	51,910000
3,891686	310,667105	67,550	-0,012129	22,690000	51,910000
3,893708	311,972460	67,650	-0,011610	22,690000	51,910000
3,895726	312,870505	67,750	-0,011252	22,690000	51,910000
3,897709	314,789278	67,850	-0,010489	22,690000	51,910000
3,899658	316,693330	67,951	-0,009731	22,690000	51,910000
3,901697	318,164308	68,052	-0,009146	22,690000	51,910000
3,903713	319,302813	68,152	-0,008692	22,690000	51,910000
3,905694	319,210800	68,252	-0,008729	22,690000	51,910000
3,907635	320,199631	68,352	-0,008335	22,700000	51,910000
3,909687	321,430149	68,452	-0,007846	22,700000	51,910000
3,911692	322,668028	68,552	-0,007353	22,700000	51,910000
3,913687	324,039632	68,652	-0,006807	22,700000	51,910000
3,915707	326,607402	68,753	-0,005785	22,700000	51,910000
3,917704	328,120093	68,853	-0,005183	22,700000	51,910000
3,919731	329,150636	68,953	-0,004773	22,700000	51,910000
3,921695	329,267186	69,053	-0,004727	22,700000	51,910000
3,923750	329,899007	69,153	-0,004475	22,700000	51,910000
3,925693	331,460771	69,253	-0,003854	22,700000	51,910000
3,927657	332,623812	69,353	-0,003391	22,700000	51,910000
3,929656	335,259059	69,454	-0,002342	22,700000	51,910000
3,931716	336,314139	69,554	-0,001922	22,700000	51,910000
3,933741	338,059929	69,654	-0,001227	22,700000	51,910000
3,935611	337,777756	69,754	-0,001339	22,700000	51,910000
3,937713	338,807072	69,855	-0,000930	22,700000	51,910000
3,939687	339,705117	69,955	-0,000572	22,700000	51,910000
3,941720	341,449680	70,055	0,000122	22,700000	51,910000
3,943689	342,472862	70,155	0,000529	22,700000	51,910000
3,945650	343,435930	70,256	0,000913	22,700000	51,910000
3,947649	344,708160	70,356	0,001419	22,700000	51,925000
3,949682	346,137425	70,456	0,001988	22,700000	51,925000
3,951677	348,689247	70,556	0,003003	22,700000	51,925000
3,953672	350,068212	70,656	0,003552	22,700000	51,925000
3,955707	350,858295	70,757	0,003867	22,700000	51,925000
3,957707	352,869082	70,857	0,004667	22,700000	51,925000
3,959658	353,177018	70,958	0,004790	22,700000	51,925000
3,961639	354,897044	71,058	0,005474	22,700000	51,925000
3,963714	355,603702	71,159	0,005755	22,700000	51,925000
3,965631	356,925006	71,259	0,006281	22,700000	51,925000
3,967679	358,070872	71,360	0,006737	22,700000	51,925000
3,969703	359,517313	71,461	0,007313	22,700000	51,925000
3,971680	360,904866	71,562	0,007865	22,700000	51,925000
3,973673	360,747831	71,663	0,007803	22,700000	51,925000
3,975655	362,051959	71,763	0,008322	22,700000	51,925000
3,977644	363,822285	71,863	0,009026	22,700000	51,925000
3,979662	365,101877	71,963	0,009536	22,700000	51,925000
3,981689	365,376688	72,063	0,009645	22,700000	51,925000
3,983681	366,971577	72,163	0,010280	22,700000	51,925000
3,985712	368,110082	72,264	0,010733	22,700000	51,925000
3,987699	369,399488	72,364	0,011246	22,700000	51,925000
3,989653	372,190543	72,464	0,012357	22,700000	51,925000
3,991646	371,850709	72,565	0,012222	22,700000	51,925000
3,993748	373,262798	72,665	0,012784	22,700000	51,925000
3,995696	374,535029	72,765	0,013290	22,700000	51,925000
3,997733	376,754377	72,865	0,014173	22,700000	51,925000
3,999664	377,003425	72,965	0,014272	22,700000	51,925000
4,001678	377,759157	73,065	0,014573	22,700000	51,925000
4,003620	380,634864	73,166	0,015718	22,700000	51,925000
4,005689	380,509726	73,266	0,015668	22,700000	51,925000
4,007687	381,748832	73,367	0,016161	22,700000	51,925000
4,009685	384,457689	73,467	0,017239	22,700000	51,925000
4,011662	384,175516	73,567	0,017127	22,700000	51,925000
4,013680	385,280897	73,667	0,017567	22,700000	51,925000
4,015670	386,585025	73,768	0,018086	22,700000	51,925000
4,017662	387,690405	73,868	0,018526	22,700000	51,925000
4,019657	388,837498	73,968	0,018982	22,700000	51,925000
4,021722	391,729154	74,068	0,020133	22,700000	51,925000
4,023714	391,288719	74,170	0,019958	22,700000	51,925000
4,025650	394,239263	74,270	0,021132	22,700000	51,925000
4,027745	393,906790	74,370	0,021000	22,690000	51,935000
4,029667	396,399723	74,471	0,021992	22,690000	51,935000
4,031630	397,505104	74,571	0,022432	22,690000	51,935000
4,033644	398,817820	74,671	0,022955	22,690000	51,935000
4,035707	398,552823	74,771	0,022849	22,690000	51,935000
4,037707	399,184644	74,871	0,023101	22,690000	51,935000
4,039671	401,004044	74,972	0,023825	22,690000	51,935000
4,041674	403,604939	75,073	0,024860	22,690000	51,935000
4,043653	403,714127	75,173	0,024903	22,690000	51,935000
4,045665	406,099099	75,273	0,025853	22,690000	51,935000
4,047701	407,096518	75,373	0,026250	22,690000	51,935000
4,049661	408,574857	75,473	0,026838	22,690000	51,935000
4,051709	409,970998	75,573	0,027394	22,690000	51,935000
4,051661	409,746486	75,673	0,027304	22,690000	51,935000
4,051647	409,231215	75,773	0,027099	22,690000	51,935000
4,051625	407,187304	75,873	0,026286	22,690000	51,935000
4,051625	407,046217	75,974	0,026229	22,690000	51,935000
4,051623	406,505182	76,074	0,026014	22,690000	51,935000
4,051659	406,755457	76,174	0,026114	22,690000	51,935000
4,051757	406,438933	76,275	0,025988	22,690000	51,935000
4,051658	406,007086	76,376	0,025816	22,700000	51,925000
4,051662	405,991137	76,477	0,025810	22,700000	51,925000
4,051661	405,881949	76,577	0,025766	22,700000	51,925000
4,051688	405,542115	76,677	0,025631	22,700000	51,925000
4,051720	405,324965	76,777	0,025544	22,700000	51,925000
4,051662	405,416977	76,878	0,025581	22,700000	51,925000
4,051751	405,317604	76,978	0,025542	22,700000	51,925000
4,051646	405,242767	77,078	0,025512	22,700000	51,925000
4,051615	405,366677	77,178	0,025561	22,700000	51,925000
4,051693	405,035431	77,279	0,025429	22,700000	51,925000
4,051693	405,009667	77,380	0,025419	22,700000	51,925000
4,051688	404,818281	77,480	0,025343	22,700000	51,925000
4,051706	404,893118	77,580	0,025373	22,700000	51,925000
4,051660	404,718907	77,680	0,025303	22,700000	51,925000
4,051715	404,893118	77,780	0,025373	22,700000	51,925000
4,051612	404,718907	77,880	0,025303	22,700000	51,925000
4,051681	404,644070	77,980	0,025273	22,700000	51,925000
4,051777	404,403610	78,080	0,025178	22,700000	51,925000
4,051599	404,361897	78,180	0,025161	22,700000	51,925000
4,051666	404,328773	78,280	0,025148	22,700000	51,925000
4,051637	404,569233	78,381	0,025244	22,690000	51,935000
4,051758	404,311597	78,482	0,025141	22,690000	51,935000
4,051649	404,154562	78,582	0,025079	22,690000	51,935000
4,051656	404,012249	78,683	0,025022	22,690000	51,935000
4,051704	404,137386	78,783	0,025072	22,690000	51,935000
4,051674	403,987712	78,883	0,025012	22,690000	51,935000
4,051734	404,112849	78,983	0,025062	22,690000	51,935000
4,051662	403,971763	79,083	0,025006	22,690000	51,935000
4,051680	404,053961	79,183	0,025039	22,690000	51,935000
4,051649	403,730076	79,284	0,024910	22,690000	51,935000
4,051641	403,937412	79,384	0,024992	22,690000	51,935000
4,051614	403,505565	79,484	0,024820	22,690000	51,935000
4,051719	403,705539	79,584	0,024900	22,690000	51,935000
4,051692	403,721488	79,684	0,024906	22,690000	51,935000
4,051696	403,904287	79,784	0,024979	22,690000	51,935000
4,051707	403,505565	79,884	0,024820	22,690000	51,935000
4,051699	403,588990	79,984	0,024854	22,690000	51,935000
4,051672	403,496977	80,084	0,024817	22,690000	51,935000
4,051728	403,580402	80,184	0,024850	22,690000	51,935000
4,051651	403,298229	80,284	0,024738	22,690000	51,935000
4,051663	403,214804	80,384	0,024705	22,680000	51,910000
4,051728	402,906868	80,484	0,024582	22,680000	51,910000
4,051677	403,073718	80,584	0,024648	22,680000	51,910000
4,051731	403,032006	80,684	0,024632	22,680000	51,910000
4,051728	402,741245	80,784	0,024516	22,680000	51,910000
4,051683	402,932632	80,884	0,024592	22,680000	51,910000
4,051688	403,122792	80,985	0,024668	22,680000	51,910000
4,051651	402,816082	81,085	0,024546	22,680000	51,910000
4,051689	402,906868	81,185	0,024582	22,680000	51,910000
4,051659	403,065130	81,285	0,024645	22,680000	51,910000
4,051631	403,073718	81,385	0,024648	22,680000	51,910000
4,051691	402,981705	81,486	0,024612	22,680000	51,910000
4,051620	402,915456	81,586	0,024585	22,680000	51,910000
4,051698	402,732657	81,686	0,024513	22,680000	51,910000
4,051671	402,798907	81,786	0,024539	22,680000	51,910000
4,051710	403,007469	81,886	0,024622	22,680000	51,910000
4,051615	403,089667	81,986	0,024655	22,680000	51,910000
4,051657	402,807495	82,086	0,024542	22,680000	51,910000
4,051681	402,732657	82,187	0,024513	22,680000	51,910000
4,051659	402,757194	82,287	0,024522	22,680000	51,910000
4,051697	402,492197	82,387	0,024417	22,700000	51,965000
4,051636	402,450485	82,487	0,024400	22,700000	51,965000
4,051622	402,640645	82,588	0,024476	22,700000	51,965000
4,051715	402,316760	82,688	0,024347	22,700000	51,965000
4,051696	402,508146	82,788	0,024423	22,700000	51,965000
4,051724	402,466434	82,888	0,024407	22,700000	51,965000
4,051698	402,017411	82,990	0,024228	22,700000	51,965000
4,051692	402,367060	83,091	0,024367	22,700000	51,965000
4,051674	402,325347	83,191	0,024351	22,700000	51,965000
4,051629	401,926625	83,291	0,024192	22,700000	51,965000
4,051647	402,367060	83,391	0,024367	22,700000	51,965000
4,051676	401,827251	83,491	0,024152	22,700000	51,965000
4,051751	402,109424	83,591	0,024265	22,700000	51,965000
4,051697	402,225974	83,691	0,024311	22,700000	51,965000
4,051765	402,241923	83,792	0,024317	22,700000	51,965000
4,051666	401,876325	83,893	0,024172	22,700000	51,965000
4,051658	402,441897	83,993	0,024397	22,700000	51,965000
4,051736	401,868964	84,093	0,024169	22,700000	51,965000
4,051641	401,868964	84,193	0,024169	22,700000	51,965000
4,051643	402,067712	84,294	0,024248	22,700000	51,965000
4,051687	401,818664	84,394	0,024149	22,690000	51,925000
4,051686	401,910676	84,495	0,024186	22,690000	51,925000
4,051656	401,794127	84,595	0,024139	22,690000	51,925000
4,051667	401,677577	84,695	0,024093	22,690000	51,925000
4,051665	401,702114	84,795	0,024103	22,690000	51,925000
4,051697	401,470242	84,895	0,024010	22,690000	51,925000
4,051671	401,776951	84,995	0,024132	22,690000	51,925000
4,051720	401,893501	85,095	0,024179	22,690000	51,925000
4,051665	401,651814	85,195	0,024083	22,690000	51,925000
4,051664	401,818664	85,295	0,024149	22,690000	51,925000
4,051715	401,851788	85,396	0,024162	22,690000	51,925000
4,051664	401,561028	85,496	0,024046	22,690000	51,925000
4,051678	401,719290	85,596	0,024109	22,690000	51,925000
4,049700	401,660402	85,697	0,024086	22,690000	51,925000
4,047679	398,319724	85,797	0,022756	22,690000	51,925000
4,045713	397,089206	85,897	0,022267	22,690000	51,925000
4,043683	397,073257	85,997	0,022260	22,690000	51,925000
4,041637	395,718829	86,097	0,021721	22,690000	51,925000
4,039642	394,098176	86,197	0,021076	22,690000	51,925000
4,037641	393,001384	86,298	0,020640	22,690000	51,925000
4,035631	391,903364	86,398	0,020203	22,690000	51,925000
4,033701	390,515811	86,498	0,019650	22,690000	51,925000
4,031643	388,853447	86,598	0,018989	22,690000	51,925000
4,029650	387,831491	86,698	0,018582	22,690000	51,925000
4,027659	386,177715	86,798	0,017924	22,690000	51,925000
4,025655	384,807337	86,898	0,017378	22,690000	51,925000
4,023635	383,667606	86,998	0,016925	22,690000	51,925000
4,021652	382,288640	87,099	0,016376	22,690000	51,925000
4,019650	380,917036	87,200	0,015830	22,690000	51,925000
4,017683	377,950544	87,300	0,014649	22,690000	51,925000
4,015687	376,902825	87,400	0,014232	22,690000	51,925000
4,013708	375,715246	87,500	0,013760	22,690000	51,925000
4,011632	374,260217	87,601	0,013181	22,690000	51,925000
4,009647	373,903207	87,701	0,013039	22,690000	51,925000
4,007649	372,773290	87,801	0,012589	22,690000	51,925000
4,005740	371,359974	87,901	0,012026	22,690000	51,925000
4,003676	370,320842	88,001	0,011613	22,690000	51,925000
4,001663	368,576280	88,101	0,010918	22,690000	51,925000
3,999671	367,528561	88,201	0,010501	22,690000	51,925000
3,997702	365,925084	88,301	0,009863	22,690000	51,925000
3,995604	364,736279	88,401	0,009390	22,690000	51,925000
3,993675	361,595576	88,501	0,008140	22,690000	51,925000
3,991685	360,455844	88,601	0,007687	22,690000	51,925000
3,989665	359,292802	88,702	0,007224	22,690000	51,925000
3,987637	357,664789	88,802	0,006576	22,690000	51,925000
3,985687	357,929786	88,903	0,006681	22,690000	51,925000
3,983685	356,350846	89,003	0,006053	22,690000	51,925000
3,981701	354,789082	89,103	0,005431	22,690000	51,925000
3,979663	353,575740	89,203	0,004948	22,690000	51,925000
3,977620	352,694871	89,304	0,004598	22,690000	51,925000
3,975677	349,852289	89,404	0,003466	22,690000	51,925000
3,973682	349,013132	89,505	0,003132	22,690000	51,925000
3,971676	347,375304	89,605	0,002480	22,690000	51,925000
3,969686	346,236799	89,705	0,002027	22,690000	51,925000
3,967675	344,757233	89,805	0,001438	22,690000	51,925000
3,965653	344,741285	89,906	0,001432	22,690000	51,925000
3,963658	341,940415	90,006	0,000317	22,690000	51,925000
3,961686	340,561450	90,106	-0,000231	22,690000	51,925000
3,959650	339,546855	90,207	-0,000635	22,690000	51,925000
3,957673	339,472018	90,307	-0,000665	22,690000	51,925000
3,955631	338,159302	90,407	-0,001187	22,690000	51,965000
3,953630	336,730037	90,508	-0,001756	22,690000	51,965000
3,951694	335,267647	90,610	-0,002338	22,690000	51,965000
3,949695	334,004004	90,711	-0,002841	22,690000	51,965000
3,947663	332,233678	90,811	-0,003546	22,690000	51,965000
3,945666	330,987211	90,911	-0,004042	22,690000	51,965000
3,943723	329,899007	91,011	-0,004475	22,690000	51,965000
3,941688	328,985013	91,111	-0,004839	22,690000	51,965000
3,939670	327,172974	91,211	-0,005560	22,690000	51,965000
3,937685	326,258980	91,311	-0,005924	22,690000	51,965000
3,935703	323,374686	91,412	-0,007072	22,690000	51,965000
3,933658	322,185881	91,512	-0,007545	22,690000	51,965000
3,931721	321,820283	91,612	-0,007690	22,690000	51,965000
3,929692	320,556641	91,712	-0,008193	22,690000	51,965000
3,927659	319,684359	91,812	-0,008541	22,690000	51,965000
3,925709	318,488193	91,912	-0,009017	22,690000	51,965000
3,923650	317,332512	92,013	-0,009477	22,690000	51,965000
3,921747	315,770748	92,114	-0,010098	22,690000	51,965000
3,919685	314,848167	92,214	-0,010465	22,690000	51,965000
3,917624	313,161265	92,315	-0,011137	22,690000	51,965000
3,915712	311,881674	92,415	-0,011646	22,690000	51,925000
3,913706	309,288140	92,516	-0,012678	22,690000	51,925000
3,911668	308,872242	92,616	-0,012844	22,690000	51,925000
3,909684	306,520395	92,716	-0,013780	22,690000	51,925000
3,907736	305,174554	92,817	-0,014315	22,690000	51,925000
3,905671	303,802950	92,917	-0,014861	22,690000	51,925000
3,903713	302,572432	93,017	-0,015351	22,690000	51,925000
3,901717	302,930669	93,117	-0,015208	22,690000	51,925000
3,899754	301,783576	93,217	-0,015665	22,690000	51,925000
3,897731	299,913876	93,317	-0,016409	22,690000	51,925000
3,895677	299,083307	93,418	-0,016740	22,690000	51,925000
3,893659	297,852789	93,518	-0,017229	22,690000	51,925000
3,891688	296,216188	93,618	-0,017881	22,690000	51,925000
3,889648	295,218770	93,718	-0,018278	22,690000	51,925000
3,887728	293,955127	93,818	-0,018781	22,690000	51,925000
3,885637	291,112545	93,918	-0,019912	22,690000	51,925000
3,883722	289,866078	94,018	-0,020408	22,690000	51,925000
3,881735	288,320263	94,119	-0,021023	22,690000	51,925000
3,879759	287,481107	94,219	-0,021357	22,690000	51,925000
3,877692	286,102142	94,319	-0,021906	22,690000	51,925000
3,875656	284,880212	94,421	-0,022393	22,690000	51,910000
3,873672	283,524556	94,521	-0,022932	22,690000	51,910000
3,871704	282,121054	94,621	-0,023491	22,690000	51,910000
3,869697	281,588607	94,721	-0,023703	22,690000	51,910000
3,867720	279,677195	94,821	-0,024463	22,690000	51,910000
3,865738	279,736083	94,921	-0,024440	22,690000	51,910000
3,863701	277,151137	95,022	-0,025469	22,690000	51,910000
3,861665	277,582983	95,122	-0,025297	22,690000	51,910000
3,859725	275,887494	95,223	-0,025972	22,690000	51,910000
3,857687	274,748989	95,323	-0,026425	22,690000	51,910000
3,855732	272,372605	95,423	-0,027371	22,690000	51,910000
3,853668	272,148094	95,524	-0,027460	22,690000	51,910000
3,851694	270,544618	95,624	-0,028098	22,690000	51,910000
3,849734	268,142470	95,724	-0,029054	22,690000	51,910000
3,847741	268,224668	95,825	-0,029021	22,690000	51,910000
3,845659	265,773447	95,925	-0,029997	22,690000	51,910000
3,843676	264,709779	96,025	-0,030420	22,690000	51,910000
3,841661	263,546738	96,125	-0,030883	22,690000	51,910000
3,839670	262,175133	96,226	-0,031429	22,690000	51,910000
3,837656	261,767823	96,326	-0,031591	22,690000	51,910000
3,835737	260,812117	96,426	-0,031972	22,690000	51,935000
3,833658	258,801331	96,526	-0,032772	22,690000	51,935000
3,831622	257,662826	96,626	-0,033225	22,690000	51,935000
3,829712	257,006468	96,727	-0,033486	22,690000	51,935000
3,827731	255,434889	96,828	-0,034112	22,690000	51,935000
3,825738	253,889074	96,929	-0,034727	22,690000	51,935000
3,823724	252,783694	97,030	-0,035167	22,690000	51,935000
3,821699	251,829214	97,131	-0,035547	22,690000	51,935000
3,819678	250,182799	97,231	-0,036202	22,690000	51,935000
3,817707	249,110543	97,331	-0,036629	22,690000	51,935000
3,815689	247,531603	97,431	-0,037257	22,690000	51,935000
3,813713	246,883833	97,531	-0,037515	22,690000	51,935000
3,811645	245,313481	97,631	-0,038140	22,690000	51,935000
3,809753	243,701417	97,731	-0,038782	22,690000	51,935000
3,807725	242,786197	97,831	-0,039146	22,690000	51,935000
3,805712	241,523781	97,931	-0,039648	22,690000	51,935000
3,803740	240,277314	98,031	-0,040145	22,690000	51,935000
3,801629	237,767205	98,131	-0,041144	22,690000	51,935000
3,799718	237,808918	98,231	-0,041127	22,690000	51,935000
3,797711	236,171090	98,331	-0,041779	22,690000	51,935000
3,795708	235,265684	98,431	-0,042139	22,700000	51,895000
3,793650	234,043754	98,532	-0,042625	22,700000	51,895000
3,791684	231,368022	98,632	-0,043690	22,700000	51,895000
3,789700	231,517696	98,732	-0,043631	22,700000	51,895000
3,787662	230,038130	98,832	-0,044220	22,700000	51,895000
3,785719	228,941338	98,933	-0,044656	22,700000	51,895000
3,783748	227,627395	99,033	-0,045179	22,700000	51,895000
3,781779	224,951663	99,134	-0,046244	22,700000	51,895000
3,779718	223,506448	99,234	-0,046819	22,700000	51,895000
3,777740	222,401068	99,335	-0,047259	22,700000	51,895000
3,775658	221,095713	99,436	-0,047779	22,700000	51,895000
3,773685	220,963215	99,537	-0,047832	22,700000	51,895000
3,771700	219,998920	99,637	-0,048215	22,700000	51,895000
3,769697	218,910716	99,737	-0,048648	22,700000	51,895000
3,767726	217,680198	99,839	-0,049138	22,700000	51,895000
3,765675	216,499980	99,940	-0,049608	22,700000	51,895000
3,763711	215,244926	100,040	-0,050107	22,700000	51,895000
3,761711	212,785117	100,140	-0,051086	22,700000	51,895000
3,759755	211,787698	100,241	-0,051483	22,700000	51,895000
3,757670	210,508107	100,341	-0,051993	22,700000	51,895000
3,755689	209,810037	100,441	-0,052271	22,700000	51,895000
3,753679	207,799250	100,541	-0,053071	22,700000	51,895000
3,751802	206,726994	100,641	-0,053498	22,700000	51,895000
3,749656	205,654739	100,741	-0,053924	22,700000	51,895000
3,747725	203,967837	100,841	-0,054596	22,700000	51,895000
3,745741	202,928706	100,942	-0,055009	22,700000	51,895000
3,743690	202,637946	101,043	-0,055125	22,700000	51,895000
3,741731	201,184143	101,143	-0,055704	22,700000	51,895000
3,739680	199,945038	101,243	-0,056197	22,700000	51,895000
3,737753	198,632322	101,343	-0,056719	22,700000	51,895000
3,735742	196,886532	101,443	-0,057414	22,700000	51,895000
3,733632	196,005663	101,544	-0,057765	22,700000	51,895000
3,731682	194,477024	101,644	-0,058373	22,700000	51,895000
3,729734	192,307975	101,745	-0,059236	22,700000	51,895000
3,727719	192,266263	101,845	-0,059253	22,700000	51,895000
3,725719	190,753573	101,945	-0,059855	22,700000	51,895000
3,723720	190,280013	102,045	-0,060043	22,700000	51,895000
3,721671	188,866697	102,145	-0,060606	22,700000	51,895000
3,719721	187,430070	102,246	-0,061178	22,700000	51,895000
3,717724	186,241265	102,347	-0,061651	22,700000	51,950000
3,715632	185,294147	102,447	-0,062028	22,700000	51,950000
3,713748	183,931130	102,549	-0,062570	22,700000	51,950000
3,711753	182,526402	102,650	-0,063129	22,700000	51,950000
3,709739	181,454146	102,751	-0,063556	22,700000	51,950000
3,707755	180,456727	102,851	-0,063953	22,700000	51,950000
3,705789	178,745289	102,951	-0,064634	22,700000	51,950000
3,703701	177,481647	103,051	-0,065137	22,700000	51,950000
3,701672	175,046374	103,152	-0,066106	22,700000	51,950000
3,699700	173,775371	103,252	-0,066612	22,700000	51,950000
3,697715	172,811077	103,353	-0,066996	22,700000	51,950000
3,695695	172,586566	103,453	-0,067085	22,700000	51,950000
3,693686	171,439473	103,553	-0,067542	22,700000	51,950000
3,691761	170,342680	103,653	-0,067979	22,700000	51,950000
3,689699	168,963715	103,753	-0,068527	22,700000	51,950000
3,687736	167,891459	103,854	-0,068954	22,700000	51,950000
3,685738	166,619229	103,955	-0,069460	22,700000	51,950000
3,683661	163,835535	104,055	-0,070568	22,700000	51,950000
3,681688	164,077222	104,155	-0,070472	22,700000	51,950000
3,679729	162,571893	104,255	-0,071071	22,700000	51,950000
3,677718	161,276352	104,355	-0,071587	22,700000	51,950000
3,675740	159,239803	104,455	-0,072397	22,700000	51,950000
3,673715	157,752876	104,555	-0,072989	22,700000	51,950000
3,671731	156,438933	104,655	-0,073512	22,700000	51,950000
3,669743	155,068556	104,755	-0,074058	22,700000	51,950000
3,667709	153,895699	104,855	-0,074524	22,700000	51,950000
3,665754	154,303009	104,956	-0,074362	22,700000	51,950000
3,663719	152,757194	105,056	-0,074978	22,700000	51,950000
3,661757	151,818664	105,156	-0,075351	22,700000	51,950000
3,659695	150,605322	105,256	-0,075834	22,700000	51,950000
3,657749	149,176056	105,356	-0,076403	22,700000	51,950000
3,655753	147,165270	105,457	-0,077203	22,700000	51,950000
3,653754	146,283174	105,557	-0,077554	22,700000	51,950000
3,651702	144,106764	105,657	-0,078420	22,700000	51,950000
3,649730	143,450406	105,757	-0,078682	22,700000	51,950000
3,647749	141,937716	105,857	-0,079284	22,700000	51,950000
3,645685	140,881409	105,957	-0,079704	22,700000	51,950000
3,643800	140,283939	106,058	-0,079942	22,700000	51,950000
3,641739	138,971223	106,159	-0,080464	22,700000	51,950000
3,639676	137,608207	106,259	-0,081007	22,700000	51,950000
3,637724	136,992335	106,359	-0,081252	22,690000	51,950000
3,635749	135,089510	106,459	-0,082009	22,690000	51,950000
3,633687	133,643069	106,559	-0,082585	22,690000	51,950000
3,631752	133,086085	106,659	-0,082807	22,690000	51,950000
3,629689	132,015056	106,760	-0,083233	22,690000	51,950000
3,627739	130,967337	106,861	-0,083650	22,690000	51,950000
3,625741	128,956550	106,961	-0,084450	22,690000	51,950000
3,623713	127,992256	107,061	-0,084834	22,690000	51,950000
3,621739	126,529866	107,161	-0,085416	22,690000	51,950000
3,619688	125,631821	107,261	-0,085773	22,690000	51,950000
3,617750	124,568153	107,362	-0,086197	22,690000	51,950000
3,615772	123,387936	107,463	-0,086667	22,690000	51,950000
3,613729	122,207718	107,563	-0,087136	22,690000	51,950000
3,611751	121,359974	107,663	-0,087474	22,690000	51,950000
3,609709	119,864459	107,763	-0,088069	22,690000	51,950000
3,607768	118,891577	107,864	-0,088456	22,690000	51,950000
3,605679	117,578861	107,964	-0,088979	22,690000	51,950000
3,603685	115,027039	108,065	-0,089994	22,690000	51,950000
3,601715	115,409813	108,166	-0,089842	22,690000	51,950000
3,599747	114,187883	108,266	-0,090328	22,690000	51,950000
3,597723	111,586988	108,366	-0,091363	22,690000	51,935000
3,595744	110,091473	108,467	-0,091958	22,690000	51,935000
3,593717	109,210604	108,567	-0,092309	22,690000	51,935000
3,591750	107,731038	108,667	-0,092898	22,690000	51,935000
3,589800	106,841581	108,767	-0,093252	22,690000	51,935000
3,587685	107,323728	108,867	-0,093060	22,690000	51,935000
3,585666	106,018373	108,967	-0,093580	22,690000	51,935000
3,583731	104,514271	109,068	-0,094178	22,690000	51,935000
3,581717	103,284980	109,169	-0,094667	22,690000	51,935000
3,579783	101,049682	109,270	-0,095557	22,690000	51,935000
3,577702	101,281554	109,371	-0,095465	22,690000	51,935000
3,575697	100,235062	109,471	-0,095881	22,690000	51,935000
3,573741	97,857451	109,571	-0,096828	22,690000	51,935000
3,571665	96,304275	109,671	-0,097446	22,690000	51,935000
3,569781	95,131419	109,771	-0,097913	22,690000	51,935000
3,567725	94,018677	109,872	-0,098355	22,690000	51,935000
3,565761	93,411393	109,972	-0,098597	22,690000	51,935000
3,563701	91,741667	110,072	-0,099262	22,690000	51,935000
3,561682	90,760197	110,172	-0,099652	22,690000	51,935000
3,559745	88,916261	110,272	-0,100386	22,690000	51,935000
3,557714	88,283213	110,373	-0,100638	22,690000	51,950000
3,555693	88,225552	110,473	-0,100661	22,690000	51,950000
3,553783	85,873704	110,573	-0,101597	22,690000	51,950000
3,551760	85,957129	110,673	-0,101564	22,690000	51,950000
3,549732	84,900822	110,773	-0,101984	22,690000	51,950000
3,547717	82,790662	110,873	-0,102824	22,690000	51,950000
3,545725	81,269384	110,973	-0,103430	22,690000	51,950000
3,543737	80,297729	111,073	-0,103816	22,690000	51,950000
3,541756	79,890419	111,173	-0,103979	22,690000	51,950000
3,539752	78,494278	111,274	-0,104534	22,690000	51,950000
3,537724	78,153217	111,374	-0,104670	22,690000	51,950000
3,535698	76,948463	111,474	-0,105149	22,690000	51,950000
3,533761	76,391479	111,574	-0,105371	22,690000	51,950000
3,531775	74,911913	111,674	-0,105960	22,690000	51,950000
3,529747	74,828488	111,775	-0,105993	22,690000	51,950000
3,527744	73,649497	111,875	-0,106462	22,690000	51,950000
3,525692	72,502405	111,976	-0,106919	22,690000	51,950000
3,523727	71,097676	112,076	-0,107478	22,690000	51,950000
3,521747	70,399605	112,176	-0,107756	22,690000	51,950000
3,519815	68,662404	112,276	-0,108447	22,690000	51,950000
3,517660	67,466237	112,376	-0,108923	22,690000	51,950000
3,515792	66,468819	112,476	-0,109320	22,690000	51,950000
3,513677	64,407732	112,576	-0,110141	22,690000	51,950000
3,511751	64,191809	112,676	-0,110227	22,690000	51,950000
3,509735	62,861917	112,776	-0,110756	22,690000	51,950000
3,507712	62,254633	112,876	-0,110998	22,690000	51,950000
3,505695	59,794824	112,977	-0,111977	22,690000	51,950000
3,503761	59,637789	113,078	-0,112039	22,690000	51,950000
3,501716	58,913955	113,178	-0,112327	22,690000	51,950000
3,499676	57,268766	113,279	-0,112982	22,690000	51,950000
3,497779	56,744906	113,379	-0,113190	22,690000	51,950000
3,495748	55,423602	113,480	-0,113716	22,690000	51,950000
3,493807	54,309634	113,581	-0,114160	22,690000	51,950000
3,491737	52,980969	113,681	-0,114688	22,690000	51,950000
3,489777	50,312598	113,781	-0,115750	22,690000	51,950000
3,487780	49,515154	113,881	-0,116068	22,690000	51,950000
3,485765	49,473441	113,981	-0,116084	22,690000	51,950000
3,483767	48,733659	114,081	-0,116379	22,690000	51,950000
3,481751	47,769364	114,182	-0,116763	22,690000	51,950000
3,479758	45,775754	114,282	-0,117556	22,690000	51,950000
3,477721	45,126757	114,382	-0,117814	22,700000	51,935000
3,475774	43,763741	114,482	-0,118357	22,700000	51,935000
3,473726	42,666948	114,582	-0,118793	22,700000	51,935000
3,471724	41,570155	114,682	-0,119230	22,700000	51,935000
3,469814	39,060046	114,782	-0,120229	22,700000	51,935000
3,467727	37,655318	114,882	-0,120788	22,700000	51,935000
3,465713	38,095752	114,982	-0,120613	22,700000	51,935000
3,463739	36,749912	115,082	-0,121148	22,700000	51,935000
3,461721	35,869042	115,182	-0,121499	22,700000	51,935000
3,459779	34,664288	115,282	-0,121979	22,700000	51,935000
3,457743	32,203253	115,382	-0,122958	22,700000	51,935000
3,455760	31,156760	115,482	-0,123375	22,700000	51,935000
3,453750	31,638907	115,582	-0,123183	22,700000	51,935000
3,451780	29,943418	115,682	-0,123857	22,700000	51,935000
3,449794	29,095674	115,782	-0,124195	22,700000	51,935000
3,447709	27,549859	115,882	-0,124810	22,700000	51,935000
3,445740	26,618689	115,982	-0,125181	22,700000	51,935000
3,443756	25,347686	116,084	-0,125687	22,700000	51,935000
3,441770	24,226356	116,184	-0,126133	22,700000	51,935000
3,439709	23,136925	116,284	-0,126566	22,700000	51,935000
3,437737	21,899046	116,384	-0,127059	22,690000	51,910000
3,435721	20,767902	116,485	-0,127509	22,690000	51,910000
3,433794	18,607442	116,585	-0,128369	22,690000	51,910000
3,431762	17,353614	116,686	-0,128868	22,690000	51,910000
3,429783	17,569537	116,786	-0,128782	22,690000	51,910000
3,427743	15,425026	116,887	-0,129636	22,690000	51,910000
3,425830	15,266764	116,987	-0,129699	22,690000	51,910000
3,423823	14,062009	117,087	-0,130178	22,690000	51,910000
3,421739	12,806955	117,187	-0,130678	22,690000	51,910000
3,419716	11,203478	117,287	-0,131316	22,690000	51,910000
3,417776	10,222008	117,387	-0,131707	22,690000	51,910000
3,415765	8,352308	117,487	-0,132451	22,690000	51,910000
3,413796	7,271465	117,587	-0,132881	22,690000	51,910000
3,411806	6,507145	117,687	-0,133185	22,690000	51,910000
3,409772	4,778531	117,787	-0,133873	22,690000	51,910000
3,407777	4,038748	117,887	-0,134167	22,690000	51,910000
3,405768	3,939375	117,988	-0,134207	22,690000	51,910000
3,403796	2,767745	118,089	-0,134673	22,690000	51,910000
3,401725	1,787502	118,189	-0,135063	22,690000	51,910000
3,399823	-0,664946	118,289	-0,136040	22,690000	51,910000
3,397803	-0,390134	118,390	-0,135930	22,700000	51,965000
3,395808	-1,255055	118,491	-0,136274	22,700000	51,965000
3,393741	-3,473176	118,591	-0,137157	22,700000	51,965000
3,391804	-4,155298	118,691	-0,137429	22,700000	51,965000
3,389789	-4,935567	118,792	-0,137739	22,700000	51,965000
3,387796	-6,780730	118,893	-0,138474	22,700000	51,965000
3,385804	-7,238340	118,994	-0,138656	22,700000	51,965000
3,383767	-9,590187	119,094	-0,139592	22,700000	51,965000
3,381777	-9,640488	119,194	-0,139612	22,700000	51,965000
3,379754	-10,380270	119,295	-0,139906	22,700000	51,965000
3,377808	-11,759236	119,395	-0,140455	22,700000	51,965000
3,375763	-14,077958	119,495	-0,141378	22,700000	51,965000
3,373785	-14,115990	119,595	-0,141393	22,700000	51,965000
3,371794	-15,083965	119,695	-0,141778	22,700000	51,965000
3,369813	-16,013907	119,795	-0,142148	22,700000	51,965000
3,367808	-16,887416	119,895	-0,142496	22,700000	51,965000
3,365816	-17,859071	119,995	-0,142883	22,700000	51,965000
3,363761	-19,430649	120,095	-0,143508	22,700000	51,965000
3,361799	-20,677116	120,195	-0,144004	22,700000	51,965000
3,359804	-22,862113	120,295	-0,144874	22,700000	51,965000
3,357745	-24,084043	120,396	-0,145360	22,690000	51,965000
3,355775	-24,989449	120,496	-0,145721	22,690000	51,965000
3,353809	-26,294804	120,597	-0,146240	22,690000	51,965000
3,351780	-27,250510	120,697	-0,146621	22,690000	51,965000
3,349804	-26,909450	120,797	-0,146485	22,690000	51,965000
3,347755	-28,089667	120,897	-0,146955	22,690000	51,965000
3,345810	-29,360671	120,997	-0,147460	22,690000	51,965000
3,343731	-30,192466	121,098	-0,147792	22,690000	51,965000
3,341796	-31,380045	121,199	-0,148264	22,690000	51,965000
3,339802	-32,194665	121,299	-0,148588	22,690000	51,965000
3,337772	-33,374882	121,399	-0,149058	22,690000	51,965000
3,335768	-35,834691	121,500	-0,150037	22,690000	51,965000
3,333815	-35,618768	121,600	-0,149951	22,690000	51,965000
3,331758	-36,508225	121,700	-0,150305	22,690000	51,965000
3,329809	-38,943497	121,800	-0,151274	22,690000	51,965000
3,327777	-39,632979	121,901	-0,151549	22,690000	51,965000
3,325823	-40,771484	122,001	-0,152002	22,690000	51,965000
3,323800	-41,710015	122,102	-0,152375	22,690000	51,965000
3,321818	-42,982245	122,202	-0,152882	22,690000	51,965000
3,319793	-44,021376	122,302	-0,153295	22,690000	51,965000
3,317826	-45,384393	122,403	-0,153838	22,690000	51,950000
3,315848	-45,691102	122,503	-0,153960	22,690000	51,950000
3,313800	-45,840776	122,603	-0,154020	22,690000	51,950000
3,311761	-47,785313	122,703	-0,154793	22,690000	51,950000
3,309786	-47,677352	122,803	-0,154750	22,690000	51,950000
3,307760	-48,840393	122,903	-0,155213	22,690000	51,950000
3,305808	-49,547052	123,003	-0,155495	22,690000	51,950000
3,303806	-51,750451	123,104	-0,156372	22,690000	51,950000
3,301826	-51,425340	123,204	-0,156242	22,690000	51,950000
3,299821	-52,639909	123,304	-0,156726	22,690000	51,950000
3,297759	-53,569851	123,405	-0,157096	22,690000	51,950000
3,295779	-55,514388	123,506	-0,157870	22,690000	51,950000
3,293840	-55,697187	123,607	-0,157942	22,690000	51,950000
3,291817	-57,384088	123,708	-0,158614	22,690000	51,950000
3,289802	-57,185341	123,810	-0,158535	22,690000	51,950000
3,287783	-59,512651	123,910	-0,159461	22,690000	51,950000
3,285805	-59,147054	124,012	-0,159315	22,690000	51,950000
3,283772	-60,076996	124,112	-0,159686	22,690000	51,950000
3,281800	-61,065827	124,213	-0,160079	22,690000	51,950000
3,279781	-63,194390	124,313	-0,160926	22,690000	51,950000
3,277839	-62,752728	124,413	-0,160750	22,690000	51,950000
3,275764	-63,791860	124,513	-0,161164	22,690000	51,950000
3,273793	-64,648192	124,614	-0,161505	22,690000	51,950000
3,271728	-67,374225	124,714	-0,162590	22,690000	51,950000
3,269801	-66,958327	124,814	-0,162424	22,690000	51,950000
3,267881	-67,980282	124,915	-0,162831	22,690000	51,950000
3,265809	-68,852564	125,015	-0,163178	22,690000	51,950000
3,263809	-70,838813	125,115	-0,163969	22,690000	51,950000
3,261824	-70,523516	125,215	-0,163843	22,690000	51,950000
3,259895	-71,395797	125,315	-0,164190	22,690000	51,950000
3,257754	-73,656859	125,416	-0,165090	22,690000	51,950000
3,255788	-74,570852	125,516	-0,165454	22,690000	51,950000
3,253827	-75,376884	125,616	-0,165775	22,690000	51,950000
3,251811	-74,462891	125,716	-0,165411	22,690000	51,950000
3,249790	-75,152373	125,816	-0,165686	22,690000	51,950000
3,247854	-77,471096	125,916	-0,166608	22,690000	51,950000
3,245771	-76,797562	126,016	-0,166340	22,690000	51,950000
3,243791	-77,455147	126,117	-0,166602	22,690000	51,950000
3,241801	-78,452566	126,217	-0,166999	22,690000	51,950000
3,239777	-80,579901	126,317	-0,167846	22,690000	51,950000
3,237755	-81,219084	126,417	-0,168100	22,700000	51,965000
3,235798	-81,767480	126,518	-0,168318	22,700000	51,965000
3,233811	-82,482726	126,618	-0,168603	22,700000	51,965000
3,231797	-83,255634	126,718	-0,168911	22,700000	51,965000
3,229792	-82,623812	126,818	-0,168659	22,700000	51,965000
3,227785	-83,438432	126,918	-0,168983	22,700000	51,965000
3,225831	-84,169627	127,018	-0,169274	22,700000	51,965000
3,223817	-86,081040	127,118	-0,170035	22,700000	51,965000
3,221794	-86,845360	127,218	-0,170339	22,700000	51,965000
3,219796	-87,195008	127,318	-0,170479	22,700000	51,965000
3,217835	-87,834190	127,418	-0,170733	22,700000	51,965000
3,215831	-88,457424	127,518	-0,170981	22,700000	51,965000
3,213813	-87,983865	127,619	-0,170792	22,700000	51,965000
3,211808	-88,432887	127,719	-0,170971	22,700000	51,965000
3,209787	-89,181258	127,820	-0,171269	22,700000	51,965000
3,207830	-90,993297	127,921	-0,171990	22,700000	51,965000
3,205815	-91,216581	128,021	-0,172079	22,700000	51,965000
3,203806	-92,413974	128,121	-0,172556	22,700000	51,965000
3,201749	-92,953783	128,221	-0,172771	22,700000	51,965000
3,199802	-93,343917	128,322	-0,172926	22,700000	51,965000
3,197825	-93,975738	128,422	-0,173177	22,690000	51,950000
3,195797	-94,250550	128,523	-0,173287	22,690000	51,950000
3,193776	-94,940032	128,623	-0,173561	22,690000	51,950000
3,191832	-96,012288	128,724	-0,173988	22,690000	51,950000
3,189797	-96,045413	128,824	-0,174001	22,690000	51,950000
3,187821	-97,126256	128,925	-0,174431	22,690000	51,950000
3,185796	-98,097911	129,025	-0,174818	22,690000	51,950000
3,183807	-99,560302	129,125	-0,175400	22,690000	51,950000
3,181767	-99,577477	129,225	-0,175407	22,690000	51,950000
3,179795	-101,039867	129,325	-0,175989	22,690000	51,950000
3,177815	-101,131880	129,425	-0,176025	22,690000	51,950000
3,175840	-102,752532	129,525	-0,176670	22,690000	51,950000
3,173857	-102,386935	129,626	-0,176525	22,690000	51,950000
3,171841	-103,791663	129,726	-0,177084	22,690000	51,950000
3,169821	-104,746143	129,826	-0,177464	22,690000	51,950000
3,167835	-105,677312	129,926	-0,177834	22,690000	51,950000
3,165839	-106,882067	130,026	-0,178314	22,690000	51,950000
3,163797	-107,680738	130,127	-0,178632	22,690000	51,950000
3,161833	-108,586144	130,227	-0,178992	22,690000	51,950000
3,159793	-110,447256	130,328	-0,179733	22,690000	51,950000
3,157807	-110,671767	130,428	-0,179822	22,690000	51,925000
3,155824	-111,620112	130,528	-0,180200	22,690000	51,925000
3,153806	-112,134157	130,628	-0,180404	22,690000	51,925000
3,151852	-113,414975	130,728	-0,180914	22,690000	51,925000
3,149848	-114,470055	130,829	-0,181334	22,690000	51,925000
3,147806	-115,458886	130,929	-0,181728	22,690000	51,925000
3,145836	-116,190081	131,029	-0,182019	22,690000	51,925000
3,143848	-117,519973	131,130	-0,182548	22,690000	51,925000
3,141813	-118,317417	131,230	-0,182865	22,690000	51,925000
3,139819	-119,314836	131,331	-0,183262	22,690000	51,925000
3,137847	-121,417635	131,431	-0,184099	22,690000	51,925000
3,135796	-121,234836	131,531	-0,184026	22,690000	51,925000
3,133823	-122,065405	131,631	-0,184357	22,690000	51,925000
3,131848	-124,709240	131,732	-0,185409	22,690000	51,925000
3,129871	-124,126492	131,832	-0,185177	22,690000	51,925000
3,127875	-125,282173	131,932	-0,185637	22,690000	51,925000
3,125862	-126,553176	132,032	-0,186143	22,690000	51,925000
3,123796	-127,550595	132,132	-0,186540	22,690000	51,925000
3,121825	-129,562608	132,232	-0,187341	22,690000	51,925000
3,119850	-130,659401	132,333	-0,187777	22,690000	51,925000
3,117844	-131,632283	132,433	-0,188165	22,690000	51,925000
3,115829	-132,586762	132,533	-0,188544	22,690000	51,925000
3,113844	-133,434507	132,633	-0,188882	22,690000	51,925000
3,111854	-133,493395	132,733	-0,188905	22,690000	51,925000
3,109841	-134,240539	132,833	-0,189203	22,690000	51,925000
3,107841	-135,229370	132,933	-0,189596	22,690000	51,925000
3,105840	-136,019453	133,033	-0,189911	22,690000	51,925000
3,103783	-137,041408	133,133	-0,190317	22,690000	51,925000
3,101813	-138,179913	133,233	-0,190771	22,690000	51,925000
3,099796	-139,427607	133,333	-0,191267	22,690000	51,925000
3,097825	-141,304668	133,433	-0,192014	22,690000	51,925000
3,095874	-141,163582	133,533	-0,191958	22,690000	51,925000
3,093846	-143,099531	133,633	-0,192729	22,690000	51,925000
3,091802	-144,314100	133,734	-0,193212	22,690000	51,925000
3,089844	-145,118905	133,835	-0,193532	22,690000	51,925000
3,087873	-146,158036	133,936	-0,193946	22,690000	51,925000
3,085851	-147,404503	134,037	-0,194442	22,690000	51,925000
3,083773	-148,102573	134,137	-0,194720	22,690000	51,925000
3,081832	-148,826407	134,237	-0,195008	22,690000	51,925000
3,079831	-148,718446	134,337	-0,194965	22,690000	51,925000
3,077845	-149,799289	134,438	-0,195395	22,690000	51,925000
3,075822	-151,618689	134,539	-0,196119	22,690000	51,925000
3,073834	-151,933986	134,639	-0,196245	22,690000	51,925000
3,071818	-153,904287	134,740	-0,197029	22,690000	51,925000
3,069820	-154,402383	134,840	-0,197227	22,690000	51,925000
3,067823	-155,416977	134,941	-0,197631	22,690000	51,925000
3,065848	-155,848824	135,042	-0,197803	22,690000	51,925000
3,063833	-157,020454	135,142	-0,198269	22,690000	51,925000
3,061866	-158,109885	135,242	-0,198703	22,690000	51,925000
3,059837	-158,874205	135,342	-0,199007	22,690000	51,925000
3,057867	-159,720723	135,443	-0,199344	22,690000	51,925000
3,055872	-160,785618	135,543	-0,199768	22,690000	51,925000
3,053835	-162,023496	135,643	-0,200260	22,690000	51,925000
3,051855	-163,985209	135,743	-0,201041	22,690000	51,925000
3,049767	-164,932328	135,844	-0,201418	22,690000	51,925000
3,047808	-165,663523	135,944	-0,201709	22,690000	51,925000
3,045847	-165,264801	136,044	-0,201550	22,690000	51,925000
3,043784	-166,843740	136,144	-0,202179	22,690000	51,925000
3,041807	-167,475561	136,244	-0,202430	22,690000	51,925000
3,039771	-168,920776	136,344	-0,203005	22,690000	51,925000
3,037849	-169,253249	136,445	-0,203138	22,700000	51,910000
3,035828	-170,417517	136,545	-0,203601	22,700000	51,910000
3,033866	-171,556022	136,645	-0,204054	22,700000	51,910000
3,031849	-172,628278	136,745	-0,204481	22,700000	51,910000
3,029840	-173,368061	136,845	-0,204775	22,700000	51,910000
3,027941	-173,998655	136,946	-0,205026	22,700000	51,910000
3,025848	-175,096675	137,048	-0,205463	22,700000	51,910000
3,023860	-175,760394	137,148	-0,205728	22,700000	51,910000
3,021817	-178,287679	137,248	-0,206733	22,700000	51,910000
3,019789	-179,384471	137,349	-0,207170	22,700000	51,910000
3,017881	-180,273928	137,449	-0,207524	22,700000	51,910000
3,015914	-180,987948	137,549	-0,207808	22,700000	51,910000
3,013868	-180,772024	137,650	-0,207722	22,700000	51,910000
3,011857	-181,711782	137,750	-0,208096	22,700000	51,910000
3,009841	-182,234414	137,850	-0,208304	22,700000	51,910000
3,007875	-183,581482	137,951	-0,208840	22,700000	51,910000
3,005843	-184,304089	138,052	-0,209128	22,700000	51,910000
3,003803	-186,814198	138,153	-0,210127	22,700000	51,910000
3,001836	-187,437431	138,253	-0,210375	22,700000	51,910000
2,999797	-187,287757	138,353	-0,210315	22,690000	51,925000
2,997883	-189,399144	138,453	-0,211156	22,690000	51,925000
2,995862	-189,091208	138,553	-0,211033	22,690000	51,925000
2,993875	-190,013790	138,653	-0,211400	22,690000	51,925000
2,991810	-190,836997	138,754	-0,211728	22,690000	51,925000
2,989844	-191,850365	138,854	-0,212131	22,690000	51,925000
2,987795	-192,440474	138,954	-0,212366	22,690000	51,925000
2,985877	-193,578979	139,054	-0,212819	22,690000	51,925000
2,983887	-194,808270	139,154	-0,213309	22,690000	51,925000
2,981787	-196,054737	139,254	-0,213805	22,690000	51,925000
2,979890	-196,703734	139,354	-0,214063	22,690000	51,925000
2,977823	-197,584603	139,454	-0,214414	22,690000	51,925000
2,975914	-199,213843	139,555	-0,215062	22,690000	51,925000
2,973817	-199,246967	139,655	-0,215075	22,690000	51,925000
2,971859	-200,717945	139,755	-0,215661	22,690000	51,925000
2,969879	-201,341179	139,855	-0,215909	22,690000	51,925000
2,967831	-202,171747	139,955	-0,216239	22,690000	51,925000
2,965841	-202,812156	140,055	-0,216494	22,690000	51,925000
2,963841	-202,961831	140,156	-0,216554	22,690000	51,925000
2,961818	-204,382508	140,257	-0,217119	22,690000	51,925000
2,959900	-204,922317	140,357	-0,217334	22,700000	51,925000
2,957863	-206,260796	140,457	-0,217867	22,700000	51,925000
2,955866	-207,025116	140,558	-0,218171	22,700000	51,925000
2,953896	-208,911992	140,658	-0,218922	22,700000	51,925000
2,951819	-208,297346	140,758	-0,218677	22,700000	51,925000
2,949810	-209,510688	140,858	-0,219160	22,700000	51,925000
2,947870	-210,167046	140,958	-0,219421	22,700000	51,925000
2,945893	-211,096989	141,058	-0,219792	22,700000	51,925000
2,943853	-211,836772	141,158	-0,220086	22,700000	51,925000
2,941807	-213,234139	141,259	-0,220642	22,700000	51,925000
2,939818	-213,424299	141,360	-0,220718	22,700000	51,925000
2,937889	-214,414357	141,461	-0,221112	22,700000	51,925000
2,935885	-214,754191	141,561	-0,221247	22,700000	51,925000
2,933812	-215,635060	141,661	-0,221598	22,700000	51,925000
2,931857	-217,663022	141,761	-0,222405	22,700000	51,925000
2,929840	-218,385629	141,861	-0,222692	22,700000	51,925000
2,927862	-218,120632	141,961	-0,222587	22,700000	51,925000
2,925830	-218,361093	142,061	-0,222683	22,700000	51,925000
2,923840	-219,407585	142,161	-0,223099	22,700000	51,925000
2,921842	-220,181719	142,261	-0,223407	22,700000	51,925000
2,919879	-221,835496	142,361	-0,224065	22,700000	51,895000
2,917866	-222,641528	142,461	-0,224386	22,700000	51,895000
2,915849	-223,181336	142,562	-0,224601	22,700000	51,895000
2,913825	-222,716365	142,662	-0,224416	22,700000	51,895000
2,911935	-222,690601	142,763	-0,224406	22,700000	51,895000
2,909857	-223,007125	142,863	-0,224532	22,700000	51,895000
2,907835	-222,948237	142,963	-0,224508	22,700000	51,895000
2,905868	-223,123675	143,063	-0,224578	22,700000	51,895000
2,903872	-223,463509	143,163	-0,224713	22,700000	51,895000
2,901881	-221,893157	143,264	-0,224088	22,700000	51,895000
2,899787	-181,104497	143,364	-0,207854	22,700000	51,895000
2,897851	-169,063089	143,464	-0,203062	22,700000	51,895000
2,895810	-161,915535	143,564	-0,200217	22,700000	51,895000
2,893887	-158,533144	143,664	-0,198871	22,700000	51,895000
2,891877	-156,322383	143,765	-0,197991	22,700000	51,895000
2,889871	-155,432926	143,865	-0,197637	22,700000	51,895000
2,887902	-154,053961	143,966	-0,197088	22,700000	51,895000
2,885802	-154,170511	144,067	-0,197135	22,700000	51,895000
2,883876	-153,230753	144,168	-0,196761	22,700000	51,895000
2,881866	-152,847980	144,268	-0,196608	22,700000	51,895000
2,879902	-151,061705	144,368	-0,195897	22,700000	51,895000
2,877837	-151,161079	144,468	-0,195937	22,700000	51,895000
2,875871	-151,086242	144,569	-0,195907	22,700000	51,895000
2,873887	-150,638446	144,669	-0,195729	22,700000	51,895000
2,871818	-151,070293	144,769	-0,195901	22,700000	51,895000
2,869882	-151,751188	144,870	-0,196172	22,700000	51,895000
2,867885	-151,004044	144,971	-0,195875	22,700000	51,895000
2,865841	-151,427303	145,071	-0,196043	22,700000	51,895000
2,863868	-150,821245	145,172	-0,195802	22,700000	51,895000
2,861852	-151,053117	145,272	-0,195894	22,700000	51,895000
2,859845	-151,227328	145,372	-0,195963	22,700000	51,895000
2,857891	-151,643226	145,472	-0,196129	22,700000	51,895000
2,855844	-151,378229	145,573	-0,196023	22,700000	51,895000
2,853858	-151,294804	145,673	-0,195990	22,700000	51,895000
2,851931	-152,290996	145,773	-0,196387	22,700000	51,895000
2,849917	-152,740018	145,873	-0,196565	22,700000	51,895000
2,847854	-152,724070	145,973	-0,196559	22,700000	51,895000
2,845817	-152,632057	146,074	-0,196522	22,700000	51,895000
2,843893	-152,616108	146,174	-0,196516	22,700000	51,895000
2,841899	-152,475022	146,274	-0,196460	22,700000	51,895000
2,839839	-152,416133	146,375	-0,196437	22,700000	51,910000
2,837888	-152,790319	146,475	-0,196585	22,700000	51,910000
2,835930	-153,164504	146,576	-0,196734	22,700000	51,910000
2,833929	-153,422140	146,676	-0,196837	22,700000	51,910000
2,831907	-153,629476	146,776	-0,196919	22,700000	51,910000
2,829909	-153,770562	146,877	-0,196976	22,700000	51,910000
2,827855	-153,911648	146,978	-0,197032	22,700000	51,910000
2,825891	-154,494396	147,079	-0,197264	22,700000	51,910000
2,823869	-153,820862	147,179	-0,196996	22,700000	51,910000
2,821869	-153,838038	147,280	-0,197002	22,700000	51,910000
2,819845	-153,853987	147,381	-0,197009	22,700000	51,910000
2,817863	-154,352083	147,481	-0,197207	22,700000	51,910000
2,815820	-154,069910	147,581	-0,197095	22,700000	51,910000
2,813873	-154,402383	147,683	-0,197227	22,700000	51,910000
2,811879	-154,020837	147,783	-0,197075	22,700000	51,910000
2,809925	-154,053961	147,883	-0,197088	22,700000	51,910000
2,807873	-154,419559	147,983	-0,197234	22,700000	51,910000
2,805898	-153,862575	148,083	-0,197012	22,700000	51,910000
2,803894	-152,781731	148,183	-0,196582	22,700000	51,910000
2,801843	-151,660402	148,283	-0,196136	22,700000	51,910000
2,799915	-150,264261	148,383	-0,195580	22,690000	51,925000
2,797900	-148,095212	148,483	-0,194717	22,690000	51,925000
2,795839	-144,928745	148,583	-0,193457	22,690000	51,925000
2,793856	-142,643147	148,683	-0,192547	22,690000	51,925000
2,791857	-139,617767	148,783	-0,191343	22,690000	51,925000
2,789869	-137,016871	148,884	-0,190308	22,690000	51,925000
2,787851	-134,590187	148,985	-0,189342	22,690000	51,925000
2,785904	-129,895081	149,085	-0,187473	22,690000	51,925000
2,783938	-127,301547	149,185	-0,186441	22,690000	51,925000
2,781885	-125,556984	149,285	-0,185747	22,690000	51,925000
2,779906	-121,525597	149,385	-0,184142	22,690000	51,925000
2,777875	-117,254976	149,486	-0,182442	22,690000	51,925000
2,775897	-105,078616	149,587	-0,177596	22,690000	51,925000
2,773867	-0,797444	149,688	-0,136092	22,690000	51,925000
2,771915	-0,656358	149,789	-0,136036	22,690000	51,925000
2,769852	-0,515272	149,889	-0,135980	22,690000	51,925000
2,767846	-0,630594	149,990	-0,136026	22,690000	51,925000
2,765885	-0,623233	150,091	-0,136023	22,690000	51,925000
2,763871	-0,548396	150,191	-0,135993	22,690000	51,925000
2,761869	-0,722607	150,291	-0,136063	22,690000	51,925000
2,759847	-0,788856	150,392	-0,136089	22,690000	51,935000
2,757878	-0,606058	150,492	-0,136016	22,690000	51,935000
2,755868	-0,664946	150,592	-0,136040	22,690000	51,935000
2,753849	-0,847745	150,693	-0,136112	22,690000	51,935000
2,751872	-0,581521	150,793	-0,136006	22,690000	51,935000
2,749895	-0,539808	150,893	-0,135990	22,690000	51,935000
2,747878	-0,672307	150,993	-0,136042	22,690000	51,935000
2,745856	-0,731195	151,093	-0,136066	22,690000	51,935000
2,743900	-0,664946	151,194	-0,136040	22,690000	51,935000
2,741905	-0,680895	151,294	-0,136046	22,690000	51,935000
2,739912	-0,464971	151,395	-0,135960	22,690000	51,935000
2,737870	-0,407310	151,495	-0,135937	22,690000	51,935000
2,735827	-0,572933	151,595	-0,136003	22,690000	51,935000
2,733880	-0,606058	151,695	-0,136016	22,690000	51,935000
2,731868	-0,515272	151,796	-0,135980	22,690000	51,935000
2,729868	-0,548396	151,896	-0,135993	22,690000	51,935000
2,727869	-0,539808	151,997	-0,135990	22,690000	51,935000
2,725854	-0,590109	152,097	-0,136010	22,690000	51,935000
2,723911	-0,531221	152,197	-0,135986	22,690000	51,935000
2,721871	-0,531221	152,297	-0,135986	22,690000	51,935000
2,719844	-0,863693	152,397	-0,136119	22,690000	51,935000
2,717885	-0,647770	152,497	-0,136033	22,690000	51,935000
2,715863	-0,282173	152,597	-0,135887	22,690000	51,935000
2,713860	-0,614645	152,697	-0,136020	22,690000	51,935000
2,711805	-0,781495	152,798	-0,136086	22,690000	51,935000
2,709848	-0,515272	152,898	-0,135980	22,690000	51,935000
2,707867	-0,830569	152,998	-0,136105	22,690000	51,935000
2,705862	-0,523860	153,099	-0,135983	22,690000	51,935000
2,703844	-0,855106	153,199	-0,136115	22,690000	51,935000
2,701896	-0,157035	153,299	-0,135837	22,690000	51,935000
2,699844	-0,515272	153,400	-0,135980	22,690000	51,935000
2,697888	-0,572933	153,500	-0,136003	22,690000	51,935000
2,695860	-0,614645	153,600	-0,136020	22,690000	51,935000
2,693902	-0,381546	153,700	-0,135927	22,690000	51,935000
2,691916	-0,515272	153,800	-0,135980	22,690000	51,935000
2,689930	-0,489508	153,901	-0,135970	22,690000	51,935000
2,687879	-0,515272	154,001	-0,135980	22,690000	51,935000
2,685901	-0,581521	154,101	-0,136006	22,690000	51,935000
2,683865	-0,440435	154,201	-0,135950	22,690000	51,935000
2,681883	-0,482147	154,301	-0,135967	22,690000	51,935000
2,679857	-0,506684	154,401	-0,135977	22,700000	51,925000
2,677900	-0,440435	154,501	-0,135950	22,700000	51,925000
2,675896	-0,548396	154,601	-0,135993	22,700000	51,925000
2,673885	-0,548396	154,701	-0,135993	22,700000	51,925000
2,671812	-0,548396	154,801	-0,135993	22,700000	51,925000
2,669896	-0,565572	154,901	-0,136000	22,700000	51,925000
2,667876	-0,680895	155,001	-0,136046	22,700000	51,925000
2,665817	-0,074837	155,102	-0,135805	22,700000	51,925000
2,663903	-0,257636	155,202	-0,135877	22,700000	51,925000
2,661882	-0,515272	155,302	-0,135980	22,700000	51,925000
2,659893	-0,464971	155,402	-0,135960	22,700000	51,925000
2,657896	-0,357010	155,503	-0,135917	22,700000	51,925000
2,655960	-0,498096	155,603	-0,135973	22,700000	51,925000
2,653900	-0,539808	155,703	-0,135990	22,700000	51,925000
2,651868	-0,498096	155,803	-0,135973	22,700000	51,925000
2,649871	-0,565572	155,903	-0,136000	22,700000	51,925000
2,647854	-0,407310	156,003	-0,135937	22,700000	51,925000
2,645852	-0,464971	156,103	-0,135960	22,700000	51,925000
2,643861	-0,290760	156,204	-0,135891	22,700000	51,925000
2,641827	-0,531221	156,304	-0,135986	22,700000	51,925000
2,639856	-0,523860	156,404	-0,135983	22,700000	51,925000
2,637842	-0,473559	156,504	-0,135963	22,700000	51,925000
2,635892	-0,506684	156,604	-0,135977	22,700000	51,925000
2,633893	-0,348422	156,704	-0,135914	22,700000	51,925000
2,631829	-0,747144	156,804	-0,136072	22,700000	51,925000
2,629826	-0,647770	156,905	-0,136033	22,700000	51,925000
2,627877	-0,614645	157,005	-0,136020	22,700000	51,925000
2,625841	-0,581521	157,106	-0,136006	22,700000	51,925000
2,623896	-0,431847	157,206	-0,135947	22,700000	51,925000
2,621844	-0,515272	157,306	-0,135980	22,700000	51,925000
2,619857	-0,506684	157,406	-0,135977	22,700000	51,925000
2,617914	-0,531221	157,507	-0,135986	22,700000	51,925000
2,615883	-0,506684	157,607	-0,135977	22,700000	51,925000
2,613869	-0,473559	157,708	-0,135963	22,700000	51,925000
2,611880	-0,423259	157,808	-0,135943	22,700000	51,925000
2,609952	-0,306709	157,908	-0,135897	22,700000	51,925000
2,607827	-0,556984	158,009	-0,135997	22,700000	51,925000
2,605863	-0,299348	158,110	-0,135894	22,700000	51,925000
2,603887	-0,414671	158,210	-0,135940	22,700000	51,925000
2,601872	-0,489508	158,311	-0,135970	22,700000	51,925000
2,599924	-0,266224	158,411	-0,135881	22,690000	51,885000
2,597906	-0,290760	158,511	-0,135891	22,690000	51,885000
2,595903	-0,240460	158,612	-0,135871	22,690000	51,885000
2,593910	-0,456383	158,712	-0,135957	22,690000	51,885000
2,591915	-0,398722	158,812	-0,135934	22,690000	51,885000
2,589910	-0,332473	158,912	-0,135907	22,690000	51,885000
2,587917	-0,456383	159,013	-0,135957	22,690000	51,885000
2,585893	-0,290760	159,113	-0,135891	22,690000	51,885000
2,583858	-0,407310	159,213	-0,135937	22,690000	51,885000
2,581877	-0,306709	159,313	-0,135897	22,690000	51,885000
2,579848	-0,623233	159,413	-0,136023	22,690000	51,885000
2,577839	-0,390134	159,513	-0,135930	22,690000	51,885000
2,575830	-0,215923	159,614	-0,135861	22,690000	51,885000
2,573853	-0,141086	159,714	-0,135831	22,690000	51,885000
2,571854	-0,182799	159,815	-0,135848	22,690000	51,885000
2,569900	-0,215923	159,915	-0,135861	22,690000	51,885000
2,567866	-0,381546	160,015	-0,135927	22,690000	51,885000
2,565880	-0,348422	160,116	-0,135914	22,690000	51,885000
2,563913	-0,565572	160,216	-0,136000	22,690000	51,885000
2,561930	-0,398722	160,316	-0,135934	22,690000	51,885000
2,559878	-0,249048	160,416	-0,135874	22,690000	51,925000
2,557896	-0,141086	160,516	-0,135831	22,690000	51,925000
2,555858	-0,290760	160,616	-0,135891	22,690000	51,925000
2,553868	-0,125137	160,717	-0,135825	22,690000	51,925000
2,551887	-0,306709	160,817	-0,135897	22,690000	51,925000
