Quasi static measurement routine
Tip parameters (shape,radius, material...) 
24.08.2022

Piezo position[nm]	MEMS displ.[nm]	Time[ms]	Cap [pf]	Temp [°C]	Rh [%]
eoh
2,633670	0,182799	0,264	-0,135226	22,710000	52,165000
2,635660	0,116550	0,364	-0,135252	22,710000	52,165000
2,637668	-0,008588	0,464	-0,135302	22,710000	52,165000
2,639638	-0,116550	0,564	-0,135345	22,710000	52,165000
2,641666	-0,175438	0,664	-0,135368	22,710000	52,165000
2,643697	0,174211	0,764	-0,135229	22,710000	52,165000
2,645662	0,207336	0,864	-0,135216	22,710000	52,165000
2,647695	-0,158262	0,964	-0,135361	22,710000	52,165000
2,649714	-0,290760	1,064	-0,135414	22,710000	52,165000
2,651683	-0,058888	1,164	-0,135322	22,710000	52,165000
2,653692	-0,233099	1,264	-0,135391	22,710000	52,165000
2,655620	0,257636	1,365	-0,135196	22,710000	52,165000
2,657696	0,015949	1,465	-0,135292	22,710000	52,165000
2,659611	-0,133725	1,566	-0,135352	22,710000	52,165000
2,661704	-0,133725	1,667	-0,135352	22,710000	52,165000
2,663673	0,082198	1,767	-0,135266	22,710000	52,165000
2,665668	-0,199974	1,868	-0,135378	22,710000	52,165000
2,667713	-0,149674	1,968	-0,135358	22,710000	52,165000
2,669711	-0,017176	2,068	-0,135305	22,710000	52,165000
2,671688	-0,008588	2,169	-0,135302	22,710000	52,165000
2,673693	-0,066249	2,269	-0,135325	22,710000	52,165000
2,675634	-0,257636	2,369	-0,135401	22,710000	52,165000
2,677684	-0,050300	2,470	-0,135318	22,710000	52,165000
2,679719	-0,100601	2,571	-0,135338	22,710000	52,165000
2,681671	-0,307936	2,672	-0,135421	22,710000	52,165000
2,683745	-0,266224	2,772	-0,135404	22,710000	52,165000
2,685744	0,249048	2,873	-0,135199	22,710000	52,165000
2,687700	0,116550	2,974	-0,135252	22,710000	52,165000
2,689705	-0,050300	3,074	-0,135318	22,710000	52,165000
2,691712	0,165623	3,174	-0,135232	22,710000	52,165000
2,693718	-0,274812	3,274	-0,135408	22,710000	52,165000
2,695694	-0,133725	3,374	-0,135352	22,710000	52,165000
2,697690	-0,125137	3,475	-0,135348	22,710000	52,165000
2,699685	-0,017176	3,575	-0,135305	22,710000	52,165000
2,701701	-0,142313	3,675	-0,135355	22,710000	52,165000
2,703671	-0,041712	3,776	-0,135315	22,710000	52,165000
2,705677	-0,142313	3,877	-0,135355	22,710000	52,165000
2,707728	-0,041712	3,977	-0,135315	22,710000	52,165000
2,709720	-0,224511	4,077	-0,135388	22,710000	52,165000
2,711646	-0,107962	4,177	-0,135341	22,710000	52,165000
2,713682	-0,249048	4,277	-0,135397	22,710000	52,165000
2,715696	0,040486	4,377	-0,135282	22,710000	52,165000
2,717701	-0,299348	4,477	-0,135417	22,710000	52,165000
2,719711	-0,217150	4,577	-0,135385	22,710000	52,165000
2,721712	-0,050300	4,677	-0,135318	22,710000	52,165000
2,723735	-0,142313	4,778	-0,135355	22,710000	52,165000
2,725773	-0,142313	4,879	-0,135355	22,710000	52,165000
2,727703	-0,092013	4,979	-0,135335	22,710000	52,165000
2,729713	-0,107962	5,079	-0,135341	22,710000	52,165000
2,731727	-0,074837	5,180	-0,135328	22,710000	52,165000
2,733701	-0,224511	5,280	-0,135388	22,710000	52,165000
2,735692	-0,033125	5,380	-0,135312	22,710000	52,165000
2,737676	-0,249048	5,480	-0,135397	22,710000	52,165000
2,739683	-0,125137	5,580	-0,135348	22,710000	52,165000
2,741671	-0,158262	5,681	-0,135361	22,710000	52,165000
2,743700	-0,041712	5,781	-0,135315	22,710000	52,165000
2,745672	-0,391361	5,882	-0,135454	22,710000	52,165000
2,747678	-0,233099	5,982	-0,135391	22,710000	52,165000
2,749722	-0,024537	6,083	-0,135308	22,710000	52,165000
2,751688	-0,058888	6,184	-0,135322	22,710000	52,165000
2,753752	-0,249048	6,284	-0,135397	22,710000	52,165000
2,755717	-0,299348	6,384	-0,135417	22,710000	52,165000
2,757686	-0,316524	6,484	-0,135424	22,710000	52,165000
2,759743	-0,191387	6,585	-0,135375	22,710000	52,165000
2,761709	-0,365598	6,685	-0,135444	22,710000	52,165000
2,763766	-0,332473	6,786	-0,135431	22,710000	52,165000
2,765707	-0,374185	6,886	-0,135447	22,710000	52,165000
2,767725	-0,182799	6,986	-0,135371	22,710000	52,165000
2,769684	-0,024537	7,086	-0,135308	22,710000	52,165000
2,771641	-0,233099	7,186	-0,135391	22,710000	52,165000
2,773694	-0,391361	7,287	-0,135454	22,710000	52,165000
2,775712	-0,217150	7,387	-0,135385	22,710000	52,165000
2,777709	-0,482147	7,487	-0,135490	22,710000	52,165000
2,779704	-0,274812	7,588	-0,135408	22,710000	52,165000
2,781636	-0,191387	7,688	-0,135375	22,710000	52,165000
2,783690	-0,266224	7,788	-0,135404	22,720000	52,165000
2,785732	-0,092013	7,889	-0,135335	22,720000	52,165000
2,787672	-0,391361	7,990	-0,135454	22,720000	52,165000
2,789706	-0,739783	8,090	-0,135593	22,720000	52,165000
2,791697	0,040486	8,190	-0,135282	22,720000	52,165000
2,793677	-0,274812	8,290	-0,135408	22,720000	52,165000
2,795690	-0,290760	8,390	-0,135414	22,720000	52,165000
2,797684	-0,290760	8,491	-0,135414	22,720000	52,165000
2,799687	-0,382773	8,591	-0,135451	22,720000	52,165000
2,801661	-0,299348	8,692	-0,135417	22,720000	52,165000
2,803732	-0,349649	8,792	-0,135438	22,720000	52,165000
2,805641	-0,208562	8,892	-0,135381	22,720000	52,165000
2,807712	-0,241687	8,992	-0,135395	22,720000	52,165000
2,809745	-0,290760	9,092	-0,135414	22,720000	52,165000
2,811707	-0,440435	9,192	-0,135474	22,720000	52,165000
2,813729	-0,142313	9,292	-0,135355	22,720000	52,165000
2,815668	-0,208562	9,393	-0,135381	22,720000	52,165000
2,817691	-0,374185	9,494	-0,135447	22,720000	52,165000
2,819744	-0,299348	9,594	-0,135417	22,720000	52,165000
2,821700	-0,257636	9,694	-0,135401	22,720000	52,165000
2,823670	-0,274812	9,794	-0,135408	22,700000	52,160000
2,825767	-0,391361	9,894	-0,135454	22,700000	52,160000
2,827683	-0,449022	9,994	-0,135477	22,700000	52,160000
2,829685	-0,449022	10,094	-0,135477	22,700000	52,160000
2,831718	-0,433074	10,195	-0,135471	22,700000	52,160000
2,833709	-0,440435	10,295	-0,135474	22,700000	52,160000
2,835651	-0,407310	10,395	-0,135460	22,700000	52,160000
2,837761	-0,341061	10,496	-0,135434	22,700000	52,160000
2,839724	-0,565572	10,596	-0,135523	22,700000	52,160000
2,841681	-0,440435	10,696	-0,135474	22,700000	52,160000
2,843755	-0,473559	10,797	-0,135487	22,700000	52,160000
2,845692	-0,415898	10,897	-0,135464	22,700000	52,160000
2,847715	-0,490735	10,997	-0,135494	22,700000	52,160000
2,849754	-0,349649	11,097	-0,135438	22,700000	52,160000
2,851721	-0,556984	11,197	-0,135520	22,700000	52,160000
2,853737	-0,466198	11,298	-0,135484	22,700000	52,160000
2,855713	-0,283399	11,399	-0,135411	22,700000	52,160000
2,857720	-0,299348	11,499	-0,135417	22,700000	52,160000
2,859688	-0,856332	11,599	-0,135639	22,700000	52,160000
2,861709	-0,556984	11,700	-0,135520	22,700000	52,160000
2,863693	-0,290760	11,801	-0,135414	22,700000	52,160000
2,865717	-0,515272	11,901	-0,135503	22,700000	52,160000
2,867704	-0,299348	12,001	-0,135417	22,700000	52,160000
2,869725	-0,457610	12,101	-0,135480	22,700000	52,160000
2,871685	-0,698070	12,202	-0,135576	22,700000	52,160000
2,873654	-0,590109	12,302	-0,135533	22,700000	52,160000
2,875710	-0,698070	12,402	-0,135576	22,700000	52,160000
2,877706	-0,689483	12,503	-0,135573	22,700000	52,160000
2,879677	-0,607284	12,603	-0,135540	22,700000	52,160000
2,881718	-0,358236	12,704	-0,135441	22,700000	52,160000
2,883675	-0,673534	12,805	-0,135566	22,700000	52,160000
2,885715	-0,640409	12,905	-0,135553	22,700000	52,160000
2,887714	-0,615872	13,005	-0,135543	22,700000	52,160000
2,889709	-0,399949	13,105	-0,135458	22,700000	52,160000
2,891639	-0,424486	13,205	-0,135467	22,700000	52,160000
2,893692	-0,515272	13,305	-0,135503	22,700000	52,160000
2,895698	-0,466198	13,405	-0,135484	22,700000	52,160000
2,897666	-0,673534	13,506	-0,135566	22,700000	52,160000
2,899719	-0,424486	13,607	-0,135467	22,700000	52,160000
2,901741	-0,506684	13,708	-0,135500	22,700000	52,160000
2,903671	-0,283399	13,809	-0,135411	22,730000	52,185000
2,905690	-0,698070	13,910	-0,135576	22,730000	52,185000
2,907666	-0,698070	14,010	-0,135576	22,730000	52,185000
2,909688	-0,922582	14,110	-0,135666	22,730000	52,185000
2,911662	-0,565572	14,210	-0,135523	22,730000	52,185000
2,913717	-0,598697	14,310	-0,135537	22,730000	52,185000
2,915719	-0,565572	14,410	-0,135523	22,730000	52,185000
2,917710	-0,607284	14,510	-0,135540	22,730000	52,185000
2,919759	-0,631821	14,610	-0,135550	22,730000	52,185000
2,921653	-0,523860	14,710	-0,135507	22,730000	52,185000
2,923665	-0,781495	14,811	-0,135609	22,730000	52,185000
2,925648	-0,856332	14,912	-0,135639	22,730000	52,185000
2,927702	-0,806032	15,012	-0,135619	22,730000	52,185000
2,929684	-0,532447	15,112	-0,135510	22,730000	52,185000
2,931702	-0,565572	15,213	-0,135523	22,730000	52,185000
2,933671	-0,640409	15,313	-0,135553	22,730000	52,185000
2,935735	-0,814620	15,413	-0,135623	22,730000	52,185000
2,937647	-0,615872	15,513	-0,135543	22,730000	52,185000
2,939708	-0,689483	15,613	-0,135573	22,730000	52,185000
2,941770	-0,241687	15,713	-0,135395	22,730000	52,185000
2,943705	-0,739783	15,813	-0,135593	22,710000	52,180000
2,945780	-0,574160	15,913	-0,135527	22,710000	52,180000
2,947706	-0,689483	16,013	-0,135573	22,710000	52,180000
2,949672	-0,931170	16,113	-0,135669	22,710000	52,180000
2,951663	-0,590109	16,213	-0,135533	22,710000	52,180000
2,953634	-0,906633	16,313	-0,135659	22,710000	52,180000
2,955690	-0,831796	16,413	-0,135629	22,710000	52,180000
2,957631	-0,590109	16,514	-0,135533	22,710000	52,180000
2,959679	-0,706658	16,614	-0,135580	22,710000	52,180000
2,961675	-0,607284	16,715	-0,135540	22,710000	52,180000
2,963664	-0,532447	16,815	-0,135510	22,710000	52,180000
2,965701	-0,607284	16,915	-0,135540	22,710000	52,180000
2,967688	-0,482147	17,016	-0,135490	22,710000	52,180000
2,969712	-0,823208	17,117	-0,135626	22,710000	52,180000
2,971653	-0,898045	17,217	-0,135656	22,710000	52,180000
2,973669	-0,882096	17,318	-0,135649	22,710000	52,180000
2,975670	-0,715246	17,418	-0,135583	22,710000	52,180000
2,977691	-0,457610	17,519	-0,135480	22,710000	52,180000
2,979708	-0,723834	17,619	-0,135586	22,710000	52,180000
2,981632	-0,856332	17,719	-0,135639	22,710000	52,180000
2,983702	-0,682122	17,819	-0,135570	22,720000	52,165000
2,985634	-0,598697	17,919	-0,135537	22,720000	52,165000
2,987658	-0,706658	18,020	-0,135580	22,720000	52,165000
2,989649	-0,772908	18,120	-0,135606	22,720000	52,165000
2,991658	-0,947118	18,221	-0,135675	22,720000	52,165000
2,993636	-0,706658	18,321	-0,135580	22,720000	52,165000
2,995664	-0,689483	18,421	-0,135573	22,720000	52,165000
2,997646	-0,790083	18,522	-0,135613	22,720000	52,165000
2,999700	-0,981470	18,622	-0,135689	22,720000	52,165000
3,001640	-0,798671	18,722	-0,135616	22,720000	52,165000
3,003718	-0,739783	18,822	-0,135593	22,720000	52,165000
3,005650	-0,864920	18,922	-0,135643	22,720000	52,165000
3,007644	-0,748371	19,022	-0,135596	22,720000	52,165000
3,009660	-0,772908	19,122	-0,135606	22,720000	52,165000
3,011660	-0,756959	19,222	-0,135600	22,720000	52,165000
3,013595	-0,631821	19,322	-0,135550	22,720000	52,165000
3,015678	-0,781495	19,422	-0,135609	22,720000	52,165000
3,017720	-0,947118	19,522	-0,135675	22,720000	52,165000
3,019680	-0,806032	19,622	-0,135619	22,720000	52,165000
3,021678	-1,080844	19,722	-0,135729	22,720000	52,165000
3,023583	-1,006007	19,822	-0,135699	22,720000	52,150000
3,025585	-0,889457	19,922	-0,135652	22,720000	52,150000
3,027668	-0,889457	20,022	-0,135652	22,720000	52,150000
3,029664	-1,171630	20,123	-0,135765	22,720000	52,150000
3,031658	-0,939757	20,223	-0,135672	22,720000	52,150000
3,033634	-0,947118	20,323	-0,135675	22,720000	52,150000
3,035657	-0,931170	20,423	-0,135669	22,720000	52,150000
3,037680	-0,947118	20,523	-0,135675	22,720000	52,150000
3,039718	-0,922582	20,623	-0,135666	22,720000	52,150000
3,041701	-1,056307	20,723	-0,135719	22,720000	52,150000
3,043691	-1,006007	20,823	-0,135699	22,720000	52,150000
3,045612	-0,939757	20,923	-0,135672	22,720000	52,150000
3,047661	-0,407310	21,023	-0,135460	22,720000	52,150000
3,049684	-1,072256	21,123	-0,135725	22,720000	52,150000
3,051610	-0,556984	21,223	-0,135520	22,720000	52,150000
3,053682	-1,230518	21,323	-0,135788	22,720000	52,150000
3,055673	-1,014594	21,423	-0,135702	22,720000	52,150000
3,057637	-1,030543	21,523	-0,135708	22,720000	52,150000
3,059713	-1,039131	21,623	-0,135712	22,720000	52,150000
3,061656	-1,147093	21,724	-0,135755	22,720000	52,150000
3,063671	-1,164269	21,825	-0,135762	22,710000	52,150000
3,065686	-1,014594	21,926	-0,135702	22,710000	52,150000
3,067705	-1,014594	22,026	-0,135702	22,710000	52,150000
3,069693	-1,180217	22,126	-0,135768	22,710000	52,150000
3,071647	-1,155681	22,226	-0,135758	22,710000	52,150000
3,073677	-1,272230	22,326	-0,135805	22,710000	52,150000
3,075623	-1,197393	22,426	-0,135775	22,710000	52,150000
3,077626	-1,180217	22,526	-0,135768	22,710000	52,150000
3,079650	-1,305355	22,626	-0,135818	22,710000	52,150000
3,081656	-1,396141	22,726	-0,135854	22,710000	52,150000
3,083698	-1,239106	22,827	-0,135792	22,710000	52,150000
3,085649	-1,255055	22,927	-0,135798	22,710000	52,150000
3,087673	-1,396141	23,028	-0,135854	22,710000	52,150000
3,089666	-1,221930	23,129	-0,135785	22,710000	52,150000
3,091689	-1,105380	23,229	-0,135738	22,710000	52,150000
3,093708	-1,404729	23,329	-0,135857	22,710000	52,150000
3,095712	-0,939757	23,429	-0,135672	22,710000	52,150000
3,097672	-1,197393	23,529	-0,135775	22,710000	52,150000
3,099642	-1,429265	23,630	-0,135867	22,710000	52,150000
3,101716	-1,363016	23,730	-0,135841	22,710000	52,150000
3,103715	-1,213342	23,830	-0,135781	22,710000	52,165000
3,105698	-1,296767	23,930	-0,135814	22,710000	52,165000
3,107675	-1,272230	24,030	-0,135805	22,710000	52,165000
3,109628	-1,272230	24,130	-0,135805	22,710000	52,165000
3,111690	-1,437853	24,231	-0,135871	22,710000	52,165000
3,113652	-1,470978	24,331	-0,135884	22,710000	52,165000
3,115687	-1,504103	24,431	-0,135897	22,710000	52,165000
3,117701	-1,662365	24,531	-0,135960	22,710000	52,165000
3,119638	-1,612064	24,631	-0,135940	22,710000	52,165000
3,121703	-1,578940	24,731	-0,135927	22,710000	52,165000
3,123670	-1,463617	24,831	-0,135881	22,710000	52,165000
3,125642	-1,612064	24,931	-0,135940	22,710000	52,165000
3,127645	-1,488154	25,032	-0,135891	22,710000	52,165000
3,129633	-1,147093	25,132	-0,135755	22,710000	52,165000
3,131646	-1,737202	25,232	-0,135990	22,710000	52,165000
3,133668	-1,869700	25,332	-0,136042	22,710000	52,165000
3,135661	-1,770326	25,432	-0,136003	22,710000	52,165000
3,137603	-68,812078	25,533	-0,162686	22,710000	52,165000
3,139664	-68,397407	25,633	-0,162521	22,710000	52,165000
3,141648	-68,056346	25,734	-0,162385	22,710000	52,165000
3,143677	-67,424525	25,835	-0,162133	22,710000	52,165000
3,145645	-66,244307	25,936	-0,161664	22,710000	52,165000
3,147686	-66,535068	26,036	-0,161779	22,710000	52,165000
3,149655	-65,845585	26,136	-0,161505	22,710000	52,165000
3,151619	-65,354850	26,236	-0,161310	22,710000	52,165000
3,153694	-64,134147	26,336	-0,160824	22,710000	52,165000
3,155625	-64,756154	26,436	-0,161071	22,710000	52,165000
3,157670	-64,033547	26,537	-0,160784	22,710000	52,165000
3,159624	-63,110965	26,638	-0,160417	22,710000	52,165000
3,161625	-62,945342	26,739	-0,160351	22,710000	52,165000
3,163665	-62,280396	26,839	-0,160086	22,710000	52,165000
3,165634	-61,498901	26,939	-0,159775	22,710000	52,165000
3,167684	-61,067054	27,039	-0,159603	22,710000	52,165000
3,169680	-60,177597	27,139	-0,159249	22,710000	52,165000
3,171646	-58,457571	27,239	-0,158564	22,710000	52,165000
3,173612	-58,889418	27,339	-0,158736	22,710000	52,165000
3,175696	-57,103143	27,439	-0,158025	22,710000	52,165000
3,177631	-56,329008	27,539	-0,157717	22,710000	52,165000
3,179660	-55,522976	27,640	-0,157396	22,710000	52,165000
3,181690	-54,875206	27,741	-0,157139	22,710000	52,165000
3,183628	-53,969800	27,841	-0,156778	22,710000	52,150000
3,185635	-53,179717	27,941	-0,156464	22,710000	52,150000
3,187620	-53,728113	28,041	-0,156682	22,710000	52,150000
3,189608	-53,063167	28,141	-0,156417	22,710000	52,150000
3,191643	-51,999499	28,242	-0,155994	22,710000	52,150000
3,193624	-50,935832	28,343	-0,155571	22,710000	52,150000
3,195595	-50,686784	28,445	-0,155472	22,710000	52,150000
3,197643	-50,030426	28,546	-0,155210	22,710000	52,150000
3,199621	-48,742246	28,647	-0,154698	22,710000	52,150000
3,201652	-48,002463	28,747	-0,154403	22,710000	52,150000
3,203668	-47,687166	28,847	-0,154278	22,710000	52,150000
3,205651	-45,908252	28,948	-0,153570	22,710000	52,150000
3,207671	-46,564610	29,049	-0,153831	22,710000	52,150000
3,209661	-44,968495	29,149	-0,153196	22,710000	52,150000
3,211644	-44,453223	29,250	-0,152991	22,710000	52,150000
3,213691	-44,096213	29,350	-0,152849	22,710000	52,150000
3,215618	-42,866923	29,450	-0,152359	22,710000	52,150000
3,217623	-42,094015	29,550	-0,152052	22,710000	52,150000
3,219588	-41,695293	29,650	-0,151893	22,710000	52,150000
3,221657	-40,598500	29,750	-0,151457	22,710000	52,150000
3,223666	-40,207139	29,850	-0,151301	22,710000	52,150000
3,225671	-39,293145	29,951	-0,150937	22,710000	52,150000
3,227647	-38,203714	30,051	-0,150503	22,710000	52,150000
3,229635	-37,822167	30,151	-0,150352	22,710000	52,150000
3,231594	-37,065209	30,252	-0,150050	22,710000	52,150000
3,233604	-36,226052	30,352	-0,149716	22,710000	52,150000
3,235672	-35,228633	30,452	-0,149319	22,710000	52,150000
3,237628	-34,347764	30,552	-0,148969	22,710000	52,150000
3,239649	-33,533144	30,652	-0,148645	22,710000	52,150000
3,241591	-32,636326	30,752	-0,148288	22,710000	52,150000
3,243611	-32,121054	30,852	-0,148083	22,710000	52,150000
3,245633	-31,065974	30,952	-0,147663	22,710000	52,150000
3,247630	-30,259942	31,052	-0,147342	22,710000	52,150000
3,249604	-29,511572	31,152	-0,147044	22,710000	52,150000
3,251637	-28,804913	31,252	-0,146763	22,710000	52,150000
3,253682	-27,957169	31,352	-0,146425	22,710000	52,150000
3,255647	-27,217386	31,452	-0,146131	22,710000	52,150000
3,257628	-25,880133	31,553	-0,145599	22,710000	52,150000
3,259623	-25,222548	31,654	-0,145337	22,710000	52,150000
3,261639	-24,691328	31,755	-0,145125	22,710000	52,150000
3,263646	-23,535647	31,856	-0,144666	22,710000	52,150000
3,265602	-22,879289	31,956	-0,144404	22,710000	52,150000
3,267654	-22,148094	32,056	-0,144113	22,710000	52,150000
3,269632	-21,333474	32,156	-0,143789	22,710000	52,150000
3,271596	-20,444017	32,256	-0,143435	22,710000	52,150000
3,273587	-19,738586	32,357	-0,143154	22,710000	52,150000
3,275643	-18,882253	32,457	-0,142813	22,710000	52,150000
3,277634	-17,992796	32,557	-0,142459	22,710000	52,150000
3,279596	-16,898457	32,657	-0,142024	22,710000	52,150000
3,281648	-15,158802	32,757	-0,141332	22,710000	52,150000
3,283651	-14,344182	32,857	-0,141007	22,710000	52,150000
3,285621	-14,112310	32,957	-0,140915	22,710000	52,150000
3,287621	-12,524782	33,057	-0,140283	22,710000	52,150000
3,289638	-11,818124	33,158	-0,140002	22,710000	52,150000
3,291615	-10,721331	33,260	-0,139565	22,710000	52,150000
3,293583	-9,990136	33,360	-0,139274	22,710000	52,150000
3,295620	-9,233178	33,460	-0,138973	22,710000	52,150000
3,297673	-8,444321	33,561	-0,138659	22,710000	52,150000
3,299624	-7,821088	33,663	-0,138411	22,710000	52,150000
3,301637	-6,715707	33,763	-0,137971	22,710000	52,150000
3,303647	-6,931631	33,863	-0,138057	22,710000	52,150000
3,305666	-6,332934	33,963	-0,137819	22,710000	52,150000
3,307660	-5,385816	34,063	-0,137442	22,710000	52,150000
3,309638	-4,379809	34,164	-0,137042	22,710000	52,150000
3,311630	-2,651195	34,264	-0,136354	22,710000	52,150000
3,313660	-2,135924	34,364	-0,136148	22,710000	52,150000
3,315611	-1,554403	34,465	-0,135917	22,710000	52,150000
3,317637	-0,307936	34,565	-0,135421	22,710000	52,150000
3,319620	-0,017176	34,665	-0,135305	22,710000	52,150000
3,321603	0,788856	34,765	-0,134984	22,710000	52,150000
3,323623	2,451221	34,865	-0,134323	22,710000	52,150000
3,325624	3,224128	34,965	-0,134015	22,710000	52,150000
3,327655	4,421522	35,065	-0,133539	22,710000	52,150000
3,329649	4,877905	35,165	-0,133357	22,710000	52,150000
3,331587	6,033586	35,265	-0,132897	22,710000	52,150000
3,333638	6,897279	35,365	-0,132553	22,710000	52,150000
3,335609	7,653011	35,465	-0,132252	22,710000	52,150000
3,337571	8,542468	35,566	-0,131898	22,710000	52,150000
3,339625	9,498174	35,666	-0,131518	22,710000	52,150000
3,341618	9,731274	35,766	-0,131425	22,710000	52,150000
3,343602	10,794942	35,867	-0,131002	22,710000	52,150000
3,345582	11,668450	35,967	-0,130654	22,710000	52,150000
3,347649	12,723530	36,067	-0,130234	22,710000	52,150000
3,349601	13,463313	36,168	-0,129940	22,710000	52,150000
3,351662	14,617767	36,268	-0,129480	22,710000	52,150000
3,353605	15,449562	36,368	-0,129149	22,710000	52,150000
3,355618	16,429805	36,468	-0,128759	22,710000	52,150000
3,357657	17,277550	36,568	-0,128422	22,710000	52,150000
3,359623	17,767058	36,669	-0,128227	22,710000	52,150000
3,361625	19,986407	36,769	-0,127344	22,710000	52,150000
3,363607	20,875864	36,870	-0,126990	22,710000	52,150000
3,365601	21,699072	36,970	-0,126662	22,710000	52,150000
3,367584	22,695263	37,071	-0,126266	22,710000	52,150000
3,369612	22,148094	37,171	-0,126483	22,710000	52,150000
3,371603	23,286599	37,271	-0,126030	22,710000	52,150000
3,373621	24,092631	37,372	-0,125709	22,710000	52,150000
3,375625	25,081462	37,472	-0,125316	22,710000	52,150000
3,377645	26,958523	37,572	-0,124569	22,710000	52,150000
3,379560	26,693526	37,672	-0,124674	22,710000	52,150000
3,381603	27,922817	37,772	-0,124185	22,710000	52,150000
3,383679	28,604939	37,873	-0,123914	22,710000	52,150000
3,385586	29,959367	37,973	-0,123375	22,710000	52,150000
3,387592	30,815700	38,074	-0,123034	22,710000	52,150000
3,389585	31,754230	38,174	-0,122660	22,710000	52,150000
3,391621	32,403227	38,274	-0,122402	22,710000	52,150000
3,393617	33,341758	38,374	-0,122028	22,710000	52,150000
3,395637	34,314640	38,474	-0,121641	22,710000	52,150000
3,397616	36,349963	38,574	-0,120831	22,710000	52,150000
3,399598	37,305669	38,674	-0,120451	22,710000	52,150000
3,401632	38,320263	38,775	-0,120047	22,710000	52,150000
3,403641	31,496594	38,875	-0,122763	22,710000	52,150000
3,405593	25,305973	38,975	-0,125227	22,710000	52,150000
3,407635	24,092631	39,075	-0,125709	22,710000	52,150000
3,409570	23,676733	39,176	-0,125875	22,710000	52,150000
3,411640	23,177410	39,276	-0,126074	22,710000	52,150000
3,413625	14,776029	39,376	-0,129417	22,710000	52,150000
3,415587	14,252169	39,476	-0,129626	22,710000	52,150000
3,417624	15,390674	39,576	-0,129173	22,710000	52,150000
3,419639	16,005320	39,676	-0,128928	22,710000	52,150000
3,421573	16,445754	39,776	-0,128753	22,710000	52,165000
3,423582	15,117089	39,876	-0,129282	22,710000	52,165000
3,425606	13,587223	39,977	-0,129891	22,710000	52,165000
3,427622	12,789779	40,077	-0,130208	22,710000	52,165000
3,429640	12,108884	40,178	-0,130479	22,710000	52,165000
3,431638	12,232795	40,278	-0,130430	22,710000	52,165000
3,433648	12,598392	40,379	-0,130284	22,710000	52,165000
3,435585	12,880565	40,479	-0,130172	22,710000	52,165000
3,437591	12,274507	40,580	-0,130413	22,710000	52,165000
3,439593	13,712361	40,680	-0,129841	22,710000	52,165000
3,441584	14,593230	40,781	-0,129490	22,710000	52,165000
3,443659	15,366137	40,881	-0,129183	22,710000	52,165000
3,445640	15,815160	40,981	-0,129004	22,710000	52,165000
3,447584	16,670265	41,081	-0,128664	22,710000	52,165000
3,449569	16,969614	41,181	-0,128544	22,710000	52,165000
3,451599	17,817358	41,281	-0,128207	22,710000	52,165000
3,453589	19,695646	41,381	-0,127459	22,710000	52,165000
3,455564	20,161844	41,481	-0,127274	22,710000	52,165000
3,457603	20,485729	41,582	-0,127145	22,710000	52,165000
3,459581	21,149448	41,682	-0,126881	22,710000	52,165000
3,461593	22,338254	41,783	-0,126408	22,730000	52,170000
3,463587	22,912414	41,884	-0,126179	22,730000	52,170000
3,465624	24,009206	41,984	-0,125743	22,730000	52,170000
3,467589	24,923200	42,085	-0,125379	22,730000	52,170000
3,469560	26,028580	42,185	-0,124939	22,730000	52,170000
3,471548	26,967111	42,286	-0,124565	22,730000	52,170000
3,473558	29,303009	42,386	-0,123636	22,730000	52,170000
3,475601	28,895699	42,486	-0,123798	22,730000	52,170000
3,477597	31,263495	42,587	-0,122855	22,730000	52,170000
3,479576	32,295265	42,687	-0,122445	22,730000	52,170000
3,481637	33,000697	42,788	-0,122164	22,730000	52,170000
3,483580	34,721950	42,889	-0,121479	22,730000	52,170000
3,485608	35,618768	42,989	-0,121122	22,730000	52,170000
3,487610	36,275126	43,090	-0,120861	22,730000	52,170000
3,489549	36,275126	43,190	-0,120861	22,730000	52,170000
3,491632	37,140046	43,290	-0,120517	22,730000	52,170000
3,493575	38,236838	43,390	-0,120080	22,730000	52,170000
3,495590	39,666104	43,490	-0,119511	22,730000	52,170000
3,497579	41,909989	43,590	-0,118618	22,730000	52,170000
3,499556	43,098795	43,690	-0,118145	22,730000	52,170000
3,501569	44,519472	43,790	-0,117580	22,710000	52,205000
3,503587	45,375805	43,891	-0,117239	22,710000	52,205000
3,505623	46,605096	43,992	-0,116750	22,710000	52,205000
3,507558	47,386591	44,092	-0,116438	22,710000	52,205000
3,509568	48,940994	44,193	-0,115820	22,710000	52,205000
3,511541	49,639064	44,294	-0,115542	22,710000	52,205000
3,513591	50,777569	44,394	-0,115089	22,710000	52,205000
3,515598	52,123410	44,495	-0,114553	22,710000	52,205000
3,517626	53,096292	44,595	-0,114166	22,710000	52,205000
3,519603	54,043410	44,695	-0,113789	22,710000	52,205000
3,521590	55,639526	44,795	-0,113154	22,710000	52,205000
3,523572	55,921698	44,895	-0,113042	22,710000	52,205000
3,525603	56,187922	44,996	-0,112936	22,710000	52,205000
3,527595	57,667488	45,096	-0,112347	22,710000	52,205000
3,529640	58,947079	45,196	-0,111837	22,710000	52,205000
3,531604	60,243846	45,296	-0,111321	22,710000	52,205000
3,533591	61,822786	45,396	-0,110693	22,710000	52,205000
3,535580	62,961291	45,496	-0,110240	22,710000	52,205000
3,537574	64,099796	45,596	-0,109787	22,710000	52,205000
3,539566	65,395336	45,696	-0,109271	22,710000	52,205000
3,541591	66,725228	45,796	-0,108742	22,710000	52,165000
3,543531	67,557023	45,896	-0,108411	22,710000	52,165000
3,545594	67,822020	45,996	-0,108305	22,710000	52,165000
3,547583	70,182455	46,096	-0,107366	22,710000	52,165000
3,549559	70,166506	46,196	-0,107372	22,710000	52,165000
3,551559	71,487810	46,297	-0,106846	22,710000	52,165000
3,553599	72,609139	46,398	-0,106400	22,710000	52,165000
3,555589	73,923082	46,498	-0,105877	22,710000	52,165000
3,557521	75,302047	46,598	-0,105328	22,710000	52,165000
3,559546	76,033242	46,698	-0,105037	22,710000	52,165000
3,561627	77,105498	46,798	-0,104610	22,710000	52,165000
3,563518	78,726150	46,898	-0,103965	22,710000	52,165000
3,565585	80,179952	46,998	-0,103387	22,710000	52,165000
3,567546	81,260796	47,098	-0,102957	22,710000	52,165000
3,569540	82,357589	47,198	-0,102520	22,710000	52,165000
3,571571	83,537806	47,299	-0,102050	22,710000	52,165000
3,573585	84,700848	47,399	-0,101587	22,710000	52,165000
3,575526	85,640605	47,499	-0,101213	22,710000	52,165000
3,577571	86,338676	47,599	-0,100936	22,710000	52,165000
3,579583	88,058702	47,699	-0,100251	22,710000	52,165000
3,581575	88,965334	47,799	-0,099890	22,710000	52,165000
3,583591	90,260875	47,899	-0,099375	22,710000	52,165000
3,585620	91,174868	47,999	-0,099011	22,710000	52,165000
3,587609	92,238536	48,099	-0,098587	22,710000	52,165000
3,589544	93,651853	48,199	-0,098025	22,710000	52,165000
3,591568	94,698345	48,299	-0,097608	22,710000	52,165000
3,593570	95,887151	48,399	-0,097135	22,710000	52,165000
3,595532	97,175330	48,499	-0,096623	22,710000	52,165000
3,597567	98,546934	48,599	-0,096077	22,710000	52,165000
3,599545	99,760276	48,699	-0,095594	22,710000	52,165000
3,601568	100,815356	48,799	-0,095174	22,710000	52,165000
3,603607	101,788238	48,900	-0,094787	22,710000	52,165000
3,605536	103,267804	49,000	-0,094198	22,710000	52,165000
3,607605	104,181798	49,101	-0,093834	22,710000	52,165000
3,609575	105,668724	49,202	-0,093242	22,710000	52,165000
3,611579	108,062284	49,302	-0,092290	22,710000	52,165000
3,613554	108,976278	49,402	-0,091926	22,710000	52,165000
3,615617	109,143128	49,503	-0,091859	22,710000	52,165000
3,617535	110,006821	49,603	-0,091516	22,710000	52,165000
3,619560	111,544048	49,703	-0,090904	22,710000	52,165000
3,621523	112,283831	49,803	-0,090609	22,700000	52,120000
3,623571	114,527717	49,903	-0,089716	22,700000	52,120000
3,625597	115,201250	50,003	-0,089448	22,700000	52,120000
3,627523	116,123832	50,103	-0,089081	22,700000	52,120000
3,629590	117,295462	50,204	-0,088615	22,700000	52,120000
3,631566	118,317417	50,305	-0,088208	22,700000	52,120000
3,633549	119,464510	50,405	-0,087751	22,700000	52,120000
3,633568	120,785814	50,506	-0,087226	22,700000	52,120000
3,633584	120,336791	50,606	-0,087404	22,700000	52,120000
3,633576	120,428804	50,706	-0,087368	22,700000	52,120000
3,633590	120,312255	50,807	-0,087414	22,700000	52,120000
3,633546	120,295079	50,908	-0,087421	22,700000	52,120000
3,633605	120,179756	51,009	-0,087467	22,700000	52,120000
3,633562	119,539347	51,109	-0,087722	22,700000	52,120000
3,633554	119,971194	51,209	-0,087550	22,700000	52,120000
3,633599	119,713558	51,309	-0,087652	22,700000	52,120000
3,633604	119,481686	51,410	-0,087745	22,700000	52,120000
3,633625	119,215462	51,511	-0,087851	22,700000	52,120000
3,633538	119,124676	51,611	-0,087887	22,700000	52,120000
3,633585	119,198286	51,711	-0,087857	22,700000	52,120000
3,633556	119,248587	51,811	-0,087837	22,720000	52,180000
3,633618	119,156574	51,911	-0,087874	22,720000	52,180000
3,633566	118,990951	52,012	-0,087940	22,720000	52,180000
3,633506	118,790976	52,112	-0,088020	22,720000	52,180000
3,633570	118,882989	52,212	-0,087983	22,720000	52,180000
3,633528	118,716139	52,313	-0,088049	22,720000	52,180000
3,633607	118,600817	52,414	-0,088095	22,720000	52,180000
3,633600	118,874401	52,514	-0,087986	22,720000	52,180000
3,633547	118,708778	52,614	-0,088052	22,720000	52,180000
3,633549	118,724727	52,714	-0,088046	22,720000	52,180000
3,633588	118,575053	52,814	-0,088105	22,720000	52,180000
3,633583	118,459730	52,915	-0,088151	22,720000	52,180000
3,633529	118,667066	53,016	-0,088069	22,720000	52,180000
3,633525	118,433967	53,117	-0,088162	22,720000	52,180000
3,633564	118,467091	53,218	-0,088148	22,720000	52,180000
3,633581	118,251168	53,319	-0,088234	22,720000	52,180000
3,633635	118,043832	53,419	-0,088317	22,720000	52,180000
3,633595	118,226631	53,520	-0,088244	22,720000	52,180000
3,633537	118,151794	53,621	-0,088274	22,720000	52,180000
3,633580	118,284293	53,721	-0,088221	22,720000	52,180000
3,633580	118,284293	53,821	-0,088221	22,720000	52,180000
3,633560	118,134618	53,921	-0,088281	22,720000	52,180000
3,633519	117,993532	54,021	-0,088337	22,720000	52,180000
3,633544	118,275705	54,121	-0,088225	22,720000	52,180000
3,633493	117,504024	54,221	-0,088532	22,720000	52,180000
3,633594	117,827909	54,322	-0,088403	22,720000	52,180000
3,633564	117,719947	54,422	-0,088446	22,720000	52,180000
3,633606	117,504024	54,523	-0,088532	22,720000	52,180000
3,633592	117,935871	54,623	-0,088360	22,720000	52,180000
3,633542	117,619347	54,723	-0,088486	22,720000	52,180000
3,633577	117,761660	54,823	-0,088429	22,720000	52,180000
3,633558	117,578861	54,923	-0,088502	22,720000	52,180000
3,633611	117,478260	55,024	-0,088542	22,720000	52,180000
3,633588	117,727308	55,124	-0,088443	22,720000	52,180000
3,633545	117,262337	55,224	-0,088628	22,720000	52,180000
3,633538	116,805954	55,325	-0,088810	22,720000	52,180000
3,633596	117,063589	55,425	-0,088707	22,720000	52,180000
3,633593	117,246388	55,525	-0,088634	22,720000	52,180000
3,633507	117,013289	55,625	-0,088727	22,720000	52,180000
3,633605	117,354350	55,725	-0,088591	22,720000	52,180000
3,633558	117,229212	55,825	-0,088641	22,710000	52,150000
3,633545	117,121251	55,925	-0,088684	22,710000	52,150000
3,633554	117,070950	56,026	-0,088704	22,710000	52,150000
3,633611	117,170324	56,126	-0,088665	22,710000	52,150000
3,633503	116,947040	56,226	-0,088753	22,710000	52,150000
3,633539	117,229212	56,326	-0,088641	22,710000	52,150000
3,633571	117,304050	56,427	-0,088611	22,710000	52,150000
3,633551	116,921276	56,528	-0,088764	22,710000	52,150000
3,633563	117,037826	56,629	-0,088717	22,710000	52,150000
3,633548	117,055002	56,729	-0,088710	22,710000	52,150000
3,633547	116,846439	56,829	-0,088793	22,710000	52,150000
3,633513	117,137200	56,929	-0,088678	22,710000	52,150000
3,633576	116,971577	57,029	-0,088744	22,710000	52,150000
3,633588	116,729890	57,130	-0,088840	22,710000	52,150000
3,633553	116,813315	57,230	-0,088807	22,710000	52,150000
3,633535	116,805954	57,330	-0,088810	22,710000	52,150000
3,633615	116,722529	57,430	-0,088843	22,710000	52,150000
3,633542	116,656279	57,530	-0,088869	22,710000	52,150000
3,633609	116,821902	57,631	-0,088803	22,710000	52,150000
3,633559	116,572855	57,732	-0,088902	22,710000	52,150000
3,633559	116,564267	57,832	-0,088906	22,700000	52,175000
3,633576	116,331168	57,932	-0,088999	22,700000	52,175000
3,633565	116,456305	58,032	-0,088949	22,700000	52,175000
3,633561	116,406005	58,132	-0,088969	22,700000	52,175000
3,633581	116,522554	58,232	-0,088922	22,700000	52,175000
3,633515	116,722529	58,333	-0,088843	22,700000	52,175000
3,633554	116,513966	58,433	-0,088926	22,700000	52,175000
3,633529	116,447717	58,534	-0,088952	22,700000	52,175000
3,633577	116,464893	58,635	-0,088945	22,700000	52,175000
3,633602	116,289455	58,736	-0,089015	22,700000	52,175000
3,633554	116,623155	58,836	-0,088882	22,700000	52,175000
3,633594	116,073532	58,936	-0,089101	22,700000	52,175000
3,633603	116,240382	59,037	-0,089035	22,700000	52,175000
3,633554	116,264918	59,137	-0,089025	22,700000	52,175000
3,633590	116,289455	59,238	-0,089015	22,700000	52,175000
3,633577	116,431768	59,338	-0,088958	22,700000	52,175000
3,633605	116,315219	59,438	-0,089005	22,700000	52,175000
3,633548	116,148369	59,539	-0,089071	22,700000	52,175000
3,633575	116,190081	59,639	-0,089055	22,700000	52,175000
3,633609	116,057583	59,739	-0,089107	22,700000	52,175000
3,633595	116,323807	59,840	-0,089001	22,720000	52,140000
3,633583	116,264918	59,940	-0,089025	22,720000	52,140000
3,633536	116,066171	60,041	-0,089104	22,720000	52,140000
3,633586	115,923858	60,142	-0,089161	22,720000	52,140000
3,633555	116,040407	60,243	-0,089114	22,720000	52,140000
3,633528	116,024458	60,343	-0,089121	22,720000	52,140000
3,633563	116,240382	60,443	-0,089035	22,720000	52,140000
3,631588	114,595193	60,543	-0,089689	22,720000	52,140000
3,629580	114,611142	60,643	-0,089683	22,720000	52,140000
3,627598	113,248125	60,744	-0,090226	22,720000	52,140000
3,625568	110,814080	60,845	-0,091194	22,720000	52,140000
3,623553	109,557799	60,945	-0,091694	22,720000	52,140000
3,621593	107,547012	61,045	-0,092495	22,720000	52,140000
3,619531	107,721223	61,146	-0,092425	22,720000	52,140000
3,617542	105,386552	61,246	-0,093354	22,720000	52,140000
3,615508	105,162041	61,346	-0,093444	22,720000	52,140000
3,613566	102,801606	61,447	-0,094383	22,720000	52,140000
3,611602	101,572315	61,547	-0,094873	22,720000	52,140000
3,609474	100,233835	61,648	-0,095405	22,720000	52,140000
3,607542	99,137043	61,748	-0,095842	22,720000	52,140000
3,605580	97,740902	61,848	-0,096397	22,730000	52,170000
3,603521	97,183918	61,949	-0,096619	22,730000	52,170000
3,601535	95,646690	62,049	-0,097231	22,730000	52,170000
3,599594	94,266499	62,150	-0,097780	22,730000	52,170000
3,597565	92,537885	62,250	-0,098468	22,730000	52,170000
3,595546	91,573591	62,350	-0,098852	22,730000	52,170000
3,593587	90,203213	62,450	-0,099397	22,730000	52,170000
3,591637	89,106421	62,550	-0,099834	22,730000	52,170000
3,589595	87,942152	62,650	-0,100297	22,730000	52,170000
3,587546	86,255251	62,751	-0,100969	22,730000	52,170000
3,585596	85,557180	62,851	-0,101247	22,730000	52,170000
3,583584	84,235877	62,952	-0,101772	22,730000	52,170000
3,581570	82,698649	63,052	-0,102384	22,730000	52,170000
3,579577	81,302509	63,152	-0,102940	22,730000	52,170000
3,577513	80,130879	63,252	-0,103406	22,730000	52,170000
3,575529	78,651313	63,352	-0,103995	22,730000	52,170000
3,573566	77,429383	63,452	-0,104481	22,730000	52,170000
3,571542	76,166968	63,552	-0,104984	22,730000	52,170000
3,569519	73,573434	63,653	-0,106016	22,730000	52,170000
3,567510	72,410392	63,754	-0,106479	22,730000	52,170000
3,565568	71,063324	63,854	-0,107015	22,720000	52,150000
3,563567	71,105037	63,954	-0,106999	22,720000	52,150000
3,561559	69,924819	64,054	-0,107468	22,720000	52,150000
3,559534	68,786314	64,154	-0,107921	22,720000	52,150000
3,557574	67,050340	64,254	-0,108612	22,720000	52,150000
3,555579	66,310557	64,355	-0,108907	22,720000	52,150000
3,553588	65,005202	64,455	-0,109426	22,720000	52,150000
3,551575	63,591885	64,556	-0,109989	22,720000	52,150000
3,549552	62,304933	64,656	-0,110501	22,720000	52,150000
3,547559	59,744523	64,756	-0,111520	22,720000	52,150000
3,545565	58,431807	64,856	-0,112042	22,720000	52,150000
3,543584	57,260178	64,957	-0,112509	22,720000	52,150000
3,541602	55,822325	65,057	-0,113081	22,720000	52,150000
3,539573	56,229635	65,158	-0,112919	22,720000	52,150000
3,537563	53,387052	65,259	-0,114050	22,720000	52,150000
3,535569	52,339333	65,360	-0,114467	22,720000	52,150000
3,533589	51,026617	65,460	-0,114990	22,720000	52,150000
3,531590	50,976317	65,560	-0,115010	22,720000	52,150000
3,529525	49,837812	65,660	-0,115463	22,720000	52,150000
3,527582	48,591345	65,761	-0,115959	22,720000	52,150000
3,525573	47,146131	65,861	-0,116534	22,710000	52,165000
3,523601	46,214962	65,962	-0,116905	22,710000	52,165000
3,521535	44,768520	66,062	-0,117480	22,710000	52,165000
3,519649	43,057082	66,162	-0,118162	22,710000	52,165000
3,517608	42,392136	66,262	-0,118426	22,710000	52,165000
3,515605	39,641567	66,362	-0,119521	22,710000	52,165000
3,513625	39,283331	66,462	-0,119664	22,710000	52,165000
3,511547	38,104340	66,562	-0,120133	22,710000	52,165000
3,509636	36,525400	66,663	-0,120761	22,710000	52,165000
3,507635	35,444557	66,764	-0,121191	22,710000	52,165000
3,505622	34,563688	66,865	-0,121542	22,710000	52,165000
3,503630	33,026460	66,965	-0,122154	22,710000	52,165000
3,501589	32,335751	67,065	-0,122429	22,710000	52,165000
3,499566	31,421757	67,165	-0,122792	22,710000	52,165000
3,497591	29,485808	67,265	-0,123563	22,710000	52,165000
3,495618	28,430728	67,365	-0,123983	22,710000	52,165000
3,493590	26,909450	67,466	-0,124588	22,710000	52,165000
3,491600	26,411354	67,567	-0,124787	22,710000	52,165000
3,489565	24,823826	67,667	-0,125418	22,710000	52,165000
3,487631	23,800644	67,767	-0,125826	22,720000	52,165000
3,485627	22,554177	67,868	-0,126322	22,720000	52,165000
3,483575	21,199749	67,968	-0,126861	22,720000	52,165000
3,481582	18,831953	68,069	-0,127803	22,720000	52,165000
3,479587	17,451761	68,170	-0,128353	22,720000	52,165000
3,477571	17,584259	68,271	-0,128300	22,720000	52,165000
3,475623	15,523173	68,371	-0,129120	22,720000	52,165000
3,473604	15,374725	68,471	-0,129179	22,720000	52,165000
3,471593	14,219044	68,571	-0,129639	22,720000	52,165000
3,469649	12,981166	68,671	-0,130132	22,720000	52,165000
3,467518	11,867197	68,771	-0,130575	22,720000	52,165000
3,465630	10,695568	68,871	-0,131042	22,720000	52,165000
3,463602	9,431925	68,971	-0,131544	22,720000	52,165000
3,461557	8,061548	69,071	-0,132090	22,720000	52,165000
3,459569	7,080078	69,172	-0,132480	22,720000	52,165000
3,457591	6,074072	69,273	-0,132881	22,720000	52,165000
3,455583	4,604320	69,373	-0,133466	22,720000	52,165000
3,453598	2,019374	69,473	-0,134495	22,720000	52,165000
3,451592	0,889457	69,573	-0,134944	22,720000	52,165000
3,449554	-0,548396	69,674	-0,135517	22,720000	52,165000
3,447634	-1,662365	69,774	-0,135960	22,720000	52,165000
3,445621	-2,950544	69,875	-0,136473	22,720000	52,165000
3,443602	-3,864538	69,976	-0,136836	22,720000	52,165000
3,441624	-5,917036	70,077	-0,137653	22,720000	52,165000
3,439595	-6,607746	70,178	-0,137928	22,720000	52,165000
3,437591	-7,455490	70,278	-0,138266	22,720000	52,165000
3,435628	-8,252935	70,379	-0,138583	22,720000	52,165000
3,433599	-8,651657	70,479	-0,138742	22,720000	52,165000
3,431599	-9,706737	70,580	-0,139162	22,720000	52,165000
3,429599	-11,610788	70,680	-0,139919	22,720000	52,165000
3,427607	-13,214265	70,781	-0,140558	22,720000	52,165000
3,425617	-14,385894	70,881	-0,141024	22,720000	52,165000
3,423668	-15,865460	70,981	-0,141613	22,720000	52,165000
3,421604	-16,048259	71,081	-0,141686	22,720000	52,165000
3,419614	-16,580706	71,181	-0,141897	22,720000	52,165000
3,417607	-18,939914	71,281	-0,142836	22,720000	52,165000
3,415608	-19,937333	71,381	-0,143233	22,720000	52,165000
3,413600	-20,361819	71,481	-0,143402	22,720000	52,165000
3,411628	-21,732196	71,581	-0,143948	22,720000	52,165000
3,409618	-23,286599	71,682	-0,144566	22,720000	52,165000
3,407617	-24,317142	71,784	-0,144977	22,710000	52,150000
3,405593	-25,264261	71,884	-0,145354	22,710000	52,150000
3,403589	-26,486191	71,984	-0,145840	22,710000	52,150000
3,401633	-27,774370	72,084	-0,146353	22,710000	52,150000
3,399589	-28,730076	72,185	-0,146733	22,710000	52,150000
3,397614	-31,132224	72,286	-0,147689	22,710000	52,150000
3,395618	-30,989910	72,387	-0,147632	22,710000	52,150000
3,393611	-31,887955	72,488	-0,147990	22,710000	52,150000
3,391630	-33,292684	72,589	-0,148549	22,710000	52,150000
3,389595	-36,259177	72,689	-0,149729	22,710000	52,150000
3,387617	-35,644531	72,789	-0,149485	22,710000	52,150000
3,385686	-36,915535	72,889	-0,149991	22,710000	52,150000
3,383629	-37,979203	72,989	-0,150414	22,710000	52,150000
3,381590	-39,134883	73,090	-0,150874	22,710000	52,150000
3,379601	-41,761542	73,190	-0,151919	22,710000	52,150000
3,377613	-42,874284	73,290	-0,152362	22,710000	52,150000
3,375619	-44,270424	73,390	-0,152918	22,710000	52,150000
3,373644	-44,703498	73,491	-0,153090	22,710000	52,150000
3,371653	-46,623498	73,591	-0,153854	22,710000	52,150000
3,369678	-47,495780	73,691	-0,154202	22,710000	52,150000
3,367617	-47,520316	73,791	-0,154211	22,710000	52,150000
3,365604	-49,680777	73,891	-0,155071	22,710000	52,150000
3,363686	-50,072138	73,991	-0,155227	22,710000	52,150000
3,361631	-50,753033	74,091	-0,155498	22,710000	52,150000
3,359595	-51,841237	74,191	-0,155931	22,710000	52,150000
3,357577	-53,030043	74,291	-0,156404	22,710000	52,150000
3,355601	-54,509609	74,392	-0,156993	22,710000	52,150000
3,353603	-56,819743	74,492	-0,157913	22,710000	52,150000
3,351606	-57,984012	74,593	-0,158376	22,710000	52,150000
3,349611	-57,792625	74,694	-0,158300	22,710000	52,150000
3,347647	-60,111348	74,794	-0,159223	22,710000	52,150000
3,345645	-61,332051	74,894	-0,159708	22,710000	52,150000
3,343599	-62,395719	74,994	-0,160132	22,710000	52,150000
3,341661	-63,751374	75,094	-0,160671	22,710000	52,150000
3,339670	-64,615068	75,194	-0,161015	22,710000	52,150000
3,337648	-65,471400	75,295	-0,161356	22,710000	52,150000
3,335648	-67,149713	75,395	-0,162024	22,710000	52,150000
3,333689	-68,239145	75,495	-0,162458	22,710000	52,150000
3,331611	-67,756998	75,595	-0,162266	22,710000	52,150000
3,329595	-69,061126	75,695	-0,162785	22,710000	52,150000
3,327715	-71,163925	75,796	-0,163622	22,710000	52,165000
3,325581	-71,936833	75,896	-0,163929	22,710000	52,165000
3,323670	-73,590609	75,997	-0,164587	22,710000	52,165000
3,321610	-73,482648	76,097	-0,164544	22,710000	52,165000
3,319641	-74,297268	76,197	-0,164869	22,710000	52,165000
3,317596	-75,477485	76,298	-0,165338	22,710000	52,165000
3,315655	-76,715364	76,398	-0,165831	22,710000	52,165000
3,313601	-77,895581	76,498	-0,166301	22,710000	52,165000
3,311637	-78,934713	76,599	-0,166714	22,710000	52,165000
3,309716	-80,264604	76,700	-0,167244	22,710000	52,165000
3,307657	-81,535608	76,800	-0,167750	22,710000	52,165000
3,305627	-82,317103	76,901	-0,168061	22,710000	52,165000
3,303642	-83,405308	77,001	-0,168494	22,710000	52,165000
3,301626	-84,278816	77,101	-0,168841	22,710000	52,165000
3,299649	-85,300771	77,201	-0,169248	22,710000	52,165000
3,297659	-86,571775	77,302	-0,169754	22,710000	52,165000
3,295605	-87,835417	77,402	-0,170257	22,710000	52,165000
3,293616	-88,674574	77,502	-0,170591	22,710000	52,165000
3,291656	-91,101258	77,602	-0,171557	22,710000	52,165000
3,289691	-90,735661	77,703	-0,171411	22,710000	52,165000
3,287661	-92,164926	77,803	-0,171980	22,720000	52,165000
3,285603	-92,920658	77,903	-0,172281	22,720000	52,165000
3,283639	-94,217425	78,003	-0,172797	22,720000	52,165000
3,281646	-95,214844	78,103	-0,173194	22,720000	52,165000
3,279630	-96,071176	78,204	-0,173535	22,720000	52,165000
3,277631	-96,960633	78,305	-0,173889	22,720000	52,165000
3,275625	-98,182563	78,406	-0,174375	22,720000	52,165000
3,273620	-99,253592	78,506	-0,174801	22,720000	52,165000
3,271612	-101,514653	78,606	-0,175701	22,720000	52,165000
3,269636	-101,639791	78,706	-0,175751	22,720000	52,165000
3,267638	-103,708238	78,807	-0,176574	22,720000	52,165000
3,265598	-105,121555	78,907	-0,177137	22,720000	52,165000
3,263639	-104,348648	79,007	-0,176829	22,720000	52,165000
3,261647	-105,362015	79,107	-0,177232	22,720000	52,165000
3,259660	-106,500520	79,207	-0,177686	22,720000	52,165000
3,257626	-107,764163	79,307	-0,178188	22,720000	52,165000
3,255627	-109,816661	79,407	-0,179005	22,720000	52,165000
3,253625	-109,692751	79,507	-0,178956	22,720000	52,165000
3,251626	-111,129377	79,607	-0,179528	22,720000	52,165000
3,249664	-113,407614	79,709	-0,180435	22,720000	52,165000
3,247655	-113,731499	79,809	-0,180563	22,720000	52,165000
3,245697	-115,476062	79,909	-0,181258	22,720000	52,165000
3,243659	-116,623155	80,009	-0,181714	22,720000	52,165000
3,241634	-117,453724	80,109	-0,182045	22,720000	52,165000
3,239668	-118,642529	80,210	-0,182518	22,720000	52,165000
3,237632	-119,556523	80,310	-0,182882	22,720000	52,165000
3,235674	-120,620191	80,410	-0,183305	22,720000	52,165000
3,233634	-121,683859	80,510	-0,183729	22,720000	52,165000
3,231631	-121,410274	80,610	-0,183620	22,720000	52,165000
3,229655	-122,183182	80,711	-0,183927	22,720000	52,165000
3,227620	-123,114351	80,811	-0,184298	22,720000	52,165000
3,225635	-124,409891	80,911	-0,184813	22,720000	52,165000
3,223695	-125,241687	81,011	-0,185145	22,720000	52,165000
3,221635	-127,210761	81,112	-0,185928	22,720000	52,165000
3,219667	-128,000844	81,212	-0,186243	22,720000	52,165000
3,217691	-128,698914	81,312	-0,186521	22,720000	52,165000
3,215608	-129,703694	81,412	-0,186920	22,720000	52,165000
3,213649	-130,601739	81,512	-0,187278	22,720000	52,165000
3,211617	-131,191848	81,612	-0,187513	22,720000	52,165000
3,209571	-131,865382	81,713	-0,187781	22,720000	52,165000
3,207642	-133,327772	81,813	-0,188363	22,730000	52,195000
3,205630	-134,831874	81,913	-0,188961	22,730000	52,195000
3,203659	-135,371683	82,013	-0,189176	22,730000	52,195000
3,201638	-135,679619	82,113	-0,189299	22,730000	52,195000
3,199680	-136,875785	82,213	-0,189775	22,730000	52,195000
3,197730	-138,081766	82,314	-0,190255	22,730000	52,195000
3,195683	-138,546738	82,414	-0,190440	22,730000	52,195000
3,193692	-140,059428	82,515	-0,191042	22,730000	52,195000
3,191639	-140,583288	82,615	-0,191250	22,730000	52,195000
3,189599	-141,255594	82,715	-0,191518	22,730000	52,195000
3,187676	-142,651735	82,815	-0,192074	22,730000	52,195000
3,185583	-143,631978	82,915	-0,192464	22,730000	52,195000
3,183627	-144,463774	83,015	-0,192795	22,730000	52,195000
3,181623	-145,353231	83,115	-0,193149	22,730000	52,195000
3,179643	-145,593691	83,216	-0,193245	22,730000	52,195000
3,177689	-146,342062	83,316	-0,193542	22,730000	52,195000
3,175620	-147,031544	83,416	-0,193817	22,730000	52,195000
3,173585	-147,663366	83,516	-0,194068	22,730000	52,195000
3,171663	-148,262062	83,617	-0,194307	22,730000	52,195000
3,169618	-148,968721	83,717	-0,194588	22,730000	52,195000
3,167642	-149,409155	83,817	-0,194763	22,710000	52,140000
3,165655	-151,286216	83,917	-0,195510	22,710000	52,140000
3,163634	-150,671571	84,018	-0,195266	22,710000	52,140000
3,161670	-151,096056	84,119	-0,195435	22,710000	52,140000
3,159635	-151,444478	84,220	-0,195573	22,710000	52,140000
3,157671	-151,843200	84,320	-0,195732	22,710000	52,140000
3,155699	-153,047955	84,421	-0,196211	22,710000	52,140000
3,153645	-153,481028	84,521	-0,196384	22,710000	52,140000
3,151671	-153,655239	84,621	-0,196453	22,710000	52,140000
3,149651	-152,857795	84,721	-0,196136	22,710000	52,140000
3,147698	-153,921463	84,821	-0,196559	22,710000	52,140000
3,145639	-154,377846	84,921	-0,196741	22,710000	52,140000
3,143674	-154,702958	85,022	-0,196870	22,710000	52,140000
3,141660	-155,093092	85,122	-0,197025	22,710000	52,140000
3,139622	-155,484454	85,222	-0,197181	22,710000	52,140000
3,137664	-157,403227	85,322	-0,197945	22,710000	52,140000
3,135625	-156,705157	85,422	-0,197667	22,710000	52,140000
3,133698	-157,270729	85,522	-0,197892	22,710000	52,140000
3,131671	-159,239803	85,622	-0,198676	22,710000	52,140000
3,129630	-159,896160	85,722	-0,198937	22,710000	52,140000
3,127686	-160,503445	85,822	-0,199179	22,730000	52,185000
3,125633	-161,243228	85,923	-0,199473	22,730000	52,185000
3,123668	-160,959828	86,023	-0,199360	22,730000	52,185000
3,121702	-161,783036	86,124	-0,199688	22,730000	52,185000
3,119665	-163,894423	86,224	-0,200528	22,730000	52,185000
3,117678	-163,445401	86,325	-0,200350	22,730000	52,185000
3,115724	-164,409695	86,425	-0,200733	22,730000	52,185000
3,113637	-165,281976	86,526	-0,201081	22,730000	52,185000
3,111690	-166,279395	86,626	-0,201478	22,730000	52,185000
3,109651	-166,960290	86,726	-0,201749	22,730000	52,185000
3,107666	-168,082846	86,827	-0,202195	22,730000	52,185000
3,105639	-169,005428	86,928	-0,202563	22,730000	52,185000
3,103634	-169,820048	87,029	-0,202887	22,730000	52,185000
3,101692	-171,705696	87,130	-0,203637	22,730000	52,185000
3,099622	-171,848010	87,230	-0,203694	22,730000	52,185000
3,097668	-174,066131	87,331	-0,204577	22,730000	52,185000
3,095629	-173,841620	87,431	-0,204487	22,730000	52,185000
3,093690	-174,232981	87,532	-0,204643	22,730000	52,185000
3,091667	-175,794745	87,633	-0,205265	22,730000	52,185000
3,089667	-177,639909	87,733	-0,205999	22,730000	52,185000
3,087626	-177,739282	87,833	-0,206039	22,720000	52,190000
3,085646	-178,263142	87,934	-0,206247	22,720000	52,190000
3,083676	-179,285097	88,035	-0,206654	22,720000	52,190000
3,081654	-180,058005	88,135	-0,206961	22,720000	52,190000
3,079657	-180,839500	88,235	-0,207272	22,720000	52,190000
3,077679	-181,836919	88,335	-0,207669	22,720000	52,190000
3,075646	-183,182760	88,435	-0,208205	22,720000	52,190000
3,073679	-183,648958	88,535	-0,208391	22,720000	52,190000
3,071645	-184,770287	88,635	-0,208837	22,720000	52,190000
3,069689	-185,825367	88,735	-0,209257	22,720000	52,190000
3,067660	-186,598275	88,836	-0,209564	22,720000	52,190000
3,065665	-187,304933	88,936	-0,209846	22,720000	52,190000
3,063732	-188,194390	89,036	-0,210200	22,720000	52,190000
3,061675	-189,099796	89,136	-0,210560	22,720000	52,190000
3,059680	-191,552244	89,236	-0,211536	22,720000	52,190000
3,057629	-192,332512	89,337	-0,211847	22,720000	52,190000
3,055694	-193,131183	89,438	-0,212165	22,720000	52,190000
3,053692	-194,127375	89,539	-0,212561	22,720000	52,190000
3,051639	-193,305394	89,639	-0,212234	22,720000	52,190000
3,049657	-194,576398	89,739	-0,212740	22,720000	52,190000
3,047626	-195,615529	89,839	-0,213153	22,710000	52,150000
3,045647	-196,546698	89,940	-0,213524	22,710000	52,150000
3,043657	-196,945420	90,040	-0,213683	22,710000	52,150000
3,041671	-199,455530	90,140	-0,214682	22,710000	52,150000
3,039641	-200,211261	90,240	-0,214982	22,710000	52,150000
3,037658	-201,017293	90,340	-0,215303	22,710000	52,150000
3,035686	-201,990175	90,441	-0,215690	22,710000	52,150000
3,033742	-202,961831	90,541	-0,216077	22,710000	52,150000
3,031768	-203,751914	90,641	-0,216392	22,710000	52,150000
3,029705	-204,474521	90,741	-0,216679	22,710000	52,150000
3,027666	-203,818163	90,841	-0,216418	22,710000	52,150000
3,025683	-205,189767	90,941	-0,216964	22,710000	52,150000
3,023687	-205,813001	91,041	-0,217212	22,710000	52,150000
3,021676	-206,709819	91,142	-0,217569	22,710000	52,150000
3,019647	-207,766126	91,242	-0,217989	22,710000	52,150000
3,017712	-208,471557	91,342	-0,218270	22,710000	52,150000
3,015663	-209,411314	91,442	-0,218644	22,710000	52,150000
3,013670	-210,375609	91,544	-0,219028	22,710000	52,150000
3,011716	-211,630663	91,644	-0,219527	22,710000	52,150000
3,009643	-212,511532	91,744	-0,219878	22,710000	52,150000
3,007689	-212,826829	91,844	-0,220003	22,710000	52,150000
3,005698	-213,275852	91,944	-0,220182	22,710000	52,150000
3,003690	-214,189846	92,044	-0,220546	22,710000	52,150000
3,001675	-215,053539	92,145	-0,220890	22,710000	52,150000
2,999656	-215,951584	92,246	-0,221247	22,710000	52,150000
2,997672	-217,398025	92,347	-0,221823	22,710000	52,150000
2,995712	-217,713322	92,448	-0,221948	22,710000	52,150000
2,993717	-218,677617	92,548	-0,222332	22,710000	52,150000
2,991664	-218,727917	92,649	-0,222352	22,710000	52,150000
2,989709	-220,604978	92,749	-0,223099	22,710000	52,150000
2,987696	-220,273732	92,850	-0,222967	22,710000	52,150000
2,985687	-220,838077	92,950	-0,223192	22,710000	52,150000
2,983740	-221,461310	93,050	-0,223440	22,710000	52,150000
2,981658	-222,815739	93,152	-0,223979	22,710000	52,150000
2,979681	-222,383892	93,252	-0,223807	22,710000	52,150000
2,977659	-222,949464	93,352	-0,224032	22,710000	52,150000
2,975659	-223,223049	93,454	-0,224141	22,710000	52,150000
2,973709	-224,619190	93,554	-0,224697	22,710000	52,150000
2,971713	-223,729733	93,654	-0,224343	22,710000	52,150000
2,969702	-225,035088	93,754	-0,224862	22,710000	52,150000
2,967660	-225,400685	93,854	-0,225008	22,710000	52,150000
2,965704	-224,337017	93,954	-0,224584	22,710000	52,150000
2,963716	-224,145630	94,054	-0,224508	22,710000	52,150000
2,961673	-223,664710	94,154	-0,224317	22,710000	52,150000
2,959610	-221,179138	94,254	-0,223328	22,710000	52,150000
2,957767	-177,065749	94,355	-0,205771	22,710000	52,150000
2,955628	-169,237300	94,455	-0,202655	22,710000	52,150000
2,953696	-165,656162	94,555	-0,201229	22,710000	52,150000
2,951672	-163,495701	94,655	-0,200370	22,710000	52,150000
2,949659	-161,949886	94,756	-0,199754	22,710000	52,150000
2,947652	-160,818742	94,856	-0,199304	22,710000	52,150000
2,945619	-159,772250	94,956	-0,198888	22,710000	52,150000
2,943678	-159,314640	95,056	-0,198706	22,710000	52,150000
2,941691	-158,741707	95,156	-0,198478	22,710000	52,150000
2,939604	-158,649694	95,256	-0,198441	22,710000	52,150000
2,937712	-157,902550	95,357	-0,198144	22,710000	52,150000
2,935698	-157,686626	95,458	-0,198058	22,710000	52,150000
2,933666	-157,070754	95,558	-0,197813	22,710000	52,150000
2,931713	-156,073335	95,658	-0,197416	22,710000	52,150000
2,929671	-156,863419	95,759	-0,197730	22,710000	52,150000
2,927673	-156,755457	95,859	-0,197687	22,700000	52,135000
2,925678	-156,456109	95,959	-0,197568	22,700000	52,135000
2,923702	-156,447521	96,059	-0,197564	22,700000	52,135000
2,921698	-156,572658	96,159	-0,197614	22,700000	52,135000
2,919642	-156,248773	96,259	-0,197485	22,700000	52,135000
2,917670	-156,805757	96,359	-0,197707	22,700000	52,135000
2,915648	-156,954205	96,459	-0,197766	22,700000	52,135000
2,913727	-157,287904	96,559	-0,197899	22,700000	52,135000
2,911657	-157,145591	96,659	-0,197842	22,700000	52,135000
2,909739	-157,178716	96,759	-0,197855	22,700000	52,135000
2,907703	-157,204479	96,859	-0,197866	22,700000	52,135000
2,905640	-157,287904	96,959	-0,197899	22,700000	52,135000
2,903704	-157,693988	97,060	-0,198061	22,700000	52,135000
2,901731	-157,752876	97,160	-0,198084	22,700000	52,135000
2,899705	-157,428991	97,260	-0,197955	22,700000	52,135000
2,897710	-157,462115	97,360	-0,197968	22,700000	52,135000
2,895720	-157,420403	97,460	-0,197952	22,700000	52,135000
2,893677	-157,511189	97,560	-0,197988	22,700000	52,135000
2,891663	-158,259560	97,660	-0,198286	22,700000	52,135000
2,889658	-158,492659	97,760	-0,198378	22,700000	52,135000
2,887681	-158,682818	97,860	-0,198454	22,700000	52,135000
2,885625	-158,832493	97,960	-0,198514	22,700000	52,135000
2,883694	-158,790780	98,061	-0,198497	22,700000	52,135000
2,881717	-158,616569	98,161	-0,198428	22,700000	52,135000
2,879699	-158,433770	98,261	-0,198355	22,700000	52,135000
2,877679	-157,827713	98,361	-0,198114	22,700000	52,135000
2,875799	-157,644914	98,461	-0,198041	22,700000	52,135000
2,873676	-157,328390	98,561	-0,197915	22,700000	52,135000
2,871773	-157,336978	98,661	-0,197918	22,700000	52,135000
2,869706	-157,586026	98,761	-0,198018	22,700000	52,135000
2,867695	-157,004505	98,861	-0,197786	22,700000	52,135000
2,865680	-156,788582	98,961	-0,197700	22,700000	52,135000
2,863692	-156,912492	99,062	-0,197750	22,700000	52,135000
2,861693	-157,246192	99,163	-0,197882	22,700000	52,135000
2,859735	-156,605783	99,264	-0,197627	22,700000	52,135000
2,857692	-156,123636	99,364	-0,197436	22,700000	52,135000
2,855700	-155,209642	99,464	-0,197072	22,700000	52,135000
2,853656	-154,744671	99,564	-0,196887	22,700000	52,135000
2,851712	-152,890919	99,664	-0,196149	22,700000	52,135000
2,849721	-150,497360	99,764	-0,195196	22,700000	52,135000
2,847662	-148,344260	99,864	-0,194339	22,710000	52,180000
2,845666	-143,184183	99,964	-0,192286	22,710000	52,180000
2,843712	-139,377306	100,065	-0,190771	22,710000	52,180000
2,841685	-133,493395	100,165	-0,188429	22,710000	52,180000
2,839735	-129,471822	100,265	-0,186828	22,710000	52,180000
2,837716	-126,778914	100,365	-0,185756	22,710000	52,180000
2,835675	-122,507067	100,465	-0,184056	22,710000	52,180000
2,833691	-117,404650	100,565	-0,182025	22,710000	52,180000
2,831718	-1,446441	100,665	-0,135874	22,710000	52,180000
2,829701	-1,504103	100,765	-0,135897	22,710000	52,180000
2,827659	-1,255055	100,866	-0,135798	22,710000	52,180000
2,825692	-1,288179	100,967	-0,135811	22,710000	52,180000
2,823676	-1,089432	101,067	-0,135732	22,710000	52,180000
2,821700	-1,138505	101,167	-0,135751	22,710000	52,180000
2,819725	-1,039131	101,268	-0,135712	22,710000	52,180000
2,817723	-1,122556	101,368	-0,135745	22,710000	52,180000
2,815737	-1,197393	101,468	-0,135775	22,710000	52,180000
2,813692	-1,023182	101,568	-0,135706	22,710000	52,180000
2,811698	-1,171630	101,669	-0,135765	22,710000	52,180000
2,809713	-1,305355	101,769	-0,135818	22,710000	52,190000
2,807725	-0,856332	101,869	-0,135639	22,710000	52,190000
2,805741	-1,113968	101,969	-0,135742	22,710000	52,190000
2,803691	-1,063668	102,069	-0,135722	22,710000	52,190000
2,801646	-1,164269	102,169	-0,135762	22,710000	52,190000
2,799730	-1,098019	102,269	-0,135735	22,710000	52,190000
2,797696	-1,296767	102,369	-0,135814	22,710000	52,190000
2,795727	-1,679540	102,469	-0,135967	22,710000	52,190000
2,793690	-1,089432	102,569	-0,135732	22,710000	52,190000
2,791713	-0,964294	102,669	-0,135682	22,710000	52,190000
2,789707	-1,371604	102,769	-0,135844	22,710000	52,190000
2,787710	-1,089432	102,869	-0,135732	22,710000	52,190000
2,785764	-1,164269	102,969	-0,135762	22,710000	52,190000
2,783694	-1,171630	103,069	-0,135765	22,710000	52,190000
2,781628	-0,882096	103,169	-0,135649	22,710000	52,190000
2,779731	-1,437853	103,269	-0,135871	22,710000	52,190000
2,777712	-1,239106	103,369	-0,135792	22,710000	52,190000
2,775678	-1,305355	103,469	-0,135818	22,710000	52,190000
2,773651	-1,347067	103,570	-0,135834	22,710000	52,190000
2,771707	-1,080844	103,670	-0,135729	22,710000	52,190000
2,769701	-1,305355	103,770	-0,135818	22,720000	52,180000
2,767713	-1,030543	103,870	-0,135708	22,720000	52,180000
2,765695	-1,039131	103,972	-0,135712	22,720000	52,180000
2,763707	-1,272230	104,073	-0,135805	22,720000	52,180000
2,761671	-1,239106	104,173	-0,135792	22,720000	52,180000
2,759675	-1,204754	104,273	-0,135778	22,720000	52,180000
2,757660	-1,122556	104,374	-0,135745	22,720000	52,180000
2,755710	-0,997419	104,475	-0,135695	22,720000	52,180000
2,753695	-1,080844	104,575	-0,135729	22,720000	52,180000
2,751669	-1,105380	104,675	-0,135738	22,720000	52,180000
2,749731	-0,947118	104,775	-0,135675	22,720000	52,180000
2,747620	-0,931170	104,875	-0,135669	22,720000	52,180000
2,745675	-1,072256	104,975	-0,135725	22,720000	52,180000
2,743693	-1,188805	105,075	-0,135771	22,720000	52,180000
2,741703	-1,180217	105,175	-0,135768	22,720000	52,180000
2,739733	-0,939757	105,275	-0,135672	22,720000	52,180000
2,737635	-0,955706	105,376	-0,135679	22,720000	52,180000
2,735664	-0,913994	105,476	-0,135662	22,720000	52,180000
2,733745	-1,072256	105,576	-0,135725	22,720000	52,180000
2,731718	-0,889457	105,676	-0,135652	22,720000	52,180000
2,729703	-1,030543	105,776	-0,135708	22,720000	52,165000
2,727677	-1,098019	105,877	-0,135735	22,720000	52,165000
2,725724	-1,039131	105,977	-0,135712	22,720000	52,165000
2,723684	-1,039131	106,077	-0,135712	22,720000	52,165000
2,721700	-1,272230	106,178	-0,135805	22,720000	52,165000
2,719674	-0,981470	106,278	-0,135689	22,720000	52,165000
2,717730	-1,129917	106,379	-0,135748	22,720000	52,165000
2,715679	-0,981470	106,479	-0,135689	22,720000	52,165000
2,713714	-1,147093	106,580	-0,135755	22,720000	52,165000
2,711686	-1,197393	106,680	-0,135775	22,720000	52,165000
2,709665	-1,129917	106,780	-0,135748	22,720000	52,165000
2,707717	-1,129917	106,880	-0,135748	22,720000	52,165000
2,705717	-0,939757	106,980	-0,135672	22,720000	52,165000
2,703707	-1,113968	107,081	-0,135742	22,720000	52,165000
2,701670	-0,898045	107,181	-0,135656	22,720000	52,165000
2,699685	-0,840384	107,281	-0,135633	22,720000	52,165000
2,697706	-0,889457	107,382	-0,135652	22,720000	52,165000
2,695735	-0,898045	107,482	-0,135656	22,720000	52,165000
2,693677	-0,939757	107,582	-0,135672	22,720000	52,165000
2,691674	-1,080844	107,682	-0,135729	22,720000	52,165000
2,689710	-1,023182	107,782	-0,135706	22,720000	52,165000
2,687716	-0,806032	107,882	-0,135619	22,720000	52,165000
2,685674	-1,129917	107,982	-0,135748	22,720000	52,165000
2,683715	-1,047719	108,082	-0,135715	22,720000	52,165000
2,681742	-0,922582	108,183	-0,135666	22,720000	52,165000
2,679674	-0,955706	108,283	-0,135679	22,720000	52,165000
2,677697	-0,856332	108,383	-0,135639	22,720000	52,165000
2,675700	-0,864920	108,483	-0,135643	22,720000	52,165000
2,673689	-1,072256	108,583	-0,135725	22,720000	52,165000
2,671710	-1,006007	108,683	-0,135699	22,720000	52,165000
2,669725	-0,988831	108,783	-0,135692	22,720000	52,165000
2,667662	-1,147093	108,883	-0,135755	22,720000	52,165000
2,665722	-1,221930	108,983	-0,135785	22,720000	52,165000
2,663686	-1,006007	109,083	-0,135699	22,720000	52,165000
2,661682	-0,906633	109,184	-0,135659	22,720000	52,165000
2,659709	-0,739783	109,284	-0,135593	22,720000	52,165000
2,657698	-0,964294	109,384	-0,135682	22,720000	52,165000
2,655651	-0,913994	109,484	-0,135662	22,720000	52,165000
2,653706	-0,873508	109,585	-0,135646	22,720000	52,165000
2,651716	-0,955706	109,685	-0,135679	22,720000	52,165000
2,649706	-0,814620	109,785	-0,135623	22,720000	52,165000
2,647710	-0,922582	109,885	-0,135666	22,720000	52,165000
2,645717	-0,798671	109,986	-0,135616	22,720000	52,165000
2,643718	-0,565572	110,086	-0,135523	22,720000	52,165000
2,641709	-1,155681	110,187	-0,135758	22,720000	52,165000
2,639666	-0,882096	110,288	-0,135649	22,720000	52,165000
2,637744	-0,856332	110,388	-0,135639	22,720000	52,165000
2,635735	-0,790083	110,488	-0,135613	22,720000	52,165000
2,633721	-0,814620	110,588	-0,135623	22,720000	52,165000
