Quasi static measurement routine
Tip parameters (shape,radius, material...) 
24.08.2022

Piezo position[nm]	MEMS displ.[nm]	Time[ms]	Cap [pf]	Temp [°C]	Rh [%]
eoh
2,625858	0,092013	0,188	-0,135857	22,720000	52,295000
2,627842	0,191387	0,288	-0,135818	22,720000	52,295000
2,629910	-0,099374	0,388	-0,135934	22,720000	52,295000
2,631857	-0,107962	0,488	-0,135937	22,720000	52,295000
2,633823	-0,024537	0,588	-0,135904	22,720000	52,295000
2,635861	-0,049073	0,688	-0,135914	22,720000	52,295000
2,637876	0,017176	0,789	-0,135887	22,720000	52,295000
2,639938	-0,049073	0,889	-0,135914	22,720000	52,295000
2,641891	-0,033125	0,989	-0,135907	22,720000	52,295000
2,643831	0,174211	1,089	-0,135825	22,720000	52,295000
2,645856	-0,107962	1,189	-0,135937	22,720000	52,295000
2,647864	0,067476	1,289	-0,135867	22,720000	52,295000
2,649893	-0,049073	1,389	-0,135914	22,720000	52,295000
2,651841	-0,174211	1,489	-0,135963	22,720000	52,295000
2,653906	0,074837	1,589	-0,135864	22,720000	52,295000
2,655876	-0,090786	1,689	-0,135930	22,720000	52,295000
2,657860	0,067476	1,789	-0,135867	22,720000	52,295000
2,659880	0,041712	1,889	-0,135877	22,720000	52,295000
2,661799	-0,107962	1,989	-0,135937	22,720000	52,310000
2,663850	-0,073610	2,089	-0,135923	22,720000	52,310000
2,665859	-0,007361	2,190	-0,135897	22,720000	52,310000
2,667866	-0,049073	2,291	-0,135914	22,720000	52,310000
2,669860	-0,082198	2,391	-0,135927	22,720000	52,310000
2,671940	-0,066249	2,492	-0,135920	22,720000	52,310000
2,673872	0,058888	2,592	-0,135871	22,720000	52,310000
2,675805	0,092013	2,692	-0,135857	22,720000	52,310000
2,677883	-0,149674	2,792	-0,135954	22,720000	52,310000
2,679877	0,191387	2,892	-0,135818	22,720000	52,310000
2,681922	-0,073610	2,992	-0,135923	22,720000	52,310000
2,683861	-0,231872	3,092	-0,135986	22,720000	52,310000
2,685836	0,000000	3,192	-0,135894	22,720000	52,310000
2,687872	-0,107962	3,292	-0,135937	22,720000	52,310000
2,689938	-0,041712	3,392	-0,135911	22,720000	52,310000
2,691898	-0,107962	3,492	-0,135937	22,720000	52,310000
2,693897	-0,357010	3,592	-0,136036	22,720000	52,310000
2,695850	-0,182799	3,692	-0,135967	22,720000	52,310000
2,697869	-0,115323	3,792	-0,135940	22,720000	52,310000
2,699881	-0,082198	3,892	-0,135927	22,720000	52,310000
2,701854	0,125137	3,992	-0,135844	22,720000	52,320000
2,703814	-0,024537	4,092	-0,135904	22,720000	52,320000
2,705826	0,074837	4,193	-0,135864	22,720000	52,320000
2,707836	-0,157035	4,293	-0,135957	22,720000	52,320000
2,709859	-0,207336	4,393	-0,135977	22,720000	52,320000
2,711796	0,166850	4,494	-0,135828	22,720000	52,320000
2,713895	0,017176	4,595	-0,135887	22,720000	52,320000
2,715889	-0,414671	4,696	-0,136059	22,720000	52,320000
2,717887	-0,257636	4,796	-0,135997	22,720000	52,320000
2,719858	0,208562	4,897	-0,135811	22,720000	52,320000
2,721784	0,100601	4,997	-0,135854	22,720000	52,320000
2,723864	-0,240460	5,098	-0,135990	22,720000	52,320000
2,725848	0,008588	5,198	-0,135891	22,720000	52,320000
2,727815	-0,090786	5,298	-0,135930	22,720000	52,320000
2,729820	-0,190160	5,398	-0,135970	22,720000	52,320000
2,731860	-0,049073	5,499	-0,135914	22,720000	52,320000
2,733854	-0,273585	5,599	-0,136003	22,720000	52,320000
2,735929	-0,207336	5,699	-0,135977	22,720000	52,320000
2,737875	-0,398722	5,800	-0,136053	22,720000	52,320000
2,739866	-0,015949	5,901	-0,135900	22,720000	52,320000
2,741866	-0,315297	6,001	-0,136020	22,720000	52,335000
2,743901	0,100601	6,101	-0,135854	22,720000	52,335000
2,745938	-0,149674	6,202	-0,135954	22,720000	52,335000
2,747848	-0,107962	6,302	-0,135937	22,720000	52,335000
2,749809	-0,090786	6,402	-0,135930	22,720000	52,335000
2,751841	-0,066249	6,502	-0,135920	22,720000	52,335000
2,753889	-0,357010	6,602	-0,136036	22,720000	52,335000
2,755907	-0,257636	6,702	-0,135997	22,720000	52,335000
2,757868	-0,215923	6,803	-0,135980	22,720000	52,335000
2,759919	-0,249048	6,903	-0,135993	22,720000	52,335000
2,761856	-0,033125	7,003	-0,135907	22,720000	52,335000
2,763837	-0,231872	7,103	-0,135986	22,720000	52,335000
2,765874	-0,007361	7,203	-0,135897	22,720000	52,335000
2,767860	-0,224511	7,304	-0,135983	22,720000	52,335000
2,769857	-0,298121	7,404	-0,136013	22,720000	52,335000
2,771866	-0,273585	7,504	-0,136003	22,720000	52,335000
2,773872	-0,190160	7,605	-0,135970	22,720000	52,335000
2,775807	-0,372959	7,705	-0,136042	22,720000	52,335000
2,777870	-0,066249	7,805	-0,135920	22,720000	52,335000
2,779912	-0,224511	7,906	-0,135983	22,720000	52,335000
2,781818	-0,041712	8,006	-0,135911	22,720000	52,335000
2,783794	-0,123911	8,107	-0,135943	22,720000	52,335000
2,785846	-0,132498	8,207	-0,135947	22,720000	52,335000
2,787896	-0,231872	8,308	-0,135986	22,720000	52,335000
2,789857	-0,123911	8,408	-0,135943	22,720000	52,335000
2,791827	-0,207336	8,508	-0,135977	22,720000	52,335000
2,793849	-0,306709	8,608	-0,136016	22,720000	52,335000
2,795918	-0,339834	8,708	-0,136029	22,720000	52,335000
2,797884	-0,082198	8,809	-0,135927	22,720000	52,335000
2,799852	-0,266224	8,909	-0,136000	22,720000	52,335000
2,801823	-0,266224	9,011	-0,136000	22,720000	52,335000
2,803807	-0,207336	9,111	-0,135977	22,720000	52,335000
2,805928	-0,157035	9,211	-0,135957	22,720000	52,335000
2,807889	-0,365598	9,312	-0,136040	22,720000	52,335000
2,809798	-0,339834	9,412	-0,136029	22,720000	52,335000
2,811858	-0,348422	9,512	-0,136033	22,720000	52,335000
2,813913	-0,149674	9,612	-0,135954	22,720000	52,335000
2,815887	-0,282173	9,713	-0,136006	22,720000	52,335000
2,817848	-0,249048	9,813	-0,135993	22,720000	52,335000
2,819866	-0,306709	9,913	-0,136016	22,720000	52,335000
2,821802	-0,390134	10,013	-0,136049	22,730000	52,325000
2,823811	-0,240460	10,113	-0,135990	22,730000	52,325000
2,825910	-0,207336	10,213	-0,135977	22,730000	52,325000
2,827884	-0,207336	10,313	-0,135977	22,730000	52,325000
2,829816	-0,597470	10,413	-0,136132	22,730000	52,325000
2,831824	-0,266224	10,514	-0,136000	22,730000	52,325000
2,833824	-0,049073	10,614	-0,135914	22,730000	52,325000
2,835837	-0,315297	10,714	-0,136020	22,730000	52,325000
2,837844	-0,132498	10,814	-0,135947	22,730000	52,325000
2,839860	-0,215923	10,914	-0,135980	22,730000	52,325000
2,841909	-0,266224	11,014	-0,136000	22,730000	52,325000
2,843829	-0,357010	11,114	-0,136036	22,730000	52,325000
2,845868	-0,339834	11,215	-0,136029	22,730000	52,325000
2,847844	-0,231872	11,315	-0,135986	22,730000	52,325000
2,849907	-0,190160	11,415	-0,135970	22,730000	52,325000
2,851898	-0,165623	11,515	-0,135960	22,730000	52,325000
2,853829	-0,249048	11,616	-0,135993	22,730000	52,325000
2,855857	-0,231872	11,717	-0,135986	22,730000	52,325000
2,857805	-0,398722	11,818	-0,136053	22,730000	52,325000
2,859834	-0,224511	11,919	-0,135983	22,730000	52,325000
2,861888	-0,298121	12,019	-0,136013	22,730000	52,325000
2,863819	-0,447796	12,119	-0,136072	22,730000	52,325000
2,865839	-0,240460	12,219	-0,135990	22,730000	52,325000
2,867866	-0,381546	12,319	-0,136046	22,730000	52,325000
2,869863	-0,880869	12,419	-0,136245	22,730000	52,325000
2,871792	-0,381546	12,520	-0,136046	22,730000	52,325000
2,873832	-0,198748	12,621	-0,135973	22,730000	52,325000
2,875851	-0,282173	12,722	-0,136006	22,730000	52,325000
2,877892	-0,531221	12,823	-0,136105	22,730000	52,325000
2,879891	-0,357010	12,924	-0,136036	22,730000	52,325000
2,881862	-0,482147	13,024	-0,136086	22,730000	52,325000
2,883895	-0,515272	13,124	-0,136099	22,730000	52,325000
2,885882	-0,473559	13,224	-0,136083	22,730000	52,325000
2,887895	-0,390134	13,324	-0,136049	22,730000	52,325000
2,889854	-0,339834	13,424	-0,136029	22,730000	52,325000
2,891866	-0,207336	13,524	-0,135977	22,730000	52,325000
2,893879	-0,381546	13,624	-0,136046	22,730000	52,325000
2,895826	-0,473559	13,724	-0,136083	22,730000	52,325000
2,897846	-0,414671	13,824	-0,136059	22,730000	52,325000
2,899832	-0,423259	13,924	-0,136063	22,730000	52,325000
2,901902	-0,597470	14,024	-0,136132	22,710000	52,335000
2,903819	-0,290760	14,126	-0,136010	22,710000	52,335000
2,905885	-0,506684	14,227	-0,136096	22,710000	52,335000
2,907822	-0,482147	14,328	-0,136086	22,710000	52,335000
2,909846	-0,482147	14,428	-0,136086	22,710000	52,335000
2,911849	-0,581521	14,528	-0,136125	22,710000	52,335000
2,913907	-0,764320	14,629	-0,136198	22,710000	52,335000
2,915824	-0,207336	14,729	-0,135977	22,710000	52,335000
2,917830	-0,407310	14,829	-0,136056	22,710000	52,335000
2,919863	-0,515272	14,929	-0,136099	22,710000	52,335000
2,921858	-0,639182	15,029	-0,136148	22,710000	52,335000
2,923831	-0,464971	15,129	-0,136079	22,710000	52,335000
2,925847	-0,456383	15,229	-0,136076	22,710000	52,335000
2,927851	-0,473559	15,329	-0,136083	22,710000	52,335000
2,929850	-0,606058	15,429	-0,136135	22,710000	52,335000
2,931818	-0,581521	15,529	-0,136125	22,710000	52,335000
2,933848	-0,423259	15,629	-0,136063	22,710000	52,335000
2,935824	-0,482147	15,729	-0,136086	22,710000	52,335000
2,937858	-0,597470	15,830	-0,136132	22,710000	52,335000
2,939790	-0,464971	15,931	-0,136079	22,710000	52,335000
2,941887	-0,390134	16,031	-0,136049	22,730000	52,340000
2,943823	-0,539808	16,131	-0,136109	22,730000	52,340000
2,945831	-0,249048	16,231	-0,135993	22,730000	52,340000
2,947836	-0,482147	16,331	-0,136086	22,730000	52,340000
2,949803	-0,531221	16,431	-0,136105	22,730000	52,340000
2,951855	-0,672307	16,532	-0,136162	22,730000	52,340000
2,953861	-0,689483	16,632	-0,136168	22,730000	52,340000
2,955840	-0,797444	16,733	-0,136211	22,730000	52,340000
2,957868	-0,447796	16,834	-0,136072	22,730000	52,340000
2,959857	-0,714019	16,935	-0,136178	22,730000	52,340000
2,961835	-0,564345	17,035	-0,136119	22,730000	52,340000
2,963848	-0,548396	17,135	-0,136112	22,730000	52,340000
2,965859	-0,597470	17,235	-0,136132	22,730000	52,340000
2,967796	-0,606058	17,336	-0,136135	22,730000	52,340000
2,969901	-0,739783	17,436	-0,136188	22,730000	52,340000
2,971844	-0,506684	17,536	-0,136096	22,730000	52,340000
2,973876	-0,489508	17,636	-0,136089	22,730000	52,340000
2,975829	-0,564345	17,736	-0,136119	22,730000	52,340000
2,977876	-0,813393	17,837	-0,136218	22,730000	52,340000
2,979822	-0,698070	17,937	-0,136172	22,730000	52,340000
2,981852	-0,447796	18,037	-0,136072	22,720000	52,285000
2,983853	-0,456383	18,137	-0,136076	22,720000	52,285000
2,985840	-0,647770	18,238	-0,136152	22,720000	52,285000
2,987837	-0,522633	18,338	-0,136102	22,720000	52,285000
2,989882	-0,639182	18,439	-0,136148	22,720000	52,285000
2,991847	-0,656358	18,539	-0,136155	22,720000	52,285000
2,993816	-0,797444	18,640	-0,136211	22,720000	52,285000
2,995789	-0,847745	18,740	-0,136231	22,720000	52,285000
2,997829	-0,722607	18,840	-0,136182	22,720000	52,285000
2,999867	-0,714019	18,941	-0,136178	22,720000	52,285000
3,001832	-0,482147	19,042	-0,136086	22,720000	52,285000
3,003840	-0,706658	19,142	-0,136175	22,720000	52,285000
3,005842	-0,590109	19,243	-0,136129	22,720000	52,285000
3,007876	-0,515272	19,343	-0,136099	22,720000	52,285000
3,009860	-0,731195	19,443	-0,136185	22,720000	52,285000
3,011829	-0,964294	19,543	-0,136278	22,720000	52,285000
3,013825	-0,813393	19,644	-0,136218	22,720000	52,285000
3,015813	-0,863693	19,744	-0,136238	22,720000	52,285000
3,017857	-0,971655	19,844	-0,136281	22,720000	52,285000
3,019838	-0,855106	19,945	-0,136234	22,720000	52,285000
3,021814	-0,863693	20,045	-0,136238	22,720000	52,285000
3,023817	-0,955706	20,145	-0,136274	22,720000	52,285000
3,025816	-0,913994	20,245	-0,136258	22,720000	52,285000
3,027781	-0,821981	20,345	-0,136221	22,720000	52,285000
3,029852	-0,315297	20,446	-0,136020	22,720000	52,285000
3,031765	-0,830569	20,546	-0,136225	22,720000	52,285000
3,033828	-0,821981	20,646	-0,136221	22,720000	52,285000
3,035845	-1,004780	20,746	-0,136294	22,720000	52,285000
3,037880	-1,030543	20,846	-0,136304	22,720000	52,285000
3,039846	-1,163042	20,946	-0,136357	22,720000	52,285000
3,041810	-0,797444	21,046	-0,136211	22,720000	52,285000
3,043876	-1,055080	21,147	-0,136314	22,720000	52,285000
3,045833	-0,980243	21,247	-0,136284	22,720000	52,285000
3,047786	-1,096793	21,347	-0,136331	22,720000	52,285000
3,049801	-0,980243	21,447	-0,136284	22,720000	52,285000
3,051857	-1,037904	21,547	-0,136307	22,720000	52,285000
3,053861	-1,486927	21,647	-0,136486	22,720000	52,285000
3,055835	-1,354428	21,747	-0,136433	22,720000	52,285000
3,057818	-1,004780	21,847	-0,136294	22,720000	52,285000
3,059827	-1,147093	21,948	-0,136351	22,720000	52,285000
3,061850	-0,872281	22,048	-0,136241	22,720000	52,285000
3,063856	-1,304128	22,148	-0,136413	22,720000	52,285000
3,065855	-1,121329	22,248	-0,136340	22,720000	52,285000
3,067826	-1,021955	22,348	-0,136301	22,720000	52,285000
3,069796	-1,088205	22,449	-0,136327	22,720000	52,285000
3,071827	-1,271003	22,550	-0,136400	22,720000	52,285000
3,073800	-1,088205	22,651	-0,136327	22,720000	52,285000
3,075841	-1,154454	22,752	-0,136354	22,720000	52,285000
3,077790	-1,112741	22,853	-0,136337	22,720000	52,285000
3,079888	-1,220703	22,953	-0,136380	22,720000	52,285000
3,081817	-1,220703	23,053	-0,136380	22,720000	52,285000
3,083827	-1,312716	23,153	-0,136417	22,720000	52,285000
3,085838	-1,271003	23,254	-0,136400	22,720000	52,285000
3,087809	-1,163042	23,354	-0,136357	22,720000	52,285000
3,089794	-1,387553	23,454	-0,136446	22,720000	52,285000
3,091857	-1,295540	23,554	-0,136410	22,720000	52,285000
3,093786	-1,138505	23,655	-0,136347	22,720000	52,285000
3,095773	-1,321304	23,755	-0,136420	22,720000	52,285000
3,097773	-1,478339	23,855	-0,136482	22,720000	52,285000
3,099838	-1,154454	23,955	-0,136354	22,730000	52,315000
3,101831	-1,304128	24,056	-0,136413	22,730000	52,315000
3,103815	-1,420678	24,156	-0,136459	22,730000	52,315000
3,105846	-1,370377	24,256	-0,136439	22,730000	52,315000
3,107806	-1,453802	24,356	-0,136473	22,730000	52,315000
3,109823	-1,520051	24,456	-0,136499	22,730000	52,315000
3,111833	-1,495515	24,558	-0,136489	22,730000	52,315000
3,113786	-1,445214	24,658	-0,136469	22,730000	52,315000
3,115795	-1,545815	24,758	-0,136509	22,730000	52,315000
3,117778	-1,636601	24,858	-0,136545	22,730000	52,315000
3,119815	-1,545815	24,958	-0,136509	22,730000	52,315000
3,121865	-1,587527	25,059	-0,136526	22,730000	52,315000
3,123801	-1,694262	25,159	-0,136568	22,730000	52,315000
3,125847	-1,486927	25,260	-0,136486	22,730000	52,315000
3,127881	-1,587527	25,361	-0,136526	22,730000	52,315000
3,129779	-1,803451	25,462	-0,136612	22,730000	52,315000
3,131797	-1,478339	25,562	-0,136482	22,730000	52,315000
3,133816	-1,827988	25,663	-0,136622	22,730000	52,315000
3,135816	-1,810812	25,763	-0,136615	22,730000	52,315000
3,137813	-1,711438	25,863	-0,136575	22,730000	52,315000
3,139830	-2,035323	25,963	-0,136704	22,720000	52,310000
3,141783	-2,069675	26,064	-0,136718	22,720000	52,310000
3,143820	-2,426684	26,164	-0,136860	22,720000	52,310000
3,145825	-2,351847	26,264	-0,136830	22,720000	52,310000
3,147798	-64,872703	26,366	-0,161713	22,720000	52,310000
3,149793	-65,203949	26,466	-0,161845	22,720000	52,310000
3,151813	-65,154876	26,567	-0,161826	22,720000	52,310000
3,153841	-65,570774	26,667	-0,161991	22,720000	52,310000
3,155848	-64,996614	26,767	-0,161763	22,720000	52,310000
3,157827	-64,274007	26,868	-0,161475	22,720000	52,310000
3,159815	-63,833572	26,968	-0,161300	22,720000	52,310000
3,161786	-63,434850	27,068	-0,161141	22,720000	52,310000
3,163808	-63,168626	27,168	-0,161035	22,720000	52,310000
3,165835	-62,046070	27,268	-0,160588	22,720000	52,310000
3,167845	-62,237457	27,368	-0,160665	22,720000	52,310000
3,169854	-61,821559	27,468	-0,160499	22,720000	52,310000
3,171792	-61,041290	27,568	-0,160188	22,720000	52,310000
3,173791	-60,118709	27,668	-0,159821	22,720000	52,310000
3,175782	-59,835309	27,768	-0,159708	22,720000	52,310000
3,177831	-58,772868	27,868	-0,159286	22,720000	52,310000
3,179748	-57,998734	27,968	-0,158978	22,720000	52,310000
3,181826	-57,276127	28,068	-0,158690	22,720000	52,310000
3,183783	-56,595232	28,168	-0,158419	22,720000	52,310000
3,185811	-55,714363	28,268	-0,158068	22,720000	52,310000
3,187791	-53,951398	28,369	-0,157367	22,720000	52,310000
3,189795	-53,221429	28,469	-0,157076	22,720000	52,310000
3,191799	-53,221429	28,569	-0,157076	22,720000	52,310000
3,193797	-52,547896	28,669	-0,156808	22,720000	52,310000
3,195737	-51,716100	28,769	-0,156477	22,720000	52,310000
3,197819	-51,341915	28,869	-0,156328	22,720000	52,310000
3,199765	-49,879525	28,969	-0,155746	22,720000	52,310000
3,201771	-49,656240	29,069	-0,155657	22,720000	52,310000
3,203824	-48,716483	29,169	-0,155283	22,720000	52,310000
3,205825	-48,184035	29,269	-0,155071	22,720000	52,310000
3,207787	-47,187844	29,369	-0,154675	22,720000	52,310000
3,209767	-46,589147	29,470	-0,154437	22,720000	52,310000
3,211789	-45,791703	29,571	-0,154119	22,720000	52,310000
3,213805	-44,094987	29,672	-0,153444	22,720000	52,310000
3,215778	-43,090207	29,772	-0,153044	22,720000	52,310000
3,217787	-43,290181	29,872	-0,153124	22,720000	52,310000
3,219777	-41,976239	29,973	-0,152601	22,720000	52,295000
3,221822	-41,627817	30,073	-0,152462	22,720000	52,295000
3,223859	-41,086782	30,173	-0,152247	22,720000	52,295000
3,225781	-40,131075	30,273	-0,151866	22,720000	52,295000
3,227785	-39,607216	30,373	-0,151658	22,720000	52,295000
3,229796	-38,677273	30,474	-0,151288	22,720000	52,295000
3,231777	-37,895778	30,574	-0,150977	22,720000	52,295000
3,233773	-37,298308	30,675	-0,150739	22,720000	52,295000
3,235784	-35,261758	30,776	-0,149928	22,720000	52,295000
3,237802	-34,205451	30,876	-0,149508	22,720000	52,295000
3,239759	-33,449719	30,976	-0,149207	22,720000	52,295000
3,241751	-33,183496	31,077	-0,149101	22,720000	52,295000
3,243812	-32,260914	31,178	-0,148734	22,720000	52,295000
3,245798	-31,223010	31,278	-0,148321	22,720000	52,295000
3,247785	-30,566652	31,378	-0,148060	22,720000	52,295000
3,249804	-30,648850	31,478	-0,148092	22,720000	52,295000
3,251781	-30,001080	31,579	-0,147834	22,720000	52,295000
3,253873	-29,136159	31,679	-0,147490	22,720000	52,295000
3,255781	-27,358472	31,779	-0,146783	22,720000	52,295000
3,257731	-27,582983	31,879	-0,146872	22,720000	52,295000
3,259739	-26,394178	31,979	-0,146399	22,730000	52,290000
3,261747	-24,731813	32,079	-0,145737	22,730000	52,290000
3,263750	-24,207954	32,181	-0,145529	22,730000	52,290000
3,265754	-23,119749	32,281	-0,145096	22,730000	52,290000
3,267766	-22,280592	32,381	-0,144762	22,730000	52,290000
3,269749	-22,662139	32,481	-0,144914	22,730000	52,290000
3,271751	-21,648771	32,582	-0,144510	22,730000	52,290000
3,273824	-20,900400	32,683	-0,144212	22,730000	52,290000
3,275777	-19,530023	32,783	-0,143667	22,730000	52,290000
3,277795	-18,074994	32,883	-0,143088	22,730000	52,290000
3,279800	-18,249205	32,983	-0,143157	22,730000	52,290000
3,281730	-17,410048	33,085	-0,142823	22,730000	52,290000
3,283805	-17,176949	33,186	-0,142730	22,730000	52,290000
3,285799	-15,831109	33,287	-0,142195	22,730000	52,290000
3,287794	-14,476680	33,387	-0,141656	22,730000	52,290000
3,289738	-14,210457	33,487	-0,141550	22,730000	52,290000
3,291783	-13,437549	33,588	-0,141242	22,730000	52,290000
3,293749	-12,473255	33,689	-0,140858	22,730000	52,290000
3,295783	-11,136002	33,790	-0,140326	22,730000	52,290000
3,297824	-9,482226	33,890	-0,139668	22,730000	52,290000
3,299789	-8,709318	33,990	-0,139360	22,730000	52,340000
3,301747	-8,110621	34,090	-0,139122	22,730000	52,340000
3,303831	-6,972116	34,191	-0,138669	22,730000	52,340000
3,305748	-7,370839	34,291	-0,138828	22,730000	52,340000
3,307783	-6,797906	34,392	-0,138600	22,730000	52,340000
3,309860	-4,554020	34,492	-0,137707	22,730000	52,340000
3,311795	-4,752768	34,593	-0,137786	22,730000	52,340000
3,313747	-3,797061	34,694	-0,137405	22,730000	52,340000
3,315778	-2,874480	34,795	-0,137038	22,730000	52,340000
3,317722	-1,927361	34,895	-0,136661	22,730000	52,340000
3,319774	-0,639182	34,995	-0,136148	22,730000	52,340000
3,321799	0,807259	35,095	-0,135573	22,730000	52,340000
3,323745	1,587527	35,195	-0,135262	22,730000	52,340000
3,325781	2,626659	35,295	-0,134849	22,730000	52,340000
3,327763	3,307553	35,396	-0,134578	22,730000	52,340000
3,329754	4,396985	35,497	-0,134144	22,730000	52,340000
3,331724	4,961330	35,597	-0,133919	22,730000	52,340000
3,333751	6,000461	35,698	-0,133506	22,730000	52,340000
3,335755	7,022417	35,798	-0,133099	22,730000	52,340000
3,337758	7,429727	35,899	-0,132937	22,730000	52,340000
3,339788	8,343721	35,999	-0,132573	22,730000	52,340000
3,341779	9,292066	36,099	-0,132196	22,730000	52,340000
3,343711	9,840462	36,200	-0,131978	22,730000	52,340000
3,345806	10,712743	36,301	-0,131630	22,730000	52,340000
3,347798	11,710162	36,401	-0,131233	22,730000	52,340000
3,349756	11,984974	36,501	-0,131124	22,730000	52,340000
3,351778	13,372527	36,602	-0,130572	22,730000	52,340000
3,353741	14,403070	36,702	-0,130162	22,730000	52,340000
3,355795	14,951466	36,802	-0,129943	22,730000	52,340000
3,357768	15,773447	36,903	-0,129616	22,730000	52,340000
3,359778	17,768285	37,003	-0,128822	22,730000	52,340000
3,361731	19,006164	37,104	-0,128330	22,730000	52,340000
3,363728	19,754534	37,204	-0,128032	22,730000	52,340000
3,365833	19,804835	37,304	-0,128012	22,730000	52,340000
3,367783	20,353231	37,404	-0,127793	22,730000	52,340000
3,369768	21,383774	37,504	-0,127383	22,730000	52,340000
3,371733	22,297768	37,604	-0,127020	22,730000	52,340000
3,373805	24,483992	37,704	-0,126149	22,730000	52,340000
3,375771	24,217769	37,804	-0,126255	22,730000	52,340000
3,377757	24,874126	37,904	-0,125994	22,730000	52,340000
3,379784	25,847008	38,004	-0,125607	22,720000	52,320000
3,381731	26,951162	38,104	-0,125167	22,720000	52,320000
3,383749	27,816082	38,205	-0,124823	22,720000	52,320000
3,385769	28,580402	38,305	-0,124519	22,720000	52,320000
3,387737	29,528747	38,405	-0,124142	22,720000	52,320000
3,389750	30,218230	38,505	-0,123867	22,720000	52,320000
3,391747	24,691328	38,606	-0,126067	22,720000	52,320000
3,393760	19,480950	38,706	-0,128141	22,720000	52,320000
3,395694	18,341218	38,806	-0,128594	22,720000	52,320000
3,397749	17,893422	38,906	-0,128772	22,720000	52,320000
3,399794	6,350110	39,007	-0,133367	22,720000	52,320000
3,401776	5,526902	39,108	-0,133694	22,720000	52,320000
3,403728	6,141548	39,209	-0,133450	22,720000	52,320000
3,405777	6,665407	39,309	-0,133241	22,720000	52,320000
3,407775	7,587989	39,410	-0,132874	22,720000	52,320000
3,409804	8,336360	39,510	-0,132576	22,720000	52,320000
3,411684	8,153561	39,610	-0,132649	22,720000	52,320000
3,413728	9,856411	39,710	-0,131971	22,720000	52,320000
3,415768	9,715325	39,810	-0,132027	22,720000	52,320000
3,417730	10,446520	39,911	-0,131736	22,720000	52,320000
3,419746	12,458533	40,011	-0,130936	22,720000	52,320000
3,421730	14,046060	40,111	-0,130304	22,720000	52,320000
3,423710	14,112310	40,212	-0,130277	22,720000	52,320000
3,425781	15,625000	40,313	-0,129675	22,720000	52,320000
3,427741	17,054265	40,413	-0,129106	22,720000	52,320000
3,429803	17,402687	40,513	-0,128968	22,720000	52,320000
3,431671	18,857716	40,613	-0,128389	22,720000	52,320000
3,433742	18,492119	40,713	-0,128534	22,720000	52,320000
3,435740	19,604860	40,813	-0,128091	22,720000	52,320000
3,437741	20,685704	40,913	-0,127661	22,720000	52,320000
3,439768	21,724835	41,014	-0,127248	22,720000	52,320000
3,441705	22,613065	41,114	-0,126894	22,720000	52,320000
3,443763	23,902471	41,214	-0,126381	22,720000	52,320000
3,445789	24,317142	41,314	-0,126216	22,720000	52,320000
3,447715	25,730459	41,414	-0,125653	22,720000	52,320000
3,449820	26,761002	41,514	-0,125243	22,720000	52,320000
3,451740	26,818664	41,615	-0,125220	22,720000	52,320000
3,453717	28,663827	41,715	-0,124486	22,720000	52,320000
3,455746	29,370485	41,817	-0,124205	22,720000	52,320000
3,457830	30,001080	41,917	-0,123954	22,720000	52,320000
3,459757	31,032850	42,017	-0,123543	22,710000	52,295000
3,461811	31,995917	42,118	-0,123160	22,710000	52,295000
3,463744	32,029042	42,218	-0,123146	22,710000	52,295000
3,465791	32,603202	42,318	-0,122918	22,710000	52,295000
3,467754	31,962792	42,418	-0,123173	22,710000	52,295000
3,469735	32,138230	42,518	-0,123103	22,710000	52,295000
3,471737	32,162767	42,618	-0,123093	22,710000	52,295000
3,473802	33,250972	42,718	-0,122660	22,710000	52,295000
3,475760	33,508607	42,818	-0,122558	22,710000	52,295000
3,477733	33,733119	42,918	-0,122468	22,710000	52,295000
3,479763	34,272927	43,018	-0,122253	22,710000	52,295000
3,481754	34,373528	43,118	-0,122213	22,710000	52,295000
3,483727	35,170972	43,219	-0,121896	22,710000	52,295000
3,485753	35,985592	43,319	-0,121572	22,710000	52,295000
3,487734	37,797631	43,419	-0,120851	22,710000	52,295000
3,489742	37,465158	43,519	-0,120983	22,710000	52,295000
3,491730	38,071215	43,620	-0,120742	22,710000	52,295000
3,493707	39,026922	43,721	-0,120361	22,710000	52,295000
3,495751	40,041516	43,823	-0,119958	22,710000	52,295000
3,497756	40,706462	43,923	-0,119693	22,710000	52,295000
3,499753	41,587331	44,023	-0,119342	22,730000	52,300000
3,501735	42,433849	44,123	-0,119005	22,730000	52,300000
3,503692	43,796865	44,224	-0,118463	22,730000	52,300000
3,505743	44,628661	44,324	-0,118132	22,730000	52,300000
3,507783	45,817466	44,424	-0,117659	22,730000	52,300000
3,509723	48,434310	44,525	-0,116617	22,730000	52,300000
3,511693	49,499205	44,625	-0,116193	22,730000	52,300000
3,513720	50,470860	44,726	-0,115807	22,730000	52,300000
3,515781	50,977544	44,826	-0,115605	22,730000	52,300000
3,517681	52,598196	44,926	-0,114960	22,730000	52,300000
3,519677	53,762465	45,027	-0,114497	22,730000	52,300000
3,521709	54,310861	45,127	-0,114278	22,730000	52,300000
3,523708	54,958631	45,228	-0,114021	22,730000	52,300000
3,525808	56,396484	45,328	-0,113448	22,730000	52,300000
3,527720	56,230861	45,428	-0,113514	22,730000	52,300000
3,529704	57,625775	45,528	-0,112959	22,730000	52,300000
3,531715	59,645150	45,629	-0,112155	22,730000	52,300000
3,533705	60,219309	45,729	-0,111927	22,730000	52,300000
3,535757	61,100179	45,830	-0,111576	22,730000	52,300000
3,537708	62,513495	45,930	-0,111014	22,730000	52,300000
3,539755	63,401725	46,031	-0,110660	22,710000	52,320000
3,541704	64,656780	46,131	-0,110161	22,710000	52,320000
3,543763	65,471400	46,231	-0,109836	22,710000	52,320000
3,545690	66,560832	46,331	-0,109403	22,710000	52,320000
3,547675	68,778953	46,431	-0,108520	22,710000	52,320000
3,549743	70,025420	46,531	-0,108024	22,710000	52,320000
3,551692	69,734660	46,631	-0,108140	22,710000	52,320000
3,553725	72,053382	46,731	-0,107217	22,710000	52,320000
3,555716	71,954008	46,831	-0,107256	22,710000	52,320000
3,557719	72,942839	46,931	-0,106863	22,710000	52,320000
3,559747	74,288680	47,032	-0,106327	22,710000	52,320000
3,561741	75,153600	47,133	-0,105983	22,710000	52,320000
3,563739	76,574278	47,233	-0,105417	22,710000	52,320000
3,565711	77,853869	47,334	-0,104908	22,710000	52,320000
3,567702	79,018138	47,434	-0,104445	22,710000	52,320000
3,569707	80,040093	47,534	-0,104038	22,710000	52,320000
3,571713	81,211723	47,635	-0,103572	22,710000	52,320000
3,573701	83,281397	47,735	-0,102748	22,710000	52,320000
3,575763	83,272809	47,836	-0,102751	22,710000	52,320000
3,577744	83,920579	47,936	-0,102494	22,710000	52,320000
3,579738	85,624656	48,036	-0,101815	22,710000	52,320000
3,581733	86,456452	48,136	-0,101484	22,710000	52,320000
3,583684	87,760580	48,236	-0,100965	22,710000	52,320000
3,585776	88,848785	48,336	-0,100532	22,710000	52,320000
3,587702	90,220389	48,436	-0,099986	22,710000	52,320000
3,589723	91,167507	48,536	-0,099609	22,710000	52,320000
3,591724	92,290064	48,636	-0,099163	22,710000	52,320000
3,593745	94,915495	48,736	-0,098118	22,710000	52,320000
3,595747	95,804952	48,836	-0,097764	22,710000	52,320000
3,597756	95,846665	48,936	-0,097747	22,710000	52,320000
3,599682	97,883215	49,036	-0,096937	22,710000	52,320000
3,601741	99,270768	49,136	-0,096384	22,710000	52,320000
3,603695	100,517235	49,236	-0,095888	22,710000	52,320000
3,605690	100,035088	49,336	-0,096080	22,710000	52,320000
3,607671	102,653158	49,436	-0,095038	22,710000	52,320000
3,609781	103,924162	49,536	-0,094532	22,710000	52,320000
3,611637	105,121555	49,636	-0,094056	22,710000	52,320000
3,613659	104,689708	49,736	-0,094228	22,710000	52,320000
3,615690	105,885875	49,836	-0,093751	22,710000	52,320000
3,617706	107,032968	49,936	-0,093295	22,710000	52,320000
3,619670	108,213185	50,036	-0,092825	22,720000	52,320000
3,621715	108,777530	50,137	-0,092601	22,720000	52,320000
3,623715	110,614106	50,237	-0,091870	22,720000	52,320000
3,625729	111,653237	50,337	-0,091456	22,720000	52,320000
3,625709	112,700956	50,437	-0,091039	22,720000	52,320000
3,625710	112,310822	50,537	-0,091194	22,720000	52,320000
3,625666	112,119435	50,637	-0,091271	22,720000	52,320000
3,625681	112,018834	50,737	-0,091311	22,720000	52,320000
3,625701	111,969761	50,838	-0,091330	22,720000	52,320000
3,625682	111,719486	50,938	-0,091430	22,720000	52,320000
3,625687	111,753838	51,038	-0,091416	22,720000	52,320000
3,625665	111,586988	51,138	-0,091482	22,720000	52,320000
3,625691	111,271690	51,238	-0,091608	22,720000	52,320000
3,625657	111,379652	51,338	-0,091565	22,720000	52,320000
3,625684	111,404189	51,438	-0,091555	22,720000	52,320000
3,625764	111,512151	51,539	-0,091512	22,720000	52,320000
3,625665	111,229978	51,639	-0,091625	22,720000	52,320000
3,625693	111,188266	51,739	-0,091641	22,720000	52,320000
3,625733	110,756419	51,839	-0,091813	22,720000	52,320000
3,625731	110,880329	51,939	-0,091764	22,720000	52,320000
3,625695	110,871742	52,039	-0,091767	22,730000	52,315000
3,625732	110,747831	52,139	-0,091816	22,730000	52,315000
3,625677	110,556444	52,239	-0,091893	22,730000	52,315000
3,625702	110,772368	52,339	-0,091807	22,730000	52,315000
3,625660	110,664406	52,439	-0,091850	22,730000	52,315000
3,625673	110,573620	52,539	-0,091886	22,730000	52,315000
3,625640	110,498783	52,640	-0,091916	22,730000	52,315000
3,625675	110,439895	52,741	-0,091939	22,730000	52,315000
3,625742	110,074297	52,841	-0,092084	22,730000	52,315000
3,625683	110,199435	52,942	-0,092035	22,730000	52,315000
3,625684	110,041173	53,042	-0,092098	22,730000	52,315000
3,625671	110,257096	53,142	-0,092012	22,730000	52,315000
3,625723	110,140546	53,242	-0,092058	22,730000	52,315000
3,625727	109,990872	53,343	-0,092118	22,730000	52,315000
3,625721	109,933211	53,443	-0,092141	22,730000	52,315000
3,625682	110,107422	53,545	-0,092071	22,730000	52,315000
3,625737	109,684163	53,645	-0,092240	22,730000	52,315000
3,625699	109,451064	53,745	-0,092333	22,730000	52,315000
3,625723	109,866962	53,845	-0,092167	22,730000	52,315000
3,625652	109,990872	53,946	-0,092118	22,730000	52,315000
3,625715	109,759000	54,046	-0,092210	22,730000	52,325000
3,625613	109,741824	54,146	-0,092217	22,730000	52,325000
3,625720	109,442476	54,246	-0,092336	22,730000	52,325000
3,625720	109,750412	54,346	-0,092213	22,730000	52,325000
3,625720	109,318565	54,447	-0,092385	22,730000	52,325000
3,625759	109,509952	54,547	-0,092309	22,730000	52,325000
3,625748	109,259677	54,647	-0,092409	22,730000	52,325000
3,625736	109,525901	54,747	-0,092303	22,730000	52,325000
3,625743	109,085466	54,847	-0,092478	22,730000	52,325000
3,625710	109,534489	54,947	-0,092299	22,730000	52,325000
3,625699	109,094054	55,047	-0,092475	22,730000	52,325000
3,625748	109,186067	55,147	-0,092438	22,730000	52,325000
3,625737	109,459652	55,247	-0,092329	22,730000	52,325000
3,625658	109,118591	55,347	-0,092465	22,730000	52,325000
3,625730	109,102642	55,447	-0,092471	22,730000	52,325000
3,625759	109,309978	55,548	-0,092389	22,730000	52,325000
3,625679	109,102642	55,649	-0,092471	22,730000	52,325000
3,625683	109,417939	55,749	-0,092346	22,730000	52,325000
3,625700	109,010629	55,849	-0,092508	22,730000	52,325000
3,625709	108,993454	55,950	-0,092515	22,730000	52,325000
3,625721	108,869543	56,051	-0,092564	22,730000	52,325000
3,625697	108,902668	56,151	-0,092551	22,730000	52,325000
3,625711	108,894080	56,252	-0,092554	22,730000	52,325000
3,625679	108,986093	56,352	-0,092518	22,730000	52,325000
3,625682	108,578783	56,452	-0,092680	22,730000	52,325000
3,625760	109,127179	56,553	-0,092461	22,730000	52,325000
3,625695	108,578783	56,653	-0,092680	22,730000	52,325000
3,625650	108,521121	56,753	-0,092703	22,730000	52,325000
3,625669	108,553019	56,853	-0,092690	22,730000	52,325000
3,625742	108,662208	56,953	-0,092646	22,730000	52,325000
3,625670	108,819243	57,053	-0,092584	22,730000	52,325000
3,625691	108,354271	57,154	-0,092769	22,730000	52,325000
3,625719	108,486770	57,255	-0,092716	22,730000	52,325000
3,625689	108,611907	57,355	-0,092667	22,730000	52,325000
3,625683	108,545658	57,455	-0,092693	22,730000	52,325000
3,625708	108,188648	57,555	-0,092835	22,730000	52,325000
3,625783	108,462233	57,655	-0,092726	22,730000	52,325000
3,625668	108,495358	57,756	-0,092713	22,730000	52,325000
3,625702	108,479409	57,856	-0,092719	22,730000	52,325000
3,625679	108,312559	57,956	-0,092786	22,720000	52,295000
3,625637	108,354271	58,056	-0,092769	22,720000	52,295000
3,625709	108,129760	58,156	-0,092858	22,720000	52,295000
3,625725	108,246310	58,257	-0,092812	22,720000	52,295000
3,625642	107,980086	58,357	-0,092918	22,720000	52,295000
3,625708	108,263485	58,457	-0,092805	22,720000	52,295000
3,625729	108,512533	58,557	-0,092706	22,720000	52,295000
3,625695	108,321147	58,657	-0,092782	22,720000	52,295000
3,625723	108,437696	58,757	-0,092736	22,720000	52,295000
3,625698	108,072099	58,857	-0,092881	22,720000	52,295000
3,625664	108,138348	58,958	-0,092855	22,720000	52,295000
3,625708	108,180060	59,059	-0,092838	22,720000	52,295000
3,625711	108,221773	59,159	-0,092822	22,720000	52,295000
3,625716	107,997262	59,260	-0,092911	22,720000	52,295000
3,625692	108,046335	59,360	-0,092892	22,720000	52,295000
3,625660	108,038974	59,461	-0,092895	22,720000	52,295000
3,625706	107,929786	59,562	-0,092938	22,720000	52,295000
3,625643	107,623076	59,662	-0,093060	22,720000	52,295000
3,625671	107,889300	59,762	-0,092954	22,720000	52,295000
3,625712	108,096636	59,863	-0,092872	22,720000	52,295000
3,625683	108,080687	59,964	-0,092878	22,730000	52,315000
3,625691	107,713862	60,064	-0,093024	22,730000	52,315000
3,625641	107,814463	60,165	-0,092984	22,730000	52,315000
3,625670	107,830412	60,265	-0,092978	22,730000	52,315000
3,625670	107,572776	60,365	-0,093080	22,730000	52,315000
3,623649	107,398565	60,465	-0,093149	22,730000	52,315000
3,621684	106,608482	60,566	-0,093464	22,730000	52,315000
3,619706	104,714245	60,667	-0,094218	22,730000	52,315000
3,617655	103,783076	60,768	-0,094588	22,730000	52,315000
3,615700	102,329273	60,868	-0,095167	22,730000	52,315000
3,613712	101,007970	60,969	-0,095693	22,730000	52,315000
3,611721	99,735739	61,069	-0,096199	22,730000	52,315000
3,609707	98,339598	61,169	-0,096755	22,730000	52,315000
3,607735	96,934870	61,270	-0,097314	22,730000	52,315000
3,605701	94,234601	61,370	-0,098389	22,730000	52,315000
3,603678	92,955009	61,470	-0,098898	22,730000	52,315000
3,601706	91,649655	61,570	-0,099417	22,730000	52,315000
3,599737	90,469437	61,671	-0,099887	22,730000	52,315000
3,597756	90,087891	61,771	-0,100039	22,730000	52,315000
3,595707	89,073296	61,871	-0,100443	22,730000	52,315000
3,593694	87,852593	61,972	-0,100929	22,730000	52,340000
3,591720	86,622075	62,072	-0,101418	22,730000	52,340000
3,589727	85,100797	62,172	-0,102024	22,730000	52,340000
3,587670	83,680119	62,272	-0,102589	22,730000	52,340000
3,585726	82,733001	62,372	-0,102966	22,730000	52,340000
3,583697	81,469359	62,472	-0,103469	22,730000	52,340000
3,581717	79,890419	62,572	-0,104098	22,730000	52,340000
3,579760	78,967837	62,672	-0,104465	22,730000	52,340000
3,577704	77,587645	62,773	-0,105014	22,730000	52,340000
3,575697	74,770827	62,873	-0,106135	22,730000	52,340000
3,573734	73,607785	62,974	-0,106598	22,730000	52,340000
3,571668	72,119631	63,074	-0,107190	22,730000	52,340000
3,569675	70,831452	63,174	-0,107703	22,730000	52,340000
3,567709	69,659823	63,274	-0,108169	22,730000	52,340000
3,565771	68,437893	63,375	-0,108656	22,730000	52,340000
3,563713	67,083464	63,475	-0,109195	22,730000	52,340000
3,561758	65,711860	63,575	-0,109741	22,730000	52,340000
3,559713	64,465393	63,676	-0,110237	22,730000	52,340000
3,557729	64,789278	63,776	-0,110108	22,730000	52,340000
3,555698	63,544039	63,876	-0,110604	22,730000	52,340000
3,553657	61,681700	63,977	-0,111345	22,720000	52,350000
3,551758	60,285559	64,079	-0,111900	22,720000	52,350000
3,549732	59,878249	64,179	-0,112062	22,720000	52,350000
3,547667	58,208523	64,280	-0,112727	22,720000	52,350000
3,545636	55,889801	64,380	-0,113650	22,720000	52,350000
3,543662	55,714363	64,481	-0,113720	22,720000	52,350000
3,541664	54,626158	64,581	-0,114153	22,720000	52,350000
3,539763	53,388279	64,681	-0,114646	22,720000	52,350000
3,537707	52,166349	64,782	-0,115132	22,720000	52,350000
3,535656	49,880751	64,882	-0,116042	22,720000	52,350000
3,533676	50,162924	64,982	-0,115929	22,720000	52,350000
3,531728	48,169313	65,082	-0,116723	22,720000	52,350000
3,529716	47,287217	65,182	-0,117074	22,720000	52,350000
3,527740	45,102220	65,282	-0,117943	22,720000	52,350000
3,525763	44,520699	65,382	-0,118175	22,720000	52,350000
3,523724	43,432495	65,482	-0,118608	22,720000	52,350000
3,521720	42,176213	65,582	-0,119108	22,720000	52,350000
3,519695	39,982628	65,682	-0,119981	22,720000	52,350000
3,517759	40,066053	65,782	-0,119948	22,720000	52,350000
3,515721	37,564532	65,882	-0,120943	22,720000	52,350000
3,513736	37,430806	65,982	-0,120997	22,730000	52,325000
3,511700	36,558525	66,083	-0,121344	22,730000	52,325000
3,509720	35,120672	66,183	-0,121916	22,730000	52,325000
3,507734	33,508607	66,283	-0,122558	22,730000	52,325000
3,505742	32,686626	66,383	-0,122885	22,730000	52,325000
3,503700	30,143393	66,483	-0,123897	22,730000	52,325000
3,501686	30,634128	66,584	-0,123702	22,730000	52,325000
3,499740	29,395022	66,685	-0,124195	22,730000	52,325000
3,497762	28,115431	66,785	-0,124704	22,730000	52,325000
3,495726	25,347686	66,885	-0,125806	22,730000	52,325000
3,493758	25,647034	66,985	-0,125687	22,730000	52,325000
3,491763	23,145513	67,085	-0,126682	22,730000	52,325000
3,489664	23,211762	67,185	-0,126656	22,730000	52,325000
3,487712	21,832797	67,285	-0,127205	22,730000	52,325000
3,485716	20,585103	67,386	-0,127701	22,730000	52,325000
3,483783	19,239263	67,486	-0,128237	22,730000	52,325000
3,481732	18,483531	67,587	-0,128538	22,730000	52,325000
3,479654	17,277550	67,688	-0,129018	22,730000	52,325000
3,477733	15,973422	67,788	-0,129537	22,730000	52,325000
3,475658	14,843505	67,889	-0,129986	22,730000	52,325000
3,473737	13,563913	67,989	-0,130496	22,710000	52,310000
3,471721	10,886954	68,089	-0,131561	22,710000	52,310000
3,469789	9,882175	68,189	-0,131961	22,710000	52,310000
3,467718	8,677420	68,289	-0,132440	22,710000	52,310000
3,465732	7,480027	68,390	-0,132917	22,710000	52,310000
3,463702	6,258097	68,490	-0,133403	22,710000	52,310000
3,461754	5,136768	68,591	-0,133850	22,710000	52,310000
3,459751	3,848589	68,691	-0,134362	22,710000	52,310000
3,457698	3,075681	68,791	-0,134670	22,710000	52,310000
3,455710	1,728614	68,891	-0,135206	22,710000	52,310000
3,453721	0,948345	68,991	-0,135517	22,710000	52,310000
3,451705	-0,689483	69,092	-0,136168	22,710000	52,310000
3,449714	-1,744563	69,192	-0,136588	22,710000	52,310000
3,447755	-1,786275	69,293	-0,136605	22,710000	52,310000
3,445776	-2,858531	69,394	-0,137032	22,710000	52,310000
3,443724	-4,179835	69,494	-0,137558	22,710000	52,310000
3,441789	-5,376001	69,594	-0,138034	22,710000	52,310000
3,439685	-7,478800	69,694	-0,138871	22,710000	52,310000
3,437714	-9,233178	69,795	-0,139569	22,710000	52,310000
3,435732	-9,224590	69,895	-0,139565	22,710000	52,310000
3,433744	-11,451299	69,995	-0,140452	22,730000	52,325000
3,431712	-11,651274	70,095	-0,140531	22,730000	52,325000
3,429782	-13,803147	70,196	-0,141388	22,730000	52,325000
3,427747	-14,327006	70,296	-0,141596	22,730000	52,325000
3,425776	-15,249588	70,396	-0,141963	22,730000	52,325000
3,423736	-16,478879	70,497	-0,142453	22,730000	52,325000
3,421774	-17,584259	70,597	-0,142893	22,730000	52,325000
3,419725	-17,992796	70,697	-0,143055	22,730000	52,325000
3,417707	-20,028119	70,797	-0,143865	22,730000	52,325000
3,415720	-20,893039	70,897	-0,144209	22,730000	52,325000
3,413710	-22,188580	70,997	-0,144725	22,730000	52,325000
3,411743	-23,619072	71,097	-0,145294	22,730000	52,325000
3,409736	-24,698689	71,197	-0,145724	22,730000	52,325000
3,407723	-25,429884	71,298	-0,146015	22,730000	52,325000
3,405745	-26,610101	71,398	-0,146485	22,730000	52,325000
3,403735	-27,731431	71,498	-0,146931	22,730000	52,325000
3,401737	-28,429501	71,598	-0,147209	22,730000	52,325000
3,399810	-30,051380	71,698	-0,147854	22,730000	52,325000
3,397766	-31,181297	71,798	-0,148304	22,730000	52,325000
3,395720	-32,086703	71,898	-0,148665	22,730000	52,325000
3,393766	-33,324582	71,998	-0,149157	22,720000	52,285000
3,391773	-34,654474	72,098	-0,149687	22,720000	52,285000
3,389724	-35,178333	72,199	-0,149895	22,720000	52,285000
3,387750	-37,862653	72,299	-0,150963	22,720000	52,285000
3,385774	-37,763279	72,400	-0,150924	22,720000	52,285000
3,383751	-40,148251	72,501	-0,151873	22,720000	52,285000
3,381749	-40,097951	72,602	-0,151853	22,720000	52,285000
3,379734	-40,970232	72,703	-0,152200	22,720000	52,285000
3,377775	-42,026539	72,804	-0,152621	22,720000	52,285000
3,375705	-43,563766	72,904	-0,153232	22,720000	52,285000
3,373762	-44,386974	73,004	-0,153560	22,720000	52,285000
3,371751	-46,265262	73,105	-0,154308	22,720000	52,285000
3,369748	-46,679933	73,205	-0,154473	22,720000	52,285000
3,367747	-49,190042	73,305	-0,155472	22,720000	52,285000
3,365710	-50,304010	73,405	-0,155915	22,720000	52,285000
3,363742	-51,341915	73,506	-0,156328	22,720000	52,285000
3,361735	-52,381046	73,606	-0,156742	22,720000	52,285000
3,359728	-52,015448	73,707	-0,156596	22,720000	52,285000
3,357732	-54,426184	73,807	-0,157556	22,720000	52,285000
3,355758	-55,572050	73,908	-0,158012	22,720000	52,285000
3,353753	-56,170746	74,008	-0,158250	22,730000	52,290000
3,351820	-56,569468	74,109	-0,158409	22,730000	52,290000
3,349772	-58,731156	74,210	-0,159269	22,730000	52,290000
3,347782	-58,929903	74,310	-0,159348	22,730000	52,290000
3,345749	-59,969035	74,410	-0,159762	22,730000	52,290000
3,343789	-60,724766	74,511	-0,160062	22,730000	52,290000
3,341794	-63,142863	74,611	-0,161025	22,730000	52,290000
3,339735	-63,575936	74,712	-0,161197	22,730000	52,290000
3,337715	-64,157457	74,812	-0,161429	22,730000	52,290000
3,335682	-65,055502	74,912	-0,161786	22,730000	52,290000
3,333770	-67,365637	75,012	-0,162706	22,730000	52,290000
3,331817	-68,180257	75,112	-0,163030	22,730000	52,290000
3,329768	-68,180257	75,213	-0,163030	22,730000	52,290000
3,327710	-70,681778	75,313	-0,164025	22,730000	52,290000
3,325728	-70,948002	75,413	-0,164131	22,730000	52,290000
3,323777	-71,487810	75,513	-0,164346	22,730000	52,290000
3,321704	-73,507184	75,613	-0,165150	22,730000	52,290000
3,319736	-75,044412	75,713	-0,165762	22,730000	52,290000
3,317791	-74,945038	75,813	-0,165722	22,730000	52,290000
3,315760	-76,365715	75,913	-0,166288	22,730000	52,290000
3,313786	-77,130035	76,013	-0,166592	22,720000	52,310000
3,311793	-78,883185	76,114	-0,167290	22,720000	52,310000
3,309743	-78,518815	76,214	-0,167145	22,720000	52,310000
3,307738	-80,030278	76,314	-0,167746	22,720000	52,310000
3,305708	-81,152834	76,414	-0,168193	22,720000	52,310000
3,303766	-81,668106	76,514	-0,168398	22,720000	52,310000
3,301781	-82,515851	76,614	-0,168735	22,720000	52,310000
3,299724	-83,553755	76,714	-0,169148	22,720000	52,310000
3,297813	-84,733973	76,815	-0,169618	22,720000	52,310000
3,295747	-86,803647	76,915	-0,170442	22,720000	52,310000
3,293797	-87,028158	77,015	-0,170531	22,720000	52,310000
3,291793	-87,560606	77,115	-0,170743	22,720000	52,310000
3,289747	-88,083238	77,215	-0,170951	22,720000	52,310000
3,287783	-89,256095	77,316	-0,171418	22,720000	52,310000
3,285802	-90,078076	77,417	-0,171745	22,720000	52,310000
3,283784	-90,950357	77,517	-0,172092	22,720000	52,310000
3,281795	-91,698728	77,617	-0,172390	22,720000	52,310000
3,279810	-92,513348	77,718	-0,172714	22,720000	52,310000
3,277776	-94,532722	77,818	-0,173518	22,720000	52,310000
3,275767	-95,580441	77,918	-0,173935	22,720000	52,310000
3,273826	-96,393834	78,019	-0,174259	22,720000	52,310000
3,271776	-96,842857	78,119	-0,174437	22,720000	52,310000
3,269741	-96,685822	78,219	-0,174375	22,720000	52,310000
3,267749	-97,358129	78,320	-0,174643	22,720000	52,310000
3,265752	-98,397260	78,420	-0,175056	22,720000	52,310000
3,263800	-99,377503	78,520	-0,175446	22,720000	52,310000
3,261790	-99,751688	78,620	-0,175595	22,720000	52,310000
3,259770	-100,615382	78,720	-0,175939	22,720000	52,310000
3,257811	-101,255791	78,821	-0,176194	22,720000	52,310000
3,255843	-102,794245	78,922	-0,176806	22,720000	52,310000
3,253733	-102,926743	79,023	-0,176859	22,720000	52,310000
3,251782	-103,740136	79,123	-0,177183	22,720000	52,310000
3,249768	-103,857913	79,223	-0,177229	22,720000	52,310000
3,247746	-104,422258	79,323	-0,177454	22,720000	52,310000
3,245787	-105,959485	79,423	-0,178066	22,720000	52,310000
3,243789	-106,392558	79,523	-0,178238	22,720000	52,310000
3,241763	-106,965492	79,623	-0,178466	22,720000	52,310000
3,239753	-106,076034	79,723	-0,178112	22,720000	52,310000
3,237810	-106,965492	79,823	-0,178466	22,720000	52,310000
3,235815	-107,430463	79,923	-0,178651	22,720000	52,310000
3,233747	-108,211958	80,024	-0,178962	22,720000	52,310000
3,231739	-109,284214	80,124	-0,179389	22,720000	52,310000
3,229748	-110,455844	80,224	-0,179855	22,720000	52,310000
3,227787	-111,453262	80,324	-0,180252	22,720000	52,310000
3,225770	-111,951358	80,424	-0,180451	22,720000	52,310000
3,223773	-111,104841	80,524	-0,180114	22,720000	52,310000
3,221853	-113,148752	80,624	-0,180927	22,720000	52,310000
3,219792	-112,433505	80,724	-0,180643	22,720000	52,310000
3,217801	-113,580598	80,824	-0,181099	22,720000	52,310000
3,215759	-114,328969	80,925	-0,181397	22,720000	52,310000
3,213803	-115,401225	81,025	-0,181824	22,720000	52,310000
3,211840	-116,647692	81,125	-0,182320	22,720000	52,310000
3,209827	-117,037826	81,226	-0,182475	22,720000	52,310000
3,207781	-119,257175	81,326	-0,183358	22,720000	52,310000
3,205781	-119,132037	81,427	-0,183309	22,720000	52,310000
3,203817	-120,054619	81,527	-0,183676	22,720000	52,310000
3,201773	-121,708395	81,627	-0,184334	22,720000	52,310000
3,199856	-122,206491	81,727	-0,184532	22,720000	52,310000
3,197773	-122,864076	81,827	-0,184794	22,720000	52,310000
3,195829	-123,678696	81,928	-0,185118	22,720000	52,310000
3,193742	-124,484728	82,029	-0,185439	22,720000	52,310000
3,191805	-125,282173	82,130	-0,185756	22,720000	52,310000
3,189764	-126,537227	82,230	-0,186256	22,720000	52,310000
3,187792	-127,966493	82,330	-0,186825	22,720000	52,310000
3,185806	-128,497713	82,430	-0,187036	22,720000	52,310000
3,183852	-130,043528	82,530	-0,187651	22,720000	52,310000
3,181776	-130,600512	82,630	-0,187873	22,720000	52,310000
3,179661	-131,166084	82,731	-0,188098	22,720000	52,310000
3,177823	-132,337714	82,831	-0,188564	22,720000	52,310000
3,175806	-133,717906	82,931	-0,189114	22,720000	52,310000
3,173789	-134,623312	83,031	-0,189474	22,720000	52,310000
3,171798	-135,561842	83,131	-0,189848	22,720000	52,310000
3,169829	-136,800948	83,231	-0,190341	22,720000	52,310000
3,167796	-137,473255	83,331	-0,190608	22,720000	52,310000
3,165815	-138,646111	83,431	-0,191075	22,720000	52,310000
3,163841	-139,309830	83,531	-0,191339	22,720000	52,310000
3,161755	-140,556297	83,633	-0,191835	22,720000	52,310000
3,159834	-142,576898	83,734	-0,192640	22,720000	52,310000
3,157815	-142,286138	83,834	-0,192524	22,720000	52,310000
3,155778	-143,116707	83,934	-0,192854	22,720000	52,310000
3,153763	-144,255212	84,034	-0,193308	22,730000	52,325000
3,151767	-145,377768	84,134	-0,193754	22,730000	52,325000
3,149777	-145,842739	84,235	-0,193939	22,730000	52,325000
3,147823	-146,930944	84,336	-0,194373	22,730000	52,325000
3,145776	-147,994612	84,436	-0,194796	22,730000	52,325000
3,143735	-150,114587	84,536	-0,195640	22,730000	52,325000
3,141761	-151,319341	84,636	-0,196119	22,730000	52,325000
3,139800	-152,367060	84,736	-0,196536	22,730000	52,325000
3,137842	-151,759775	84,836	-0,196294	22,730000	52,325000
3,135786	-152,948581	84,936	-0,196768	22,730000	52,325000
3,133821	-153,704313	85,036	-0,197068	22,730000	52,325000
3,131794	-154,909067	85,137	-0,197548	22,730000	52,325000
3,129788	-155,681974	85,237	-0,197855	22,730000	52,325000
3,127791	-156,853604	85,338	-0,198322	22,730000	52,325000
3,125837	-157,676812	85,439	-0,198649	22,730000	52,325000
3,123759	-158,682818	85,539	-0,199050	22,730000	52,325000
3,121808	-161,134039	85,639	-0,200025	22,730000	52,325000
3,119820	-161,334014	85,739	-0,200105	22,730000	52,325000
3,117826	-162,770640	85,839	-0,200677	22,730000	52,325000
3,115802	-163,693222	85,939	-0,201044	22,730000	52,325000
3,113793	-164,699229	86,039	-0,201444	22,720000	52,295000
3,111833	-164,948277	86,139	-0,201543	22,720000	52,295000
3,109790	-165,588686	86,239	-0,201798	22,720000	52,295000
3,107727	-166,262219	86,339	-0,202066	22,720000	52,295000
3,105782	-167,275587	86,440	-0,202470	22,720000	52,295000
3,103837	-168,255830	86,540	-0,202860	22,720000	52,295000
3,101774	-169,328086	86,640	-0,203287	22,720000	52,295000
3,099792	-170,234719	86,740	-0,203647	22,720000	52,295000
3,097814	-172,536265	86,841	-0,204563	22,720000	52,295000
3,095822	-172,577978	86,941	-0,204580	22,720000	52,295000
3,093814	-174,015831	87,041	-0,205152	22,720000	52,295000
3,091821	-175,262298	87,141	-0,205648	22,720000	52,295000
3,089760	-176,026617	87,241	-0,205953	22,720000	52,295000
3,087729	-176,059742	87,341	-0,205966	22,720000	52,295000
3,085802	-177,189659	87,441	-0,206416	22,720000	52,295000
3,083755	-178,528139	87,541	-0,206948	22,720000	52,295000
3,081792	-179,134196	87,641	-0,207189	22,720000	52,295000
3,079855	-179,691181	87,742	-0,207411	22,720000	52,295000
3,077808	-181,769443	87,842	-0,208238	22,720000	52,295000
3,075818	-181,927705	87,944	-0,208301	22,720000	52,295000
3,073824	-183,323846	88,044	-0,208857	22,730000	52,290000
3,071825	-183,738517	88,145	-0,209022	22,730000	52,290000
3,069805	-184,927322	88,245	-0,209495	22,730000	52,290000
3,067835	-185,949278	88,345	-0,209902	22,730000	52,290000
3,065796	-186,722185	88,446	-0,210209	22,730000	52,290000
3,063808	-188,018952	88,546	-0,210726	22,730000	52,290000
3,061792	-188,534224	88,647	-0,210931	22,730000	52,290000
3,059814	-189,615068	88,747	-0,211361	22,730000	52,290000
3,057803	-190,254250	88,848	-0,211615	22,730000	52,290000
3,055869	-191,284793	88,948	-0,212025	22,730000	52,290000
3,053769	-191,991451	89,048	-0,212307	22,730000	52,290000
3,051836	-192,647809	89,148	-0,212568	22,730000	52,290000
3,049803	-193,628052	89,249	-0,212958	22,730000	52,290000
3,047852	-194,849982	89,349	-0,213444	22,730000	52,290000
3,045819	-195,356666	89,449	-0,213646	22,730000	52,290000
3,043807	-196,571235	89,549	-0,214129	22,730000	52,290000
3,041838	-197,285254	89,649	-0,214414	22,730000	52,290000
3,039883	-199,354929	89,750	-0,215237	22,730000	52,290000
3,037772	-199,246967	89,850	-0,215194	22,730000	52,290000
3,035830	-200,110661	89,951	-0,215538	22,730000	52,290000
3,033880	-200,933869	90,051	-0,215866	22,720000	52,295000
3,031799	-202,645307	90,151	-0,216547	22,720000	52,295000
3,029831	-202,504220	90,252	-0,216491	22,720000	52,295000
3,027825	-203,609601	90,352	-0,216931	22,720000	52,295000
3,025825	-204,432809	90,452	-0,217258	22,720000	52,295000
3,023871	-205,379927	90,553	-0,217635	22,720000	52,295000
3,021818	-206,177371	90,653	-0,217953	22,720000	52,295000
3,019849	-206,991991	90,753	-0,218277	22,720000	52,295000
3,017868	-209,028541	90,853	-0,219087	22,720000	52,295000
3,015822	-209,834573	90,953	-0,219408	22,720000	52,295000
3,013810	-210,682318	91,054	-0,219746	22,720000	52,295000
3,011883	-211,795059	91,154	-0,220188	22,720000	52,295000
3,009826	-212,477181	91,254	-0,220460	22,720000	52,295000
3,007827	-213,250088	91,354	-0,220768	22,720000	52,295000
3,005773	-212,767941	91,455	-0,220576	22,720000	52,295000
3,003854	-213,116363	91,555	-0,220714	22,720000	52,295000
3,001815	-214,421718	91,655	-0,221234	22,720000	52,295000
2,999801	-216,249706	91,755	-0,221961	22,720000	52,295000
2,997760	-216,831226	91,855	-0,222193	22,720000	52,295000
2,995842	-217,671610	91,956	-0,222527	22,710000	52,320000
2,993804	-218,336556	92,057	-0,222792	22,710000	52,320000
2,991880	-217,571009	92,157	-0,222487	22,710000	52,320000
2,989818	-218,493591	92,257	-0,222854	22,710000	52,320000
2,987804	-218,959789	92,357	-0,223040	22,710000	52,320000
2,985836	-219,590384	92,457	-0,223291	22,710000	52,320000
2,983816	-220,347342	92,557	-0,223592	22,710000	52,320000
2,981750	-220,122831	92,657	-0,223503	22,710000	52,320000
2,979883	-220,754652	92,758	-0,223754	22,710000	52,320000
2,977839	-221,186499	92,858	-0,223926	22,710000	52,320000
2,975800	-221,967994	92,959	-0,224237	22,710000	52,320000
2,973808	-222,084544	93,059	-0,224284	22,710000	52,320000
2,971843	-221,943458	93,159	-0,224228	22,710000	52,320000
2,969825	-221,269924	93,259	-0,223959	22,710000	52,320000
2,967843	-220,247968	93,359	-0,223553	22,710000	52,320000
2,965807	-199,654277	93,459	-0,215356	22,710000	52,320000
2,963852	-172,071294	93,559	-0,204378	22,710000	52,320000
2,961863	-165,780072	93,660	-0,201875	22,710000	52,320000
2,959778	-162,770640	93,760	-0,200677	22,710000	52,320000
2,957810	-160,486269	93,861	-0,199768	22,710000	52,320000
2,955797	-158,731892	93,961	-0,199069	22,730000	52,315000
2,953837	-157,851023	94,062	-0,198719	22,730000	52,315000
2,951814	-157,668224	94,162	-0,198646	22,730000	52,315000
2,949835	-157,328390	94,262	-0,198511	22,730000	52,315000
2,947823	-156,813118	94,362	-0,198306	22,730000	52,315000
2,945868	-156,595968	94,462	-0,198219	22,730000	52,315000
2,943845	-156,687981	94,562	-0,198256	22,730000	52,315000
2,941802	-156,903904	94,662	-0,198342	22,730000	52,315000
2,939829	-156,813118	94,762	-0,198306	22,730000	52,315000
2,937854	-157,137003	94,862	-0,198435	22,730000	52,315000
2,935848	-156,912492	94,963	-0,198345	22,730000	52,315000
2,933818	-157,685400	95,063	-0,198653	22,730000	52,315000
2,931801	-157,610563	95,163	-0,198623	22,730000	52,315000
2,929808	-158,250972	95,263	-0,198878	22,730000	52,315000
2,927851	-158,275508	95,364	-0,198888	22,730000	52,315000
2,925800	-158,616569	95,465	-0,199023	22,730000	52,315000
2,923825	-158,947815	95,566	-0,199155	22,730000	52,315000
2,921832	-159,006703	95,667	-0,199179	22,730000	52,315000
2,919774	-159,970998	95,767	-0,199563	22,730000	52,315000
2,917822	-159,970998	95,867	-0,199563	22,730000	52,315000
2,915815	-160,453145	95,968	-0,199754	22,730000	52,315000
2,913845	-160,959828	96,069	-0,199956	22,730000	52,315000
2,911859	-161,059202	96,169	-0,199996	22,730000	52,315000
2,909840	-161,242001	96,269	-0,200068	22,730000	52,315000
2,907851	-162,563305	96,369	-0,200594	22,730000	52,315000
2,905787	-162,829529	96,469	-0,200700	22,730000	52,315000
2,903810	-162,937490	96,569	-0,200743	22,730000	52,315000
2,901796	-163,111701	96,669	-0,200813	22,730000	52,315000
2,899788	-162,970615	96,769	-0,200756	22,730000	52,315000
2,897863	-163,186538	96,869	-0,200842	22,730000	52,315000
2,895874	-162,281132	96,969	-0,200482	22,730000	52,315000
2,893841	-162,330206	97,069	-0,200501	22,730000	52,315000
2,891817	-162,688442	97,169	-0,200644	22,730000	52,315000
2,889806	-163,677273	97,270	-0,201038	22,730000	52,315000
2,887843	-163,468711	97,370	-0,200955	22,730000	52,315000
2,885800	-163,461350	97,470	-0,200952	22,730000	52,315000
2,883796	-163,743522	97,571	-0,201064	22,730000	52,315000
2,881898	-164,648928	97,671	-0,201424	22,730000	52,315000
2,879802	-163,851484	97,771	-0,201107	22,730000	52,315000
2,877841	-163,651510	97,871	-0,201027	22,730000	52,315000
2,875749	-163,884609	97,972	-0,201120	22,730000	52,300000
2,873834	-164,217082	98,072	-0,201252	22,730000	52,300000
2,871819	-164,441593	98,172	-0,201342	22,730000	52,300000
2,869854	-164,417056	98,272	-0,201332	22,730000	52,300000
2,867831	-164,093171	98,372	-0,201203	22,730000	52,300000
2,865853	-163,959446	98,473	-0,201150	22,730000	52,300000
2,863869	-163,860072	98,573	-0,201110	22,730000	52,300000
2,861844	-162,812353	98,673	-0,200693	22,730000	52,300000
2,859805	-162,505643	98,774	-0,200571	22,730000	52,300000
2,857825	-161,549937	98,874	-0,200191	22,730000	52,300000
2,855811	-161,840698	98,974	-0,200307	22,730000	52,300000
2,853881	-161,325426	99,074	-0,200102	22,730000	52,300000
2,851845	-160,161157	99,174	-0,199638	22,730000	52,300000
2,849795	-159,870397	99,274	-0,199522	22,730000	52,300000
2,847833	-158,632518	99,374	-0,199030	22,730000	52,300000
2,845798	-156,712518	99,474	-0,198266	22,730000	52,300000
2,843810	-155,499176	99,574	-0,197783	22,730000	52,300000
2,841862	-153,746025	99,674	-0,197085	22,730000	52,300000
2,839852	-152,133961	99,775	-0,196443	22,730000	52,300000
2,837783	-149,606676	99,876	-0,195438	22,730000	52,300000
2,835854	-146,565346	99,976	-0,194227	22,720000	52,350000
2,833797	-140,440974	100,077	-0,191790	22,720000	52,350000
2,831805	-133,866353	100,177	-0,189173	22,720000	52,350000
2,829848	-122,181955	100,277	-0,184522	22,720000	52,350000
2,827900	-0,572933	100,378	-0,136122	22,720000	52,350000
2,825889	-0,590109	100,478	-0,136129	22,720000	52,350000
2,823829	-0,548396	100,578	-0,136112	22,720000	52,350000
2,821858	-0,498096	100,678	-0,136092	22,720000	52,350000
2,819821	-0,722607	100,779	-0,136182	22,720000	52,350000
2,817807	-0,498096	100,880	-0,136092	22,720000	52,350000
2,815860	-0,348422	100,981	-0,136033	22,720000	52,350000
2,813890	-0,764320	101,082	-0,136198	22,720000	52,350000
2,811837	-0,365598	101,182	-0,136040	22,720000	52,350000
2,809880	-0,407310	101,282	-0,136056	22,720000	52,350000
2,807817	-0,464971	101,383	-0,136079	22,720000	52,350000
2,805823	-0,630594	101,485	-0,136145	22,720000	52,350000
2,803825	-0,506684	101,585	-0,136096	22,720000	52,350000
2,801865	-0,548396	101,686	-0,136112	22,720000	52,350000
2,799801	-0,639182	101,786	-0,136148	22,720000	52,350000
2,797846	-0,390134	101,887	-0,136049	22,720000	52,350000
2,795858	-0,531221	101,987	-0,136105	22,720000	52,310000
2,793837	-0,630594	102,087	-0,136145	22,720000	52,310000
2,791836	-0,590109	102,187	-0,136129	22,720000	52,310000
2,789853	-0,315297	102,287	-0,136020	22,720000	52,310000
2,787847	-0,515272	102,387	-0,136099	22,720000	52,310000
2,785865	-0,498096	102,487	-0,136092	22,720000	52,310000
2,783823	-0,606058	102,588	-0,136135	22,720000	52,310000
2,781852	-0,390134	102,688	-0,136049	22,720000	52,310000
2,779826	-0,423259	102,788	-0,136063	22,720000	52,310000
2,777878	-0,539808	102,888	-0,136109	22,720000	52,310000
2,775835	-0,407310	102,988	-0,136056	22,720000	52,310000
2,773877	-0,506684	103,088	-0,136096	22,720000	52,310000
2,771829	-0,323885	103,189	-0,136023	22,720000	52,310000
2,769874	-0,266224	103,289	-0,136000	22,720000	52,310000
2,767840	-0,482147	103,390	-0,136086	22,720000	52,310000
2,765865	-0,489508	103,490	-0,136089	22,720000	52,310000
2,763898	-0,390134	103,590	-0,136049	22,720000	52,310000
2,761858	-0,273585	103,691	-0,136003	22,720000	52,310000
2,759809	-0,572933	103,791	-0,136122	22,720000	52,310000
2,757818	-0,414671	103,891	-0,136059	22,720000	52,310000
2,755897	-0,290760	103,991	-0,136010	22,710000	52,295000
2,753863	-0,456383	104,091	-0,136076	22,710000	52,295000
2,751852	-0,498096	104,192	-0,136092	22,710000	52,295000
2,749845	-0,623233	104,293	-0,136142	22,710000	52,295000
2,747837	-0,348422	104,393	-0,136033	22,710000	52,295000
2,745850	-0,381546	104,493	-0,136046	22,710000	52,295000
2,743888	-0,390134	104,593	-0,136049	22,710000	52,295000
2,741870	-0,531221	104,693	-0,136105	22,710000	52,295000
2,739858	-0,531221	104,794	-0,136105	22,710000	52,295000
2,737828	-0,339834	104,894	-0,136029	22,710000	52,295000
2,735902	-0,456383	104,994	-0,136076	22,710000	52,295000
2,733871	-0,506684	105,095	-0,136096	22,710000	52,295000
2,731834	-0,431847	105,195	-0,136066	22,710000	52,295000
2,729891	-0,590109	105,295	-0,136129	22,710000	52,295000
2,727874	-0,431847	105,395	-0,136066	22,710000	52,295000
2,725852	-0,323885	105,495	-0,136023	22,710000	52,295000
2,723849	-0,290760	105,596	-0,136010	22,710000	52,295000
2,721860	-0,381546	105,696	-0,136046	22,710000	52,295000
2,719863	-0,323885	105,796	-0,136023	22,710000	52,295000
2,717903	-0,531221	105,896	-0,136105	22,710000	52,295000
2,715834	-0,224511	105,996	-0,135983	22,730000	52,315000
2,713879	-0,647770	106,097	-0,136152	22,730000	52,315000
2,711904	-0,863693	106,197	-0,136238	22,730000	52,315000
2,709849	-0,447796	106,298	-0,136072	22,730000	52,315000
2,707816	-0,390134	106,398	-0,136049	22,730000	52,315000
2,705835	-0,555757	106,498	-0,136115	22,730000	52,315000
2,703903	-0,357010	106,598	-0,136036	22,730000	52,315000
2,701901	-0,365598	106,698	-0,136040	22,730000	52,315000
2,699812	-0,447796	106,799	-0,136072	22,730000	52,315000
2,697846	-0,456383	106,900	-0,136076	22,730000	52,315000
2,695863	-0,440435	107,001	-0,136069	22,730000	52,315000
2,693866	-0,224511	107,101	-0,135983	22,730000	52,315000
2,691866	-0,623233	107,202	-0,136142	22,730000	52,315000
2,689911	-0,489508	107,302	-0,136089	22,730000	52,315000
2,687893	-0,266224	107,402	-0,136000	22,730000	52,315000
2,685849	-0,407310	107,502	-0,136056	22,730000	52,315000
2,683851	0,025764	107,603	-0,135884	22,730000	52,315000
2,681864	-0,240460	107,703	-0,135990	22,730000	52,315000
2,679839	0,033125	107,804	-0,135881	22,730000	52,315000
2,677800	-0,647770	107,904	-0,136152	22,730000	52,315000
2,675850	-0,339834	108,004	-0,136029	22,730000	52,325000
2,673793	-0,082198	108,104	-0,135927	22,730000	52,325000
2,671819	-0,522633	108,204	-0,136102	22,730000	52,325000
2,669871	-0,339834	108,305	-0,136029	22,730000	52,325000
2,667828	-0,190160	108,405	-0,135970	22,730000	52,325000
2,665822	-0,590109	108,506	-0,136129	22,730000	52,325000
2,663934	-0,024537	108,606	-0,135904	22,730000	52,325000
2,661828	-0,290760	108,706	-0,136010	22,730000	52,325000
2,659852	-0,323885	108,806	-0,136023	22,730000	52,325000
2,657920	-0,298121	108,906	-0,136013	22,730000	52,325000
2,655814	-0,298121	109,007	-0,136013	22,730000	52,325000
2,653917	-0,057661	109,107	-0,135917	22,730000	52,325000
2,651868	-0,132498	109,207	-0,135947	22,730000	52,325000
2,649836	-0,315297	109,308	-0,136020	22,730000	52,325000
2,647871	-0,266224	109,408	-0,136000	22,730000	52,325000
2,645882	-0,107962	109,509	-0,135937	22,730000	52,325000
2,643882	-0,132498	109,609	-0,135947	22,730000	52,325000
2,641828	-0,215923	109,709	-0,135980	22,730000	52,325000
2,639819	-0,165623	109,809	-0,135960	22,730000	52,325000
2,637865	-0,107962	109,910	-0,135937	22,730000	52,325000
2,635835	-0,182799	110,011	-0,135967	22,730000	52,315000
2,633849	-0,339834	110,111	-0,136029	22,730000	52,315000
2,631773	-0,240460	110,211	-0,135990	22,730000	52,315000
2,629861	-0,182799	110,312	-0,135967	22,730000	52,315000
2,627796	-0,190160	110,413	-0,135970	22,730000	52,315000
2,625871	-0,357010	110,513	-0,136036	22,730000	52,315000
