Drift test with MEMS displacement of 0,5 um, displacement data in [nm] and time increments of 30s 
15.09.2022 15:21:05
eoh
-0,180502	0,000000	22,270000	50,150000
-0,203643	0,500000	22,270000	50,475000
-0,274224	1,000000	22,270000	50,580000
-0,219842	1,500000	22,280000	50,580000
-0,407287	2,000000	22,270000	50,545000
-0,164303	2,500000	22,270000	50,530000
-0,407287	3,000000	22,260000	50,530000
285,490642	3,500000	22,270000	50,505000
275,991142	4,000000	22,270000	50,515000
207,196710	4,500000	22,270000	50,530000
186,935352	5,000000	22,270000	50,505000
179,121695	5,500000	22,280000	50,545000
169,762200	6,000000	22,270000	50,305000
173,188268	6,500000	22,280000	50,505000
148,952394	7,000000	22,280000	49,990000
137,116780	7,500000	22,280000	49,910000
433,377379	8,000000	22,280000	50,305000
427,067906	8,500000	22,270000	50,435000
421,055798	9,000000	22,270000	50,465000
414,864346	9,500000	22,280000	50,425000
412,363929	10,000000	22,270000	50,425000
409,801031	10,500000	22,280000	50,400000
407,033333	11,000000	22,280000	50,410000
401,868196	11,500000	22,270000	50,425000
395,026474	12,000000	22,280000	50,410000
388,779482	12,500000	22,270000	50,370000
382,265208	13,000000	22,280000	50,385000
376,410462	13,500000	22,270000	50,370000
370,312731	14,000000	22,270000	50,385000
365,249417	14,500000	22,280000	50,400000
359,159786	15,000000	22,280000	50,400000
354,794181	15,500000	22,280000	50,385000
350,835863	16,000000	22,280000	50,370000
345,756350	16,500000	22,280000	50,370000
339,839122	17,000000	22,280000	50,345000
334,352322	17,500000	22,270000	50,360000
329,304049	18,000000	22,280000	50,370000
324,209493	18,500000	22,270000	50,360000
319,044357	19,000000	22,280000	50,320000
314,404528	19,500000	22,280000	50,320000
309,748500	20,000000	22,280000	50,335000
305,061232	20,500000	22,280000	50,335000
300,233958	21,000000	22,290000	50,300000
295,875296	21,500000	22,280000	50,335000
291,673995	22,000000	22,290000	50,340000
288,068582	22,500000	22,280000	50,295000
283,436852	23,000000	22,270000	50,335000
279,188111	23,500000	22,280000	50,320000
275,324672	24,000000	22,280000	50,335000
271,256433	24,500000	22,280000	50,305000
267,040090	25,000000	22,280000	50,305000
262,940610	25,500000	22,280000	50,320000
259,005434	26,000000	22,290000	50,300000
255,102655	26,500000	22,290000	50,300000
251,645346	27,000000	22,290000	50,285000
248,502758	27,500000	22,290000	50,270000
244,365096	28,000000	22,280000	50,255000
240,899687	28,500000	22,280000	50,280000
237,466677	29,000000	22,290000	50,270000
234,394670	29,500000	22,290000	50,270000
230,656194	30,000000	22,290000	50,245000
227,434927	30,500000	22,290000	50,270000
224,189361	31,000000	22,290000	50,260000
221,327940	31,500000	22,290000	50,270000
218,122871	32,000000	22,280000	50,255000
215,105247	32,500000	22,280000	50,265000
212,135062	33,000000	22,280000	50,265000
209,790849	33,500000	22,290000	50,260000
207,071747	34,000000	22,290000	50,230000
203,717417	34,500000	22,290000	50,190000
201,616188	35,000000	22,290000	50,205000
198,394920	35,500000	22,280000	50,240000
195,730200	36,000000	22,290000	50,245000
192,814398	36,500000	22,290000	50,190000
190,313981	37,000000	22,290000	50,220000
187,452560	37,500000	22,290000	50,205000
185,250666	38,000000	22,290000	50,220000
182,342963	38,500000	22,290000	50,165000
179,991808	39,000000	22,290000	50,190000
177,710077	39,500000	22,290000	50,180000
175,076598	40,000000	22,290000	50,165000
172,984625	40,500000	22,300000	50,205000
171,055798	41,000000	22,290000	50,205000
168,712743	41,500000	22,300000	50,190000
166,627712	42,000000	22,290000	50,165000
164,048615	42,500000	22,290000	50,155000
162,606913	43,000000	22,290000	50,180000
161,242734	43,500000	22,290000	50,155000
158,671736	44,000000	22,290000	50,155000
156,963909	44,500000	22,290000	50,165000
154,815240	45,000000	22,290000	50,155000
153,381637	45,500000	22,290000	50,180000
151,546533	46,000000	22,290000	50,155000
149,572580	46,500000	22,290000	50,165000
147,926077	47,000000	22,290000	50,130000
146,044690	47,500000	22,300000	50,140000
144,438685	48,000000	22,290000	50,115000
142,345555	48,500000	22,290000	50,130000
141,319239	49,000000	22,300000	50,140000
139,265449	49,500000	22,290000	50,115000
137,971851	50,000000	22,290000	50,130000
136,075422	50,500000	22,290000	50,140000
135,095388	51,000000	22,290000	50,130000
133,378305	51,500000	22,290000	50,090000
131,992141	52,000000	22,290000	50,100000
130,839705	52,500000	22,290000	50,090000
129,561149	53,000000	22,290000	50,090000
128,190027	53,500000	22,300000	50,115000
126,763366	54,000000	22,300000	50,100000
125,211743	54,500000	22,300000	50,075000
123,604580	55,000000	22,280000	50,085000
122,476442	55,500000	22,290000	50,090000
121,347147	56,000000	22,290000	50,060000
120,100989	56,500000	22,290000	50,075000
118,478784	57,000000	22,290000	50,090000
117,490651	57,500000	22,290000	50,075000
116,511774	58,000000	22,290000	50,050000
115,116354	58,500000	22,290000	50,060000
114,105080	59,000000	22,290000	50,075000
113,454810	59,500000	22,290000	50,075000
112,223693	60,000000	22,290000	50,035000
110,765792	60,500000	22,290000	50,020000
109,739475	61,000000	22,290000	50,020000
108,501416	61,500000	22,290000	50,010000
107,600063	62,000000	22,290000	50,050000
106,721851	62,500000	22,300000	50,060000
105,459493	63,000000	22,290000	50,035000
104,715501	63,500000	22,300000	50,020000
103,931011	64,000000	22,290000	50,035000
103,280741	64,500000	22,300000	50,035000
102,121362	65,000000	22,290000	49,995000
101,172569	65,500000	22,290000	50,010000
99,754008	66,000000	22,290000	49,995000
98,836456	66,500000	22,300000	49,995000
98,695294	67,000000	22,300000	50,020000
97,442193	67,500000	22,290000	50,010000
97,292932	68,000000	22,290000	50,020000
96,211076	68,500000	22,290000	50,010000
95,936852	69,000000	22,300000	49,995000
95,293524	69,500000	22,290000	49,980000
94,149187	70,000000	22,300000	49,980000
93,397095	70,500000	22,290000	49,995000
92,761867	71,000000	22,300000	49,995000
92,315240	71,500000	22,290000	49,955000
91,116521	72,000000	22,290000	49,995000
90,786758	72,500000	22,290000	49,955000
89,814823	73,000000	22,290000	49,955000
89,289516	73,500000	22,280000	49,910000
88,944711	74,000000	22,290000	49,955000
88,051457	74,500000	22,290000	49,945000
87,706652	75,000000	22,290000	49,930000
86,703477	75,500000	22,290000	49,955000
85,920144	76,000000	22,290000	49,930000
85,417978	76,500000	22,290000	49,955000
85,143754	77,000000	22,290000	49,955000
84,493483	77,500000	22,290000	49,930000
83,693952	78,000000	22,290000	49,915000
82,980043	78,500000	22,290000	49,930000
82,541515	79,000000	22,290000	49,915000
81,899345	79,500000	22,290000	49,930000
81,781324	80,000000	22,300000	49,915000
80,927410	80,500000	22,290000	49,915000
80,518967	81,000000	22,290000	49,945000
80,072340	81,500000	22,290000	49,930000
79,633812	82,000000	22,290000	49,915000
79,054123	82,500000	22,290000	49,930000
79,305206	83,000000	22,290000	49,915000
77,924828	83,500000	22,300000	49,915000
77,949126	84,000000	22,290000	49,930000
77,964168	84,500000	22,290000	49,905000
77,328940	85,000000	22,290000	49,915000
77,438861	85,500000	22,290000	49,915000
76,796690	86,000000	22,290000	49,905000
76,491225	86,500000	22,290000	49,875000
75,832855	87,000000	22,290000	49,875000
75,636154	87,500000	22,290000	49,905000
74,915303	88,000000	22,290000	49,865000
74,155111	88,500000	22,290000	49,840000
73,888987	89,000000	22,290000	49,875000
73,104497	89,500000	22,290000	49,865000
73,058214	90,000000	22,290000	49,825000
72,556048	90,500000	22,290000	49,875000
72,556048	91,000000	22,290000	49,825000
72,038840	91,500000	22,290000	49,865000
71,600313	92,000000	22,290000	49,840000
70,651520	92,500000	22,290000	49,810000
70,769541	93,000000	22,280000	49,820000
70,494159	93,500000	22,290000	49,825000
70,690860	94,000000	22,290000	49,825000
70,142412	94,500000	22,290000	49,850000
70,282416	95,000000	22,300000	49,800000
69,177420	95,500000	22,290000	49,810000
69,475942	96,000000	22,300000	49,840000
69,060556	96,500000	22,290000	49,810000
68,863855	97,000000	22,290000	49,825000
68,958734	97,500000	22,290000	49,770000
68,338548	98,000000	22,290000	49,800000
68,041182	98,500000	22,290000	49,810000
67,399011	99,000000	22,290000	49,785000
67,515875	99,500000	22,290000	49,810000
67,461493	100,000000	22,280000	49,795000
67,469592	100,500000	22,290000	49,770000
67,351572	101,000000	22,290000	49,770000
66,819322	101,500000	22,290000	49,800000
67,053049	102,000000	22,290000	49,785000
66,473360	102,500000	22,290000	49,770000
66,826264	103,000000	22,290000	49,770000
66,489559	103,500000	22,280000	49,780000
66,418978	104,000000	22,290000	49,770000
65,916812	104,500000	22,290000	49,745000
66,128555	105,000000	22,290000	49,760000
65,862430	105,500000	22,290000	49,760000
65,823089	106,000000	22,290000	49,745000
165,389653	106,500000	22,290000	49,735000
164,981209	107,000000	22,290000	49,770000
-9,922986	107,500000	22,300000	49,745000
-9,875546	108,000000	22,280000	49,740000
-10,072247	108,500000	22,290000	49,735000
265,659712	109,000000	22,280000	49,755000
265,017541	109,500000	22,300000	49,705000
264,641495	110,000000	22,290000	49,705000
264,585956	110,500000	22,290000	49,705000
264,445951	111,000000	22,280000	49,730000
264,202968	111,500000	22,290000	49,705000
263,794524	112,000000	22,290000	49,705000
263,300457	112,500000	22,290000	49,695000
263,426577	113,000000	22,280000	49,700000
263,057474	113,500000	22,290000	49,720000
262,548365	114,000000	22,290000	49,720000
262,415303	114,500000	22,290000	49,680000
262,438444	115,000000	22,290000	49,695000
261,858755	115,500000	22,290000	49,720000
261,921236	116,000000	22,280000	49,715000
261,686352	116,500000	22,290000	49,705000
261,395929	117,000000	22,290000	49,665000
261,553290	117,500000	22,280000	49,700000
261,161045	118,000000	22,280000	49,675000
261,137904	118,500000	22,290000	49,705000
260,847480	119,000000	22,280000	49,700000
261,044181	119,500000	22,290000	49,695000
260,330273	120,000000	22,280000	49,635000
260,016708	120,500000	22,280000	49,675000
260,071090	121,000000	22,290000	49,625000
259,829264	121,500000	22,290000	49,665000
259,711243	122,000000	22,290000	49,680000
259,617521	122,500000	22,290000	49,680000
259,711243	123,000000	22,290000	49,615000
259,765625	123,500000	22,280000	49,610000
260,047949	124,000000	22,290000	49,655000
260,064148	124,500000	22,290000	49,640000
260,165969	125,000000	22,280000	49,660000
260,110430	125,500000	22,290000	49,625000
260,103488	126,000000	22,280000	49,650000
260,041006	126,500000	22,280000	49,650000
259,671903	127,000000	22,280000	49,610000
259,460160	127,500000	22,290000	49,640000
259,318998	128,000000	22,290000	49,665000
259,374537	128,500000	22,280000	49,650000
259,460160	129,000000	22,290000	49,625000
259,335197	129,500000	22,290000	49,640000
259,460160	130,000000	22,280000	49,635000
259,335197	130,500000	22,290000	49,615000
259,123454	131,000000	22,290000	49,625000
259,428919	131,500000	22,280000	49,585000
258,809890	132,000000	22,290000	49,615000
258,974193	132,500000	22,280000	49,610000
259,013533	133,000000	22,280000	49,595000
259,044774	133,500000	22,280000	49,610000
259,139653	134,000000	22,280000	49,595000
259,358338	134,500000	22,280000	49,610000
259,233375	135,000000	22,280000	49,610000
259,358338	135,500000	22,280000	49,545000
259,194035	136,000000	22,280000	49,560000
259,194035	136,500000	22,280000	49,585000
258,982292	137,000000	22,280000	49,595000
259,233375	137,500000	22,290000	49,550000
259,100313	138,000000	22,290000	49,585000
259,256517	138,500000	22,280000	49,560000
259,405778	139,000000	22,280000	49,560000
259,844305	139,500000	22,280000	49,560000
259,898687	140,000000	22,280000	49,585000
260,024807	140,500000	22,280000	49,545000
260,448293	141,000000	22,290000	49,520000
260,525816	141,500000	22,280000	49,560000
259,821164	142,000000	22,280000	49,570000
259,609421	142,500000	22,280000	49,570000
259,875546	143,000000	22,280000	49,545000
259,389579	143,500000	22,280000	49,595000
259,640662	144,000000	22,280000	49,570000
259,813065	144,500000	22,280000	49,560000
259,985467	145,000000	22,280000	49,545000
260,432094	145,500000	22,290000	49,560000
260,047949	146,000000	22,280000	49,505000
260,494576	146,500000	22,270000	49,530000
260,440194	147,000000	22,280000	49,520000
260,980543	147,500000	22,280000	49,505000
260,941203	148,000000	22,280000	49,495000
260,863679	148,500000	22,280000	49,520000
261,318406	149,000000	22,280000	49,520000
260,589455	149,500000	22,280000	49,495000
260,840538	150,000000	22,280000	49,465000
261,584531	150,500000	22,280000	49,505000
261,372788	151,000000	22,280000	49,495000
261,599572	151,500000	22,290000	49,485000
261,490808	152,000000	22,280000	49,520000
261,011784	152,500000	22,280000	49,530000
261,380887	153,000000	22,270000	49,490000
261,709493	153,500000	22,280000	49,495000
261,631970	154,000000	22,280000	49,465000
261,788174	154,500000	22,280000	49,505000
261,850655	155,000000	22,280000	49,480000
261,945535	155,500000	22,280000	49,505000
261,976775	156,000000	22,280000	49,545000
262,627046	156,500000	22,280000	49,480000
262,124880	157,000000	22,280000	49,465000
262,540266	157,500000	22,280000	49,465000
262,674485	158,000000	22,280000	49,495000
262,610847	158,500000	22,270000	49,465000
262,618946	159,000000	22,280000	49,455000
262,399104	159,500000	22,280000	49,430000
262,274141	160,000000	22,270000	49,450000
262,658286	160,500000	22,280000	49,445000
263,300457	161,000000	22,280000	49,415000
262,878129	161,500000	22,280000	49,455000
262,791349	162,000000	22,280000	49,445000
263,167395	162,500000	22,280000	49,465000
263,003092	163,000000	22,280000	49,430000
263,096814	163,500000	22,280000	49,430000
263,269217	164,000000	22,280000	49,405000
263,144254	164,500000	22,280000	49,390000
263,708901	165,000000	22,270000	49,425000
263,912544	165,500000	22,280000	49,415000
264,022466	166,000000	22,280000	49,445000
264,014366	166,500000	22,280000	49,390000
263,983125	167,000000	22,280000	49,365000
264,359171	167,500000	22,280000	49,445000
264,336030	168,000000	22,270000	49,360000
264,492234	168,500000	22,280000	49,390000
264,249250	169,000000	22,270000	49,400000
264,492234	169,500000	22,270000	49,440000
264,382313	170,000000	22,280000	49,375000
264,579014	170,500000	22,280000	49,390000
264,994400	171,000000	22,280000	49,405000
264,735217	171,500000	22,280000	49,390000
266,020716	172,000000	22,270000	49,370000
269,030241	172,500000	22,280000	49,390000
269,939694	173,000000	22,270000	49,410000
270,864188	173,500000	22,270000	49,450000
271,193952	174,000000	22,270000	49,425000
270,543682	174,500000	22,270000	49,400000
270,465001	175,000000	22,270000	49,410000
271,617437	175,500000	22,270000	49,450000
272,165886	176,000000	22,270000	49,440000
272,942276	176,500000	22,270000	49,440000
274,078514	177,000000	22,270000	49,440000
274,493900	177,500000	22,280000	49,445000
274,846805	178,000000	22,270000	49,410000
275,575755	178,500000	22,270000	49,425000
276,664553	179,000000	22,260000	49,440000
275,818739	179,500000	22,270000	49,400000
275,802540	180,000000	22,270000	49,440000
276,178586	180,500000	22,270000	49,440000
275,677577	181,000000	22,270000	49,425000
276,335947	181,500000	22,280000	49,430000
277,104238	182,000000	22,270000	49,440000
277,769550	182,500000	22,280000	49,430000
278,169894	183,000000	22,270000	49,410000
278,122454	183,500000	22,280000	49,445000
279,102488	184,000000	22,260000	49,440000
280,003841	184,500000	22,270000	49,425000
280,560390	185,000000	22,260000	49,440000
281,712826	185,500000	22,270000	49,440000
282,496159	186,000000	22,260000	49,425000
282,167552	186,500000	22,270000	49,400000
283,993400	187,000000	22,280000	49,445000
285,200218	187,500000	22,270000	49,450000
286,407037	188,000000	22,280000	49,445000
287,513191	188,500000	22,270000	49,465000
288,217843	189,000000	22,280000	49,455000
289,150437	189,500000	22,280000	49,445000
290,560899	190,000000	22,260000	49,440000
292,544107	190,500000	22,270000	49,450000
294,323673	191,000000	22,280000	49,480000
295,930835	191,500000	22,270000	49,505000
296,815990	192,000000	22,270000	49,515000
296,832189	192,500000	22,260000	49,530000
297,740484	193,000000	22,270000	49,505000
298,132729	193,500000	22,260000	49,505000
298,516875	194,000000	22,270000	49,515000
298,822340	194,500000	22,270000	49,515000
299,191443	195,000000	22,260000	49,515000
299,990975	195,500000	22,270000	49,490000
300,790507	196,000000	22,270000	49,505000
300,475785	196,500000	22,260000	49,490000
301,299615	197,000000	22,270000	49,515000
301,245233	197,500000	22,270000	49,480000
301,385238	198,000000	22,270000	49,505000
301,440777	198,500000	22,270000	49,515000
301,345898	199,000000	22,260000	49,490000
301,957985	199,500000	22,280000	49,505000
302,412711	200,000000	22,260000	49,480000
302,012367	200,500000	22,280000	49,505000
302,568915	201,000000	22,270000	49,465000
301,761284	201,500000	22,270000	49,465000
301,738142	202,000000	22,270000	49,505000
301,550698	202,500000	22,280000	49,455000
302,530732	203,000000	22,270000	49,490000
302,890579	203,500000	22,260000	49,465000
302,898678	204,000000	22,260000	49,480000
303,486467	204,500000	22,270000	49,480000
303,540849	205,000000	22,270000	49,480000
303,125463	205,500000	22,270000	49,465000
302,851239	206,000000	22,270000	49,465000
303,251583	206,500000	22,270000	49,480000
302,851239	207,000000	22,280000	49,455000
302,624454	207,500000	22,260000	49,490000
302,240308	208,000000	22,260000	49,450000
302,419653	208,500000	22,260000	49,465000
302,310889	209,000000	22,270000	49,465000
301,895503	209,500000	22,260000	49,465000
302,318989	210,000000	22,260000	49,480000
302,091047	210,500000	22,260000	49,440000
301,926744	211,000000	22,270000	49,440000
301,455819	211,500000	22,280000	49,455000
300,068498	212,000000	22,270000	49,440000
299,935436	212,500000	22,260000	49,450000
299,763033	213,000000	22,270000	49,425000
299,754934	213,500000	22,260000	49,450000
299,787332	214,000000	22,270000	49,465000
300,037257	214,500000	22,270000	49,450000
299,856755	215,000000	22,260000	49,440000
300,209660	215,500000	22,260000	49,400000
299,308307	216,000000	22,270000	49,425000
299,990975	216,500000	22,260000	49,425000
299,708651	217,000000	22,270000	49,425000
299,144004	217,500000	22,260000	49,400000
299,183344	218,000000	22,270000	49,425000
299,253925	218,500000	22,260000	49,425000
298,909120	219,000000	22,260000	49,410000
299,175244	219,500000	22,260000	49,425000
299,237726	220,000000	22,260000	49,400000
299,496908	220,500000	22,260000	49,425000
299,324506	221,000000	22,260000	49,425000
299,308307	221,500000	22,260000	49,425000
299,120862	222,000000	22,270000	49,385000
298,885978	222,500000	22,250000	49,400000
298,541173	223,000000	22,270000	49,370000
298,336373	223,500000	22,260000	49,385000
298,352571	224,000000	22,260000	49,410000
298,892921	224,500000	22,250000	49,385000
298,533074	225,000000	22,260000	49,400000
298,093389	225,500000	22,260000	49,345000
297,208235	226,000000	22,270000	49,410000
297,341297	226,500000	22,250000	49,400000
297,592380	227,000000	22,260000	49,410000
298,610597	227,500000	22,260000	49,370000
299,237726	228,000000	22,260000	49,385000
298,940360	228,500000	22,250000	49,400000
298,799198	229,000000	22,250000	49,370000
298,148928	229,500000	22,250000	49,400000
298,273891	230,000000	22,260000	49,370000
298,039007	230,500000	22,260000	49,370000
298,705476	231,000000	22,270000	49,400000
298,776057	231,500000	22,250000	49,385000
298,329430	232,000000	22,260000	49,370000
297,646762	232,500000	22,260000	49,345000
297,498658	233,000000	22,260000	49,345000
297,341297	233,500000	22,260000	49,330000
296,832189	234,000000	22,260000	49,385000
296,917811	234,500000	22,250000	49,305000
296,487383	235,000000	22,260000	49,345000
296,573006	235,500000	22,250000	49,400000
296,980293	236,000000	22,250000	49,345000
296,541765	236,500000	22,250000	49,360000
295,914636	237,000000	22,250000	49,360000
295,632313	237,500000	22,250000	49,345000
295,318748	238,000000	22,250000	49,345000
295,358088	238,500000	22,250000	49,345000
295,820914	239,000000	22,250000	49,370000
295,334947	239,500000	22,260000	49,330000
296,063898	240,000000	22,250000	49,370000
295,420570	240,500000	22,250000	49,370000
295,107005	241,000000	22,250000	49,360000
294,778399	241,500000	22,250000	49,345000
294,927660	242,000000	22,250000	49,385000
294,605996	242,500000	22,250000	49,345000
294,699719	243,000000	22,260000	49,345000
294,581698	243,500000	22,250000	49,370000
294,088789	244,000000	22,250000	49,345000
294,456735	244,500000	22,250000	49,360000
294,935760	245,000000	22,250000	49,345000
295,044524	245,500000	22,250000	49,360000
294,026307	246,000000	22,250000	49,360000
293,868946	246,500000	22,250000	49,360000
293,877046	247,000000	22,240000	49,325000
293,156194	247,500000	22,240000	49,325000
293,304299	248,000000	22,240000	49,365000
293,391079	248,500000	22,250000	49,360000
293,681502	249,000000	22,250000	49,345000
293,516042	249,500000	22,240000	49,340000
293,422319	250,000000	22,230000	49,365000
293,484801	250,500000	22,250000	49,360000
292,865771	251,000000	22,250000	49,370000
292,379804	251,500000	22,240000	49,355000
292,998834	252,000000	22,230000	49,355000
292,959493	252,500000	22,250000	49,330000
292,803290	253,000000	22,250000	49,330000
292,411045	253,500000	22,240000	49,340000
292,614688	254,000000	22,240000	49,325000
292,897012	254,500000	22,240000	49,315000
293,226775	255,000000	22,250000	49,360000
293,547282	255,500000	22,230000	49,340000
294,386154	256,000000	22,240000	49,325000
293,993909	256,500000	22,240000	49,340000
294,566656	257,000000	22,240000	49,325000
294,762200	257,500000	22,240000	49,355000
294,653436	258,000000	22,240000	49,325000
294,292432	258,500000	22,240000	49,290000
295,279408	259,000000	22,240000	49,340000
295,318748	259,500000	22,230000	49,315000
295,875296	260,000000	22,230000	49,355000
295,773475	260,500000	22,240000	49,290000
295,530491	261,000000	22,230000	49,315000
295,914636	261,500000	22,230000	49,355000
296,290682	262,000000	22,240000	49,325000
297,827264	262,500000	22,230000	49,290000
297,145753	263,000000	22,230000	49,340000
297,671060	263,500000	22,240000	49,315000
298,148928	264,000000	22,240000	49,340000
297,937185	264,500000	22,230000	49,325000
297,897845	265,000000	22,230000	49,355000
297,505600	265,500000	22,230000	49,325000
298,203310	266,000000	22,230000	49,315000
298,579356	266,500000	22,230000	49,325000
298,713576	267,000000	22,230000	49,300000
298,940360	267,500000	22,230000	49,290000
299,073423	268,000000	22,230000	49,325000
299,496908	268,500000	22,230000	49,300000
299,245825	269,000000	22,220000	49,340000
299,661211	269,500000	22,230000	49,325000
299,457568	270,000000	22,230000	49,315000
299,763033	270,500000	22,230000	49,315000
299,990975	271,000000	22,230000	49,315000
300,766208	271,500000	22,230000	49,355000
301,800624	272,000000	22,230000	49,300000
301,785582	272,500000	22,230000	49,315000
301,581939	273,000000	22,220000	49,325000
301,488216	273,500000	22,210000	49,310000
301,715001	274,000000	22,230000	49,315000
302,342130	274,500000	22,230000	49,315000
302,670736	275,000000	22,220000	49,340000
302,765616	275,500000	22,230000	49,300000
302,938018	276,000000	22,220000	49,315000
303,015542	276,500000	22,220000	49,315000
303,008599	277,000000	22,230000	49,325000
303,768791	277,500000	22,220000	49,325000
303,713252	278,000000	22,220000	49,355000
303,721351	278,500000	22,210000	49,320000
304,780065	279,000000	22,230000	49,340000
305,187352	279,500000	22,220000	49,315000
305,477775	280,000000	22,220000	49,315000
305,226692	280,500000	22,210000	49,310000
305,885062	281,000000	22,220000	49,355000
306,597814	281,500000	22,220000	49,315000
306,551531	282,000000	22,220000	49,300000
306,527233	282,500000	22,220000	49,325000
306,495992	283,000000	22,210000	49,335000
306,981959	283,500000	22,230000	49,325000
306,863938	284,000000	22,210000	49,320000
308,040673	284,500000	22,220000	49,325000
308,165636	285,000000	22,220000	49,325000
307,609088	285,500000	22,210000	49,350000
308,761524	286,000000	22,220000	49,325000
309,662878	286,500000	22,210000	49,320000
310,469352	287,000000	22,200000	49,295000
310,775974	287,500000	22,210000	49,335000
310,956476	288,000000	22,200000	49,320000
311,536165	288,500000	22,210000	49,310000
311,457485	289,000000	22,210000	49,320000
311,567406	289,500000	22,210000	49,320000
312,053373	290,000000	22,220000	49,340000
312,390079	290,500000	22,210000	49,320000
312,836706	291,000000	22,200000	49,320000
313,071590	291,500000	22,200000	49,320000
313,135228	292,000000	22,200000	49,335000
313,166469	292,500000	22,210000	49,320000
313,519374	293,000000	22,210000	49,335000
313,957901	293,500000	22,210000	49,295000
314,506350	294,000000	22,200000	49,350000
315,305882	294,500000	22,200000	49,320000
314,709993	295,000000	22,210000	49,335000
315,768707	295,500000	22,200000	49,310000
316,090371	296,000000	22,200000	49,335000
316,489559	296,500000	22,200000	49,295000
317,289090	297,000000	22,210000	49,360000
317,445294	297,500000	22,200000	49,350000
318,182344	298,000000	22,200000	49,335000
317,963659	298,500000	22,210000	49,320000
318,479710	299,000000	22,200000	49,295000
319,773308	299,500000	22,200000	49,350000
320,016291	300,000000	22,200000	49,320000
320,925744	300,500000	22,200000	49,335000
321,748417	301,000000	22,210000	49,350000
322,470425	301,500000	22,200000	49,350000
322,728451	302,000000	22,200000	49,310000
322,148761	302,500000	22,200000	49,320000
322,572247	303,000000	22,200000	49,335000
322,431085	303,500000	22,200000	49,335000
323,214418	304,000000	22,190000	49,320000
323,661045	304,500000	22,200000	49,320000
323,997751	305,000000	22,200000	49,310000
324,562398	305,500000	22,200000	49,310000
324,993983	306,000000	22,200000	49,335000
325,957818	306,500000	22,200000	49,335000
325,910378	307,000000	22,190000	49,350000
326,765449	307,500000	22,200000	49,335000
327,164636	308,000000	22,200000	49,295000
327,047773	308,500000	22,200000	49,320000
327,909786	309,000000	22,200000	49,335000
328,685019	309,500000	22,200000	49,335000
329,367687	310,000000	22,200000	49,350000
329,179086	310,500000	22,190000	49,320000
329,507692	311,000000	22,200000	49,320000
329,876796	311,500000	22,190000	49,310000
330,558307	312,000000	22,200000	49,335000
331,099813	312,500000	22,190000	49,310000
331,891245	313,000000	22,200000	49,320000
332,416553	313,500000	22,200000	49,335000
332,643337	314,000000	22,200000	49,350000
332,565814	314,500000	22,190000	49,335000
332,502175	315,000000	22,200000	49,335000
333,207985	315,500000	22,200000	49,350000
333,928836	316,000000	22,190000	49,350000
334,030658	316,500000	22,190000	49,310000
334,297939	317,000000	22,190000	49,350000
334,713326	317,500000	22,190000	49,320000
334,900770	318,000000	22,190000	49,320000
335,465418	318,500000	22,190000	49,320000
335,660962	319,000000	22,180000	49,360000
336,868937	319,500000	22,190000	49,375000
337,322506	320,000000	22,190000	49,335000
337,957735	320,500000	22,190000	49,310000
337,691610	321,000000	22,190000	49,375000
337,957735	321,500000	22,190000	49,335000
338,960910	322,000000	22,190000	49,360000
339,407537	322,500000	22,190000	49,335000
340,057807	323,000000	22,190000	49,375000
340,105247	323,500000	22,180000	49,360000
340,865438	324,000000	22,180000	49,335000
342,065314	324,500000	22,180000	49,310000
342,315240	325,000000	22,180000	49,335000
342,292099	325,500000	22,190000	49,360000
342,840547	326,000000	22,190000	49,350000
342,863689	326,500000	22,180000	49,350000
343,789340	327,000000	22,180000	49,320000
344,667552	327,500000	22,180000	49,335000
344,620113	328,000000	22,180000	49,335000
345,145420	328,500000	22,180000	49,350000
345,380304	329,000000	22,190000	49,335000
345,255341	329,500000	22,180000	49,350000
345,928753	330,000000	22,180000	49,320000
345,913711	330,500000	22,180000	49,360000
346,281657	331,000000	22,180000	49,335000
346,117354	331,500000	22,180000	49,360000
346,705143	332,000000	22,180000	49,335000
347,018707	332,500000	22,180000	49,360000
347,723360	333,000000	22,180000	49,350000
349,259941	333,500000	22,190000	49,375000
349,635987	334,000000	22,180000	49,350000
350,279315	334,500000	22,180000	49,350000
350,177494	335,000000	22,180000	49,350000
350,474859	335,500000	22,170000	49,345000
351,305632	336,000000	22,180000	49,390000
351,438694	336,500000	22,180000	49,350000
351,587955	337,000000	22,180000	49,375000
351,674735	337,500000	22,180000	49,350000
352,630471	338,000000	22,180000	49,360000
353,045857	338,500000	22,170000	49,345000
353,500583	339,000000	22,180000	49,335000
353,579264	339,500000	22,180000	49,350000
353,280741	340,000000	22,180000	49,390000
353,610504	340,500000	22,170000	49,355000
354,456318	341,000000	22,180000	49,375000
355,405111	341,500000	22,170000	49,370000
356,119020	342,000000	22,170000	49,370000
356,800531	342,500000	22,170000	49,385000
356,886154	343,000000	22,180000	49,375000
357,215918	343,500000	22,160000	49,385000
356,761191	344,000000	22,170000	49,385000
357,976109	344,500000	22,160000	49,330000
358,657620	345,000000	22,170000	49,370000
358,838122	345,500000	22,160000	49,395000
358,994326	346,000000	22,170000	49,355000
359,292848	346,500000	22,170000	49,355000
359,903779	347,000000	22,170000	49,385000
360,405945	347,500000	22,150000	49,395000
361,142995	348,000000	22,170000	49,370000
362,678419	348,500000	22,170000	49,370000
362,796440	349,000000	22,170000	49,370000
362,592797	349,500000	22,160000	49,385000
362,584697	350,000000	22,150000	49,395000
362,991984	350,500000	22,160000	49,385000
363,924578	351,000000	22,160000	49,355000
365,100156	351,500000	22,160000	49,355000
365,633562	352,000000	22,170000	49,385000
365,994566	352,500000	22,170000	49,355000
366,268791	353,000000	22,160000	49,395000
366,887820	353,500000	22,160000	49,370000
366,871621	354,000000	22,160000	49,395000
367,255767	354,500000	22,160000	49,395000
368,447543	355,000000	22,160000	49,385000
369,020290	355,500000	22,160000	49,385000
369,465760	356,000000	22,160000	49,355000
370,578856	356,500000	22,150000	49,385000
371,081022	357,000000	22,150000	49,370000
371,174745	357,500000	22,160000	49,385000
371,535749	358,000000	22,170000	49,395000
371,261524	358,500000	22,160000	49,385000
372,177920	359,000000	22,150000	49,395000
372,742567	359,500000	22,160000	49,395000
373,698302	360,000000	22,150000	49,385000
374,396012	360,500000	22,150000	49,395000
374,356672	361,000000	22,160000	49,385000
374,937519	361,500000	22,150000	49,385000
374,921320	362,000000	22,160000	49,385000
375,720851	362,500000	22,150000	49,395000
375,446627	363,000000	22,150000	49,370000
375,917552	363,500000	22,150000	49,370000
377,429836	364,000000	22,150000	49,395000
378,652853	364,500000	22,150000	49,355000
379,114522	365,000000	22,150000	49,395000
380,117697	365,500000	22,150000	49,370000
380,533083	366,000000	22,150000	49,395000
380,690444	366,500000	22,150000	49,370000
381,442536	367,000000	22,160000	49,385000
381,521216	367,500000	22,150000	49,370000
382,227025	368,000000	22,150000	49,355000
382,657453	368,500000	22,150000	49,385000
383,386404	369,000000	22,150000	49,385000
383,488226	369,500000	22,150000	49,370000
383,222101	370,000000	22,150000	49,425000
384,076015	370,500000	22,150000	49,395000
384,476359	371,000000	22,150000	49,370000
384,343296	371,500000	22,150000	49,395000
384,829264	372,000000	22,150000	49,355000
384,515699	372,500000	22,150000	49,385000
385,064148	373,000000	22,150000	49,370000
385,244650	373,500000	22,150000	49,385000
386,937435	374,000000	22,140000	49,380000
386,678253	374,500000	22,150000	49,355000
386,850655	375,000000	22,150000	49,395000
387,439601	375,500000	22,150000	49,355000
387,658286	376,000000	22,140000	49,380000
388,254175	376,500000	22,150000	49,385000
388,857005	377,000000	22,140000	49,390000
388,590880	377,500000	22,140000	49,365000
388,943785	378,000000	22,140000	49,390000
389,735217	378,500000	22,140000	49,380000
390,048782	379,000000	22,140000	49,365000
390,895753	379,500000	22,140000	49,380000
392,283074	380,000000	22,140000	49,380000
392,509858	380,500000	22,150000	49,385000
393,301290	381,000000	22,140000	49,380000
394,077681	381,500000	22,150000	49,355000
394,783490	382,000000	22,150000	49,370000
394,955893	382,500000	22,150000	49,370000
395,300698	383,000000	22,140000	49,365000
395,441860	383,500000	22,140000	49,380000
396,115271	384,000000	22,140000	49,380000
396,553799	384,500000	22,140000	49,390000
396,860421	385,000000	22,140000	49,390000
397,361430	385,500000	22,130000	49,380000
397,832355	386,000000	22,140000	49,380000
399,242817	386,500000	22,140000	49,380000
399,674402	387,000000	22,140000	49,380000
398,991734	387,500000	22,140000	49,390000
399,853747	388,000000	22,140000	49,380000
400,379054	388,500000	22,130000	49,390000
401,092963	389,000000	22,140000	49,365000
401,280408	389,500000	22,140000	49,390000
401,367187	390,000000	22,130000	49,390000
401,539590	390,500000	22,130000	49,390000
401,523391	391,000000	22,140000	49,380000
401,860097	391,500000	22,140000	49,350000
402,002416	392,000000	22,140000	49,390000
402,424745	392,500000	22,130000	49,405000
402,872529	393,000000	22,140000	49,380000
403,193035	393,500000	22,140000	49,380000
403,663961	394,000000	22,140000	49,390000
404,603497	394,500000	22,140000	49,350000
405,278066	395,000000	22,140000	49,350000
405,575431	395,500000	22,130000	49,390000
406,030158	396,000000	22,140000	49,390000
406,171320	396,500000	22,130000	49,390000
407,402436	397,000000	22,130000	49,365000
407,888403	397,500000	22,140000	49,380000
407,558640	398,000000	22,140000	49,350000
408,444951	398,500000	22,130000	49,390000
409,518707	399,000000	22,140000	49,405000
410,615605	399,500000	22,140000	49,390000
410,177077	400,000000	22,130000	49,380000
410,388820	400,500000	22,130000	49,390000
410,991651	401,000000	22,140000	49,390000
410,646845	401,500000	22,130000	49,365000
411,618780	402,000000	22,130000	49,365000
412,881137	402,500000	22,130000	49,380000
413,406444	403,000000	22,130000	49,365000
413,593889	403,500000	22,130000	49,390000
414,104154	404,000000	22,140000	49,380000
413,986134	404,500000	22,130000	49,380000
414,409619	405,000000	22,140000	49,380000
414,252259	405,500000	22,130000	49,365000
414,488300	406,000000	22,130000	49,380000
415,255434	406,500000	22,130000	49,365000
416,486550	407,000000	22,130000	49,405000
416,432168	407,500000	22,130000	49,405000
416,815157	408,000000	22,130000	49,350000
416,847554	408,500000	22,120000	49,340000
417,481626	409,000000	22,130000	49,380000
418,312398	409,500000	22,130000	49,350000
418,297356	410,000000	22,130000	49,390000
419,425494	410,500000	22,130000	49,390000
419,786498	411,000000	22,110000	49,360000
420,349989	411,500000	22,120000	49,390000
421,259442	412,000000	22,130000	49,380000
421,949052	412,500000	22,130000	49,380000
422,544940	413,000000	22,130000	49,380000
422,599322	413,500000	22,130000	49,390000
423,007766	414,000000	22,130000	49,350000
423,336373	414,500000	22,130000	49,390000
423,564314	415,000000	22,120000	49,380000
423,446294	415,500000	22,120000	49,390000
423,705476	416,000000	22,130000	49,365000
424,096564	416,500000	22,120000	49,380000
424,293265	417,000000	22,120000	49,405000
424,606829	417,500000	22,120000	49,405000
424,363846	418,000000	22,120000	49,365000
424,551290	418,500000	22,130000	49,390000
424,551290	419,000000	22,110000	49,360000
425,900428	419,500000	22,120000	49,390000
426,252175	420,000000	22,120000	49,390000
426,244076	420,500000	22,120000	49,380000
426,691860	421,000000	22,110000	49,375000
426,762441	421,500000	22,120000	49,405000
427,224110	422,000000	22,120000	49,380000
427,593213	422,500000	22,110000	49,375000
427,929919	423,000000	22,110000	49,385000
428,455226	423,500000	22,110000	49,375000
428,384645	424,000000	22,110000	49,375000
428,596388	424,500000	22,110000	49,360000
428,847471	425,000000	22,120000	49,365000
428,972434	425,500000	22,110000	49,375000
429,505841	426,000000	22,110000	49,345000
430,962585	426,500000	22,110000	49,345000
431,151187	427,000000	22,110000	49,385000
431,629054	427,500000	22,110000	49,360000
431,730876	428,000000	22,120000	49,350000
431,707735	428,500000	22,120000	49,405000
431,911378	429,000000	22,120000	49,380000
432,492225	429,500000	22,110000	49,360000
432,663470	430,000000	22,120000	49,390000
433,126296	430,500000	22,120000	49,380000
433,157537	431,000000	22,110000	49,375000
433,659703	431,500000	22,110000	49,375000
434,200052	432,000000	22,110000	49,375000
434,411795	432,500000	22,110000	49,375000
434,709160	433,000000	22,110000	49,385000
435,023882	433,500000	22,110000	49,360000
435,548032	434,000000	22,110000	49,345000
436,293182	434,500000	22,100000	49,360000
437,476859	435,000000	22,110000	49,400000
437,703643	435,500000	22,110000	49,335000
437,954726	436,000000	22,110000	49,375000
438,142171	436,500000	22,100000	49,360000
438,706818	437,000000	22,110000	49,375000
438,675578	437,500000	22,110000	49,360000
439,020383	438,000000	22,110000	49,345000
439,749334	438,500000	22,110000	49,360000
440,556965	439,000000	22,110000	49,305000
440,806891	439,500000	22,100000	49,360000
441,944285	440,000000	22,110000	49,385000
442,085447	440,500000	22,100000	49,375000
442,108588	441,000000	22,110000	49,375000
442,077347	441,500000	22,110000	49,375000
442,822497	442,000000	22,110000	49,345000
442,955559	442,500000	22,110000	49,360000
443,707651	443,000000	22,100000	49,345000
444,146179	443,500000	22,110000	49,360000
444,451644	444,000000	22,100000	49,360000
444,804549	444,500000	22,110000	49,375000
445,244233	445,000000	22,100000	49,385000
445,259275	445,500000	22,110000	49,345000
445,181752	446,000000	22,100000	49,375000
445,800781	446,500000	22,100000	49,385000
446,004425	447,000000	22,100000	49,360000
446,497334	447,500000	22,110000	49,375000
447,689111	448,000000	22,100000	49,375000
447,227442	448,500000	22,100000	49,400000
447,273724	449,000000	22,110000	49,385000
447,963335	449,500000	22,090000	49,345000
448,025816	450,000000	22,100000	49,375000
447,728451	450,500000	22,100000	49,375000
448,324339	451,000000	22,100000	49,385000
448,723526	451,500000	22,100000	49,360000
449,311315	452,000000	22,110000	49,385000
449,836622	452,500000	22,090000	49,360000
449,719759	453,000000	22,100000	49,385000
449,821581	453,500000	22,100000	49,360000
451,012200	454,000000	22,090000	49,335000
450,997158	454,500000	22,100000	49,360000
451,279482	455,000000	22,100000	49,385000
451,859171	455,500000	22,110000	49,375000
452,494400	456,000000	22,100000	49,375000
452,118354	456,500000	22,100000	49,345000
452,337039	457,000000	22,100000	49,360000
453,466334	457,500000	22,100000	49,360000
454,265866	458,000000	22,110000	49,375000
454,986717	458,500000	22,090000	49,360000
454,853654	459,000000	22,100000	49,375000
455,127879	459,500000	22,100000	49,360000
455,738809	460,000000	22,090000	49,335000
456,075515	460,500000	22,090000	49,400000
456,733884	461,000000	22,090000	49,360000
456,656361	461,500000	22,100000	49,360000
456,600822	462,000000	22,090000	49,385000
457,345972	462,500000	22,100000	49,360000
457,628295	463,000000	22,100000	49,400000
458,074922	463,500000	22,080000	49,375000
457,988142	464,000000	22,090000	49,360000
458,991317	464,500000	22,100000	49,345000
458,764533	465,000000	22,100000	49,375000
458,521549	465,500000	22,090000	49,360000
459,203060	466,000000	22,090000	49,345000
459,508525	466,500000	22,090000	49,385000
460,301114	467,000000	22,100000	49,360000
461,146929	467,500000	22,090000	49,375000
461,381813	468,000000	22,080000	49,385000
461,499833	468,500000	22,090000	49,360000
461,962659	469,000000	22,080000	49,360000
462,745992	469,500000	22,090000	49,375000
463,404362	470,000000	22,090000	49,375000
463,937768	470,500000	22,080000	49,375000
464,627379	471,000000	22,100000	49,360000
464,768541	471,500000	22,090000	49,375000
464,305715	472,000000	22,080000	49,345000
464,407537	472,500000	22,090000	49,375000
464,596138	473,000000	22,090000	49,360000
465,058964	473,500000	22,080000	49,385000
465,732376	474,000000	22,100000	49,375000
466,272725	474,500000	22,080000	49,360000
467,252758	475,000000	22,090000	49,345000
467,605663	475,500000	22,090000	49,335000
466,994733	476,000000	22,100000	49,375000
466,931094	476,500000	22,080000	49,360000
467,605663	477,000000	22,090000	49,345000
467,794265	477,500000	22,080000	49,345000
468,106672	478,000000	22,090000	49,360000
469,345888	478,500000	22,090000	49,360000
470,114179	479,000000	22,090000	49,360000
470,498325	479,500000	22,090000	49,375000
470,685769	480,000000	22,080000	49,385000
470,826931	480,500000	22,090000	49,345000
470,741308	481,000000	22,080000	49,345000
470,905611	481,500000	22,080000	49,360000
471,375380	482,000000	22,090000	49,360000
471,908786	482,500000	22,080000	49,375000
472,386654	483,000000	22,090000	49,375000
472,660878	483,500000	22,080000	49,360000
473,412970	484,000000	22,080000	49,375000
474,417302	484,500000	22,090000	49,375000
474,824589	485,000000	22,080000	49,400000
475,231876	485,500000	22,080000	49,345000
475,098813	486,000000	22,080000	49,360000
474,965751	486,500000	22,080000	49,345000
475,113855	487,000000	22,080000	49,375000
475,302457	487,500000	22,080000	49,385000
475,302457	488,000000	22,080000	49,360000
475,333697	488,500000	22,080000	49,360000
475,396179	489,000000	22,080000	49,375000
475,937685	489,500000	22,080000	49,385000
475,890245	490,000000	22,080000	49,345000
475,890245	490,500000	22,080000	49,385000
475,960826	491,000000	22,080000	49,345000
476,478034	491,500000	22,080000	49,360000
476,133229	492,000000	22,080000	49,345000
476,839038	492,500000	22,080000	49,360000
476,964001	493,000000	22,080000	49,385000
477,559890	493,500000	22,080000	49,375000
478,218259	494,000000	22,080000	49,385000
477,904695	494,500000	22,080000	49,360000
478,484384	495,000000	22,080000	49,360000
478,508683	495,500000	22,080000	49,360000
478,766708	496,000000	22,070000	49,380000
479,300115	496,500000	22,080000	49,360000
479,684260	497,000000	22,080000	49,385000
479,659962	497,500000	22,080000	49,360000
480,357672	498,000000	22,080000	49,385000
481,290266	498,500000	22,080000	49,375000
482,035415	499,000000	22,080000	49,375000
482,568822	499,500000	22,080000	49,385000
483,023549	500,000000	22,080000	49,385000
482,874287	500,500000	22,080000	49,400000
482,467001	501,000000	22,070000	49,370000
483,360254	501,500000	22,070000	49,380000
483,524558	502,000000	22,070000	49,380000
484,409712	502,500000	22,070000	49,380000
484,652695	503,000000	22,080000	49,345000
484,974359	503,500000	22,070000	49,395000
485,256683	504,000000	22,080000	49,360000
485,515866	504,500000	22,070000	49,370000
485,468426	505,000000	22,080000	49,345000
486,087456	505,500000	22,070000	49,340000
486,409120	506,000000	22,080000	49,360000
486,479700	506,500000	22,060000	49,355000
486,808307	507,000000	22,070000	49,380000
486,957568	507,500000	22,070000	49,380000
487,169311	508,000000	22,070000	49,370000
487,083688	508,500000	22,080000	49,375000
487,466677	509,000000	22,080000	49,360000
487,827681	509,500000	22,080000	49,360000
488,211826	510,000000	22,070000	49,395000
488,243067	510,500000	22,080000	49,385000
488,101905	511,000000	22,070000	49,340000
488,611013	511,500000	22,080000	49,345000
488,525391	512,000000	22,080000	49,335000
488,845898	512,500000	22,080000	49,385000
489,873371	513,000000	22,080000	49,360000
490,617363	513,500000	22,060000	49,370000
490,994566	514,000000	22,060000	49,340000
491,864679	514,500000	22,070000	49,355000
492,208327	515,000000	22,060000	49,380000
492,303206	515,500000	22,070000	49,370000
492,718593	516,000000	22,070000	49,370000
493,048356	516,500000	22,070000	49,355000
492,820414	517,000000	22,070000	49,355000
492,961576	517,500000	22,070000	49,395000
493,431344	518,000000	22,060000	49,395000
493,776150	518,500000	22,070000	49,355000
494,396336	519,000000	22,060000	49,370000
494,874204	519,500000	22,070000	49,370000
495,595055	520,000000	22,060000	49,330000
495,265292	520,500000	22,070000	49,355000
494,826764	521,000000	22,070000	49,380000
494,967926	521,500000	22,070000	49,355000
495,007266	522,000000	22,070000	49,395000
495,398354	522,500000	22,070000	49,370000
495,987300	523,000000	22,070000	49,370000
497,013616	523,500000	22,080000	49,375000
497,923069	524,000000	22,060000	49,355000
498,008692	524,500000	22,070000	49,370000
498,660119	525,000000	22,060000	49,355000
498,706402	525,500000	22,070000	49,380000
498,738800	526,000000	22,060000	49,380000
499,114846	526,500000	22,060000	49,370000
499,600813	527,000000	22,060000	49,340000
500,988133	527,500000	22,070000	49,370000
501,026316	528,000000	22,060000	49,315000
502,147512	528,500000	22,070000	49,370000
501,865188	529,000000	22,060000	49,340000
502,147512	529,500000	22,060000	49,370000
502,359255	530,000000	22,060000	49,370000
502,336113	530,500000	22,060000	49,330000
502,845222	531,000000	22,070000	49,355000
503,424911	531,500000	22,070000	49,330000
503,511691	532,000000	22,060000	49,355000
503,769716	532,500000	22,060000	49,355000
503,503592	533,000000	22,070000	49,380000
503,613513	533,500000	22,060000	49,315000
503,746575	534,000000	22,060000	49,330000
504,765949	534,500000	22,060000	49,355000
505,596721	535,000000	22,060000	49,370000
505,956568	535,500000	22,060000	49,370000
505,925328	536,000000	22,060000	49,370000
505,729784	536,500000	22,060000	49,380000
505,682344	537,000000	22,060000	49,370000
505,713585	537,500000	22,060000	49,355000
505,298199	538,000000	22,070000	49,340000
505,541182	538,500000	22,060000	49,340000
505,784166	539,000000	22,060000	49,370000
506,074589	539,500000	22,060000	49,355000
506,772299	540,000000	22,060000	49,355000
507,281407	540,500000	22,060000	49,330000
507,461909	541,000000	22,060000	49,355000
507,368187	541,500000	22,060000	49,355000
507,979117	542,000000	22,060000	49,340000
507,719935	542,500000	22,060000	49,355000
507,923578	543,000000	22,050000	49,340000
508,708068	543,500000	22,070000	49,330000
509,169737	544,000000	22,060000	49,340000
508,747408	544,500000	22,060000	49,355000
509,092213	545,000000	22,060000	49,340000
509,194035	545,500000	22,060000	49,380000
509,217176	546,000000	22,050000	49,340000
510,039849	546,500000	22,060000	49,340000
510,643837	547,000000	22,060000	49,355000
510,542015	547,500000	22,060000	49,355000
510,784999	548,000000	22,050000	49,315000
511,937435	548,500000	22,060000	49,355000
513,003092	549,000000	22,060000	49,340000
513,387237	549,500000	22,060000	49,340000
513,426577	550,000000	22,060000	49,355000
513,167395	550,500000	22,060000	49,355000
513,669561	551,000000	22,060000	49,330000
513,661461	551,500000	22,060000	49,370000
513,614022	552,000000	22,060000	49,355000
514,108088	552,500000	22,060000	49,355000
514,319831	553,000000	22,050000	49,330000
515,449126	553,500000	22,070000	49,340000
515,198043	554,000000	22,060000	49,340000
515,025641	554,500000	22,060000	49,340000
515,864512	555,000000	22,060000	49,355000
515,871455	555,500000	22,060000	49,330000
516,051957	556,000000	22,050000	49,315000
516,107496	556,500000	22,050000	49,340000
515,981376	557,000000	22,060000	49,355000
516,757766	557,500000	22,050000	49,330000
517,424235	558,000000	22,060000	49,370000
517,846564	558,500000	22,050000	49,355000
517,792182	559,000000	22,060000	49,330000
518,379971	559,500000	22,050000	49,330000
518,238809	560,000000	22,060000	49,355000
517,949543	560,500000	22,060000	49,340000
517,800281	561,000000	22,060000	49,355000
518,153186	561,500000	22,050000	49,355000
519,023299	562,000000	22,060000	49,355000
519,854071	562,500000	22,050000	49,340000
519,438685	563,000000	22,050000	49,370000
519,719852	563,500000	22,050000	49,355000
520,136395	564,000000	22,050000	49,355000
519,885312	564,500000	22,060000	49,340000
519,790432	565,000000	22,050000	49,355000
519,939694	565,500000	22,060000	49,355000
521,029649	566,000000	22,050000	49,330000
521,374454	566,500000	22,040000	49,335000
521,648678	567,000000	22,050000	49,330000
522,016625	567,500000	22,050000	49,355000
521,694961	568,000000	22,050000	49,355000
521,694961	568,500000	22,050000	49,340000
521,836123	569,000000	22,060000	49,340000
522,620612	569,500000	22,050000	49,355000
522,338289	570,000000	22,050000	49,355000
522,909879	570,500000	22,040000	49,325000
523,067239	571,000000	22,050000	49,355000
523,991734	571,500000	22,050000	49,340000
523,983634	572,000000	22,050000	49,340000
524,352738	572,500000	22,050000	49,355000
524,909286	573,000000	22,050000	49,330000
525,199709	573,500000	22,050000	49,340000
525,262191	574,000000	22,060000	49,355000
525,441536	574,500000	22,050000	49,370000
525,403353	575,000000	22,060000	49,340000
525,998084	575,500000	22,050000	49,340000
525,810639	576,000000	22,040000	49,335000
526,758275	576,500000	22,050000	49,355000
526,845055	577,000000	22,050000	49,290000
527,213002	577,500000	22,050000	49,370000
528,051874	578,000000	22,050000	49,340000
528,122454	578,500000	22,050000	49,340000
528,240475	579,000000	22,050000	49,330000
528,122454	579,500000	22,040000	49,295000
528,452218	580,000000	22,050000	49,340000
527,848230	580,500000	22,050000	49,340000
529,282990	581,000000	22,050000	49,340000
529,847638	581,500000	22,060000	49,330000
529,532916	582,000000	22,050000	49,315000
529,729617	582,500000	22,050000	49,355000
529,682178	583,000000	22,050000	49,330000
529,792099	583,500000	22,040000	49,325000
530,466667	584,000000	22,040000	49,325000
531,156278	584,500000	22,050000	49,330000
530,873954	585,000000	22,040000	49,325000
530,724693	585,500000	22,040000	49,335000
531,030158	586,000000	22,040000	49,335000
531,501083	586,500000	22,040000	49,310000
532,315656	587,000000	22,040000	49,310000
532,464918	587,500000	22,040000	49,335000
532,496159	588,000000	22,030000	49,325000
532,958984	588,500000	22,040000	49,350000
533,491234	589,000000	22,040000	49,335000
532,817822	589,500000	22,040000	49,335000
533,303790	590,000000	22,040000	49,335000
533,210067	590,500000	22,050000	49,330000
533,217010	591,000000	22,030000	49,325000
533,185769	591,500000	22,040000	49,325000
533,295690	592,000000	22,040000	49,335000
533,326931	592,500000	22,030000	49,310000
533,405611	593,000000	22,040000	49,325000
533,609255	593,500000	22,040000	49,350000
533,844139	594,000000	22,040000	49,310000
534,564990	594,500000	22,040000	49,295000
534,533749	595,000000	22,050000	49,315000
535,286998	595,500000	22,040000	49,310000
535,850489	596,000000	22,050000	49,340000
535,490642	596,500000	22,050000	49,330000
535,906028	597,000000	22,040000	49,350000
536,117771	597,500000	22,050000	49,300000
536,508858	598,000000	22,040000	49,325000
537,528232	598,500000	22,050000	49,355000
537,378971	599,000000	22,040000	49,365000
537,771216	599,500000	22,040000	49,310000
537,731876	600,000000	22,050000	49,315000
538,061639	600,500000	22,040000	49,335000
538,147262	601,000000	22,040000	49,325000
538,782490	601,500000	22,040000	49,335000
538,774391	602,000000	22,040000	49,335000
539,143495	602,500000	22,040000	49,335000
539,495242	603,000000	22,030000	49,335000
540,161711	603,500000	22,040000	49,295000
540,836280	604,000000	22,030000	49,350000
539,879388	604,500000	22,030000	49,350000
540,811982	605,000000	22,050000	49,315000
541,048023	605,500000	22,030000	49,325000
541,306048	606,000000	22,040000	49,325000
541,274807	606,500000	22,030000	49,325000
541,948219	607,000000	22,040000	49,310000
541,893837	607,500000	22,030000	49,335000
541,690194	608,000000	22,030000	49,295000
542,583447	608,500000	22,040000	49,325000
542,865771	609,000000	22,030000	49,310000
542,826431	609,500000	22,030000	49,325000
543,399178	610,000000	22,040000	49,325000
543,336697	610,500000	22,030000	49,310000
543,264959	611,000000	22,040000	49,310000
543,203634	611,500000	22,040000	49,325000
543,602821	612,000000	22,030000	49,310000
544,261191	612,500000	22,040000	49,310000
543,759025	613,000000	22,030000	49,295000
543,610921	613,500000	22,040000	49,335000
543,978867	614,000000	22,030000	49,325000
543,798365	614,500000	22,040000	49,285000
543,806465	615,000000	22,040000	49,310000
544,456735	615,500000	22,030000	49,310000
545,507350	616,000000	22,030000	49,335000
545,405528	616,500000	22,040000	49,335000
545,546690	617,000000	22,030000	49,325000
546,040756	617,500000	22,030000	49,325000
546,346221	618,000000	22,030000	49,335000
546,416802	618,500000	22,030000	49,295000
546,032657	619,000000	22,030000	49,310000
546,824089	619,500000	22,030000	49,325000
547,607422	620,000000	22,030000	49,350000
547,396836	620,500000	22,030000	49,325000
548,039007	621,000000	22,030000	49,310000
547,843463	621,500000	22,030000	49,295000
549,544348	622,000000	22,030000	49,335000
548,909120	622,500000	22,030000	49,310000
548,917219	623,000000	22,030000	49,310000
548,470592	623,500000	22,040000	49,295000
548,203310	624,000000	22,030000	49,310000
548,822340	624,500000	22,030000	49,335000
550,139079	625,000000	22,030000	49,350000
550,249000	625,500000	22,030000	49,295000
550,633146	626,000000	22,030000	49,335000
550,610004	626,500000	22,020000	49,310000
550,649345	627,000000	22,030000	49,325000
550,899271	627,500000	22,020000	49,325000
550,828690	628,000000	22,030000	49,325000
550,616947	628,500000	22,030000	49,295000
550,296440	629,000000	22,030000	49,310000
550,554465	629,500000	22,030000	49,325000
551,033490	630,000000	22,030000	49,270000
551,519457	630,500000	22,030000	49,310000
552,600156	631,000000	22,030000	49,310000
552,906778	631,500000	22,030000	49,285000
553,015542	632,000000	22,030000	49,325000
552,929919	632,500000	22,030000	49,365000
553,565147	633,000000	22,030000	49,335000
553,737550	633,500000	22,030000	49,310000
553,282824	634,000000	22,030000	49,295000
553,439027	634,500000	22,030000	49,295000
553,650770	635,000000	22,030000	49,325000
553,933094	635,500000	22,030000	49,325000
554,128638	636,000000	22,030000	49,295000
554,301040	636,500000	22,030000	49,295000
555,069331	637,000000	22,030000	49,325000
555,249833	637,500000	22,030000	49,295000
555,939444	638,000000	22,030000	49,295000
556,072506	638,500000	22,020000	49,335000
556,174328	639,000000	22,030000	49,325000
556,323589	639,500000	22,020000	49,335000
555,806381	640,000000	22,030000	49,285000
556,778316	640,500000	22,030000	49,335000
556,331689	641,000000	22,030000	49,310000
556,190527	641,500000	22,030000	49,310000
556,699635	642,000000	22,030000	49,310000
556,715834	642,500000	22,030000	49,295000
556,433510	643,000000	22,020000	49,310000
557,546607	643,500000	22,020000	49,325000
557,585947	644,000000	22,030000	49,310000
558,142495	644,500000	22,030000	49,310000
558,134395	645,000000	22,020000	49,325000
558,714085	645,500000	22,030000	49,295000
558,933927	646,000000	22,030000	49,310000
559,584197	646,500000	22,020000	49,310000
559,567998	647,000000	22,030000	49,310000
559,270633	647,500000	22,030000	49,295000
559,270633	648,000000	22,030000	49,285000
560,155787	648,500000	22,030000	49,295000
560,501749	649,000000	22,030000	49,285000
560,132646	649,500000	22,030000	49,270000
560,423069	650,000000	22,020000	49,325000
560,548032	650,500000	22,020000	49,310000
560,885895	651,000000	22,030000	49,285000
561,135821	651,500000	22,030000	49,310000
561,457485	652,000000	22,030000	49,295000
561,340621	652,500000	22,020000	49,310000
560,924078	653,000000	22,030000	49,325000
561,112680	653,500000	22,030000	49,295000
561,519966	654,000000	22,030000	49,295000
561,621788	654,500000	22,030000	49,325000
561,629887	655,000000	22,020000	49,295000
562,138996	655,500000	22,010000	49,290000
562,248917	656,000000	22,030000	49,325000
562,531241	656,500000	22,030000	49,325000
562,038331	657,000000	22,030000	49,285000
563,002166	657,500000	22,020000	49,260000
563,338872	658,000000	22,020000	49,295000
563,769300	658,500000	22,030000	49,285000
563,934760	659,000000	22,030000	49,285000
563,981043	659,500000	22,020000	49,285000
564,373288	660,000000	22,020000	49,285000
564,639412	660,500000	22,030000	49,310000
564,467010	661,000000	22,020000	49,295000
564,498251	661,500000	22,020000	49,295000
565,289683	662,000000	22,020000	49,285000
565,816147	662,500000	22,020000	49,310000
565,447043	663,000000	22,020000	49,295000
565,650687	663,500000	22,030000	49,295000
565,415803	664,000000	22,030000	49,285000
565,227201	664,500000	22,030000	49,245000
565,289683	665,000000	22,020000	49,285000
565,322080	665,500000	22,020000	49,245000
565,972351	666,000000	22,030000	49,295000
566,011691	666,500000	22,020000	49,295000
566,167895	667,000000	22,030000	49,260000
566,607579	667,500000	22,020000	49,270000
567,532074	668,000000	22,020000	49,295000
567,515875	668,500000	22,030000	49,310000
567,720675	669,000000	22,020000	49,270000
567,610754	669,500000	22,020000	49,285000
568,379045	670,000000	22,030000	49,295000
568,950635	670,500000	22,030000	49,260000
568,660212	671,000000	22,020000	49,310000
569,114938	671,500000	22,020000	49,295000
569,334780	672,000000	22,020000	49,310000
569,209817	672,500000	22,030000	49,285000
569,146179	673,000000	22,020000	49,260000
569,318582	673,500000	22,020000	49,260000
569,216760	674,000000	22,020000	49,285000
569,444702	674,500000	22,020000	49,295000
570,165553	675,000000	22,020000	49,285000
571,129388	675,500000	22,020000	49,260000
571,537831	676,000000	22,020000	49,310000
572,046940	676,500000	22,020000	49,285000
571,858338	677,000000	22,020000	49,285000
572,547949	677,500000	22,010000	49,255000
573,238716	678,000000	22,020000	49,285000
573,864688	678,500000	22,020000	49,285000
573,912128	679,000000	22,020000	49,285000
573,818406	679,500000	22,020000	49,270000
573,559223	680,000000	22,020000	49,310000
573,465501	680,500000	22,020000	49,260000
572,994576	681,000000	22,010000	49,290000
573,339381	681,500000	22,020000	49,270000
572,956393	682,000000	22,020000	49,285000
572,649770	682,500000	22,020000	49,285000
572,940194	683,000000	22,010000	49,290000
572,869613	683,500000	22,020000	49,270000
572,900853	684,000000	22,020000	49,285000
572,917052	684,500000	22,020000	49,295000
573,191277	685,000000	22,010000	49,290000
573,065157	685,500000	22,010000	49,265000
573,779065	686,000000	22,010000	49,280000
575,072664	686,500000	22,020000	49,285000
575,542432	687,000000	22,010000	49,280000
575,127046	687,500000	22,020000	49,270000
574,962743	688,000000	22,020000	49,310000
574,734801	688,500000	22,020000	49,270000
574,554299	689,000000	22,030000	49,260000
575,087705	689,500000	22,010000	49,290000
575,079606	690,000000	22,020000	49,270000
575,330689	690,500000	22,010000	49,265000
575,393171	691,000000	22,010000	49,280000
575,534332	691,500000	22,010000	49,265000
575,613013	692,000000	22,010000	49,265000
575,871038	692,500000	22,020000	49,295000
575,831698	693,000000	22,020000	49,285000
575,714834	693,500000	22,010000	49,265000
576,208901	694,000000	22,010000	49,265000
576,098980	694,500000	22,010000	49,255000
576,153362	695,000000	22,010000	49,255000
576,851072	695,500000	22,010000	49,230000
576,639329	696,000000	22,010000	49,265000
577,125296	696,500000	22,020000	49,260000
577,164636	697,000000	22,020000	49,310000
577,203977	697,500000	22,010000	49,290000
577,227118	698,000000	22,020000	49,295000
577,791765	698,500000	22,010000	49,280000
578,410795	699,000000	22,020000	49,270000
579,305206	699,500000	22,010000	49,280000
579,774974	700,000000	22,020000	49,270000
579,939277	700,500000	22,020000	49,260000
579,806215	701,000000	22,010000	49,280000
579,390829	701,500000	22,010000	49,265000
579,656953	702,000000	22,010000	49,265000
579,147845	702,500000	22,010000	49,255000
579,791173	703,000000	22,010000	49,280000
580,111680	703,500000	22,010000	49,265000
580,159120	704,000000	22,020000	49,260000
580,628888	704,500000	22,010000	49,280000
580,385904	705,000000	22,010000	49,280000
581,554539	705,500000	22,010000	49,240000
581,131054	706,000000	22,010000	49,280000
581,617021	706,500000	22,010000	49,280000
582,071747	707,000000	22,010000	49,255000
582,086789	707,500000	22,010000	49,265000
582,925661	708,000000	22,010000	49,265000
582,956902	708,500000	22,010000	49,265000
582,361013	709,000000	22,010000	49,255000
582,988142	709,500000	22,010000	49,255000
583,795773	710,000000	22,010000	49,230000
585,230534	710,500000	22,010000	49,265000
584,807048	711,000000	22,010000	49,265000
584,682085	711,500000	22,010000	49,240000
585,135654	712,000000	22,010000	49,265000
585,253675	712,500000	22,010000	49,240000
585,081272	713,000000	22,010000	49,240000
585,269874	713,500000	22,010000	49,215000
585,293015	714,000000	22,010000	49,265000
585,230534	714,500000	22,010000	49,255000
585,230534	715,000000	22,010000	49,265000
585,465418	715,500000	22,010000	49,255000
586,389912	716,000000	22,010000	49,265000
586,703477	716,500000	22,020000	49,260000
586,946460	717,000000	22,010000	49,255000
587,135062	717,500000	22,010000	49,230000
587,143161	718,000000	22,010000	49,255000
587,565490	718,500000	22,010000	49,230000
587,448626	719,000000	22,010000	49,255000
587,918395	719,500000	22,010000	49,240000
588,036415	720,000000	22,010000	49,255000
588,020216	720,500000	22,010000	49,265000
587,558547	721,000000	22,010000	49,240000
587,565490	721,500000	22,010000	49,240000
587,494909	722,000000	22,000000	49,255000
587,737892	722,500000	22,020000	49,245000
588,333781	723,000000	22,010000	49,240000
588,420561	723,500000	22,010000	49,255000
588,882229	724,000000	22,010000	49,265000
588,192619	724,500000	22,010000	49,255000
588,702884	725,000000	22,010000	49,240000
589,031491	725,500000	22,010000	49,230000
588,937768	726,000000	22,010000	49,255000
589,964085	726,500000	22,010000	49,240000
589,862263	727,000000	22,000000	49,240000
590,057807	727,500000	22,010000	49,230000
590,034666	728,000000	22,010000	49,240000
589,619279	728,500000	22,000000	49,230000
590,410712	729,000000	22,010000	49,255000
591,476368	729,500000	22,000000	49,230000
591,413887	730,000000	22,000000	49,200000
590,857339	730,500000	22,010000	49,240000
590,819155	731,000000	22,010000	49,215000
591,037841	731,500000	22,010000	49,230000
590,904778	732,000000	22,010000	49,255000
590,944118	732,500000	22,010000	49,230000
590,960317	733,000000	22,010000	49,190000
590,849239	733,500000	22,010000	49,200000
590,991558	734,000000	22,010000	49,215000
592,370779	734,500000	22,010000	49,240000
592,786165	735,000000	22,000000	49,240000
592,589464	735,500000	22,010000	49,190000
592,911128	736,000000	22,000000	49,230000
593,004850	736,500000	22,010000	49,200000
592,307140	737,000000	22,010000	49,240000
592,503841	737,500000	22,010000	49,230000
592,942369	738,000000	22,010000	49,230000
593,452634	738,500000	22,000000	49,230000
593,750000	739,000000	22,000000	49,215000
592,989809	739,500000	22,000000	49,240000
593,154112	740,000000	22,010000	49,200000
593,388996	740,500000	22,010000	49,215000
593,397095	741,000000	22,000000	49,215000
593,663220	741,500000	22,010000	49,230000
593,796283	742,000000	22,010000	49,240000
594,001083	742,500000	22,010000	49,215000
594,572673	743,000000	22,000000	49,215000
594,854997	743,500000	22,010000	49,215000
594,846897	744,000000	22,000000	49,240000
594,800615	744,500000	22,010000	49,215000
594,666395	745,000000	22,010000	49,200000
594,878138	745,500000	22,010000	49,230000
594,917478	746,000000	22,010000	49,190000
595,623288	746,500000	22,010000	49,230000
595,905611	747,000000	22,010000	49,215000
595,615188	747,500000	22,010000	49,240000
596,485301	748,000000	22,010000	49,175000
596,007433	748,500000	22,010000	49,230000
596,069914	749,000000	22,010000	49,215000
596,336039	749,500000	22,000000	49,200000
596,414720	750,000000	22,000000	49,175000
596,634562	750,500000	22,010000	49,200000
596,649604	751,000000	22,010000	49,215000
596,994409	751,500000	22,010000	49,200000
596,775724	752,000000	22,000000	49,215000
596,579023	752,500000	22,010000	49,175000
596,437861	753,000000	22,010000	49,200000
597,253592	753,500000	22,010000	49,215000
597,770799	754,000000	22,010000	49,200000
597,379712	754,500000	22,000000	49,190000
597,379712	755,000000	22,010000	49,190000
597,810140	755,500000	22,010000	49,200000
597,598397	756,000000	22,000000	49,190000
597,959401	756,500000	22,000000	49,190000
597,810140	757,000000	22,000000	49,190000
597,818239	757,500000	22,000000	49,175000
597,512774	758,000000	22,000000	49,200000
598,248667	758,500000	22,010000	49,190000
598,578430	759,000000	22,000000	49,175000
599,110680	759,500000	22,010000	49,200000
599,911369	760,000000	22,010000	49,200000
599,675328	760,500000	22,010000	49,200000
599,816490	761,000000	22,010000	49,215000
599,847730	761,500000	22,010000	49,215000
599,424245	762,000000	22,010000	49,175000
599,463585	762,500000	22,000000	49,200000
599,903269	763,000000	22,010000	49,200000
599,675328	763,500000	22,010000	49,190000
599,972693	764,000000	22,000000	49,175000
600,184436	764,500000	22,000000	49,200000
599,808390	765,000000	22,000000	49,160000
599,824589	765,500000	22,000000	49,230000
600,742141	766,000000	22,000000	49,160000
600,827764	766,500000	22,000000	49,215000
600,780324	767,000000	22,010000	49,200000
600,287415	767,500000	22,010000	49,190000
600,396179	768,000000	22,010000	49,200000
600,075672	768,500000	22,000000	49,190000
600,169394	769,000000	22,000000	49,175000
600,576681	769,500000	22,000000	49,190000
600,686602	770,000000	22,000000	49,215000
600,420477	770,500000	22,010000	49,215000
600,310556	771,000000	21,990000	49,230000
599,801448	771,500000	21,990000	49,200000
600,381137	772,000000	22,000000	49,190000
600,420477	772,500000	22,010000	49,200000
600,937685	773,000000	22,000000	49,160000
602,206985	773,500000	21,990000	49,150000
602,395586	774,000000	22,000000	49,175000
602,261367	774,500000	22,000000	49,160000
602,630471	775,000000	22,010000	49,175000
602,676753	775,500000	21,990000	49,200000
602,755434	776,000000	21,990000	49,200000
603,170820	776,500000	22,000000	49,175000
603,124537	777,000000	21,990000	49,190000
603,045857	777,500000	22,000000	49,190000
603,320081	778,000000	22,000000	49,200000
602,881554	778,500000	22,000000	49,160000
603,257600	779,000000	22,000000	49,160000
603,305039	779,500000	21,990000	49,160000
603,829189	780,000000	21,990000	49,150000
604,158953	780,500000	22,000000	49,160000
604,935343	781,000000	22,000000	49,160000
604,879804	781,500000	21,990000	49,175000
605,350729	782,000000	21,990000	49,175000
604,582439	782,500000	21,990000	49,160000
604,699302	783,000000	22,000000	49,150000
604,754841	783,500000	22,000000	49,160000
605,004767	784,000000	22,000000	49,160000
604,620622	784,500000	22,000000	49,175000
604,848563	785,000000	22,000000	49,160000
604,817323	785,500000	21,990000	49,160000
605,209568	786,000000	22,010000	49,160000
605,216510	786,500000	22,000000	49,135000
606,048439	787,000000	22,000000	49,150000
607,027316	787,500000	22,000000	49,175000
607,764366	788,000000	21,990000	49,175000
608,462076	788,500000	22,000000	49,160000
608,187852	789,000000	22,000000	49,175000
606,902353	789,500000	22,000000	49,150000
607,152279	790,000000	21,990000	49,160000
606,941693	790,500000	22,000000	49,160000
607,473943	791,000000	22,000000	49,175000
607,544524	791,500000	22,000000	49,175000
607,756267	792,000000	21,990000	49,160000
607,756267	792,500000	21,990000	49,150000
607,623204	793,000000	21,990000	49,135000
607,600063	793,500000	22,010000	49,150000
608,470176	794,000000	22,000000	49,160000
609,841297	794,500000	22,000000	49,160000
609,755674	795,000000	21,980000	49,175000
609,442110	795,500000	21,990000	49,150000
609,442110	796,000000	21,990000	49,135000
609,371529	796,500000	21,990000	49,150000
609,064907	797,000000	22,000000	49,175000
609,010525	797,500000	21,980000	49,175000
609,018624	798,000000	21,990000	49,150000
609,025566	798,500000	21,990000	49,135000
608,821923	799,000000	22,000000	49,120000
609,143587	799,500000	22,000000	49,150000
609,434010	800,000000	22,000000	49,160000
610,335364	800,500000	21,990000	49,135000
610,445285	801,000000	21,990000	49,135000
610,115521	801,500000	22,000000	49,150000
610,053040	802,000000	21,990000	49,135000
610,389746	802,500000	22,000000	49,110000
609,959318	803,000000	21,990000	49,120000
609,990558	803,500000	22,000000	49,160000
609,951218	804,000000	21,990000	49,150000
610,264783	804,500000	21,990000	49,135000
611,236717	805,000000	21,990000	49,135000
611,463502	805,500000	22,000000	49,160000
611,706485	806,000000	21,990000	49,135000
611,635904	806,500000	22,000000	49,120000
611,550281	807,000000	22,000000	49,150000
611,346638	807,500000	22,000000	49,120000
611,456559	808,000000	22,000000	49,135000
611,417219	808,500000	21,990000	49,135000
612,011950	809,000000	21,990000	49,120000
612,153112	809,500000	21,990000	49,135000
612,663378	810,000000	21,990000	49,135000
613,133146	810,500000	21,990000	49,120000
612,968843	811,000000	21,990000	49,110000
612,960743	811,500000	21,990000	49,135000
613,023225	812,000000	21,990000	49,135000
612,976942	812,500000	21,990000	49,150000
613,046366	813,000000	21,990000	49,120000
612,976942	813,500000	22,000000	49,150000
613,705893	814,000000	21,990000	49,135000
614,183760	814,500000	21,990000	49,135000
614,614188	815,000000	21,990000	49,110000
615,359338	815,500000	22,000000	49,110000
615,547939	816,000000	22,000000	49,095000
615,562981	816,500000	21,990000	49,120000
615,195035	817,000000	21,990000	49,110000
614,889570	817,500000	21,980000	49,120000
615,257516	818,000000	21,990000	49,120000
615,093213	818,500000	21,990000	49,120000
615,186935	819,000000	21,980000	49,150000
615,610421	819,500000	21,990000	49,120000
615,444961	820,000000	21,990000	49,110000
615,390579	820,500000	21,990000	49,135000
615,241317	821,000000	21,990000	49,110000
615,234375	821,500000	21,990000	49,150000
615,939027	822,000000	21,980000	49,095000
616,323173	822,500000	21,990000	49,135000
616,175068	823,000000	21,990000	49,120000
616,746658	823,500000	21,980000	49,095000
616,150770	824,000000	21,980000	49,135000
616,339372	824,500000	21,990000	49,120000
616,441193	825,000000	21,990000	49,095000
616,746658	825,500000	21,990000	49,120000
617,467510	826,000000	21,990000	49,080000
618,149021	826,500000	21,990000	49,135000
617,851655	827,000000	21,990000	49,135000
618,048356	827,500000	21,990000	49,095000
618,125879	828,000000	21,980000	49,120000
618,518124	828,500000	21,990000	49,095000
618,094639	829,000000	21,990000	49,095000
618,086539	829,500000	21,990000	49,120000
618,212659	830,000000	21,980000	49,120000
618,071497	830,500000	21,990000	49,095000
618,737967	831,000000	21,990000	49,110000
618,987892	831,500000	21,990000	49,110000
619,380137	832,000000	21,990000	49,080000
619,161452	832,500000	21,990000	49,135000
618,807390	833,000000	21,990000	49,095000
618,619946	833,500000	21,990000	49,110000
618,486884	834,000000	21,990000	49,095000
618,721768	834,500000	21,990000	49,120000
618,619946	835,000000	21,990000	49,110000
618,910369	835,500000	21,980000	49,135000
618,619946	836,000000	21,990000	49,110000
618,603747	836,500000	21,980000	49,080000
618,815490	837,000000	21,990000	49,095000
619,874204	837,500000	21,990000	49,080000
620,202810	838,000000	21,990000	49,135000
620,179669	838,500000	21,990000	49,080000
620,438851	839,000000	21,990000	49,095000
620,634395	839,500000	21,980000	49,080000
620,438851	840,000000	21,980000	49,095000
620,328930	840,500000	21,990000	49,080000
620,375213	841,000000	21,980000	49,110000
620,696877	841,500000	21,980000	49,080000
620,869279	842,000000	22,000000	49,095000
619,897345	842,500000	21,990000	49,120000
620,273391	843,000000	21,990000	49,095000
620,555715	843,500000	21,990000	49,070000
620,281491	844,000000	21,990000	49,095000
620,540673	844,500000	21,990000	49,070000
620,532574	845,000000	21,990000	49,055000
620,281491	845,500000	21,980000	49,095000
620,751259	846,000000	21,980000	49,030000
621,276566	846,500000	21,980000	49,070000
621,566989	847,000000	21,990000	49,095000
622,648845	847,500000	21,990000	49,070000
622,507683	848,000000	21,990000	49,055000
622,507683	848,500000	21,980000	49,095000
622,225359	849,000000	21,990000	49,095000
622,790007	849,500000	21,990000	49,080000
622,970509	850,000000	21,980000	49,070000
622,860588	850,500000	21,980000	49,070000
622,899928	851,000000	21,990000	49,080000
623,988726	851,500000	21,990000	49,070000
623,683261	852,000000	21,980000	49,080000
624,412211	852,500000	21,980000	49,095000
624,067406	853,000000	21,990000	49,095000
624,592713	853,500000	21,990000	49,080000
624,420311	854,000000	21,980000	49,095000
624,843796	854,500000	21,990000	49,080000
625,587789	855,000000	21,990000	49,110000
625,986976	855,500000	21,980000	49,080000
625,768291	856,000000	21,980000	49,080000
626,011274	856,500000	21,990000	49,045000
626,206818	857,000000	21,980000	49,070000
625,650270	857,500000	21,980000	49,070000
626,129295	858,000000	21,980000	49,095000
626,638403	858,500000	21,980000	49,045000
626,238059	859,000000	21,980000	49,070000
626,943868	859,500000	21,980000	49,045000
627,562898	860,000000	21,980000	49,070000
627,508516	860,500000	21,980000	49,095000
627,390495	861,000000	21,980000	49,070000
627,203051	861,500000	21,980000	49,070000
627,328014	862,000000	21,980000	49,045000
626,677744	862,500000	21,990000	49,070000
627,570997	863,000000	21,980000	49,070000
627,311815	863,500000	21,990000	49,095000
627,531657	864,000000	21,980000	49,080000
626,991308	864,500000	21,980000	49,095000
627,116271	865,000000	21,980000	49,080000
627,687861	865,500000	21,990000	49,070000
627,523558	866,000000	21,980000	49,095000
627,766541	866,500000	21,980000	49,080000
627,554799	867,000000	21,980000	49,070000
627,336113	867,500000	21,990000	49,110000
627,720259	868,000000	21,980000	49,070000
628,441110	868,500000	21,980000	49,080000
627,476118	869,000000	21,980000	49,080000
627,915803	869,500000	21,980000	49,045000
627,978284	870,000000	21,980000	49,070000
627,523558	870,500000	21,990000	49,070000
627,680919	871,000000	21,980000	49,080000
628,181928	871,500000	21,990000	49,030000
627,743400	872,000000	21,980000	49,070000
627,923902	872,500000	21,980000	49,045000
627,955143	873,000000	21,990000	49,045000
627,625380	873,500000	21,990000	49,045000
628,323089	874,000000	21,980000	49,045000
628,158786	874,500000	21,990000	49,030000
628,260608	875,000000	21,980000	49,080000
629,538007	875,500000	21,980000	49,045000
629,365605	876,000000	21,980000	49,070000
629,514866	876,500000	21,980000	49,080000
629,554206	877,000000	21,980000	49,045000
629,687269	877,500000	21,980000	49,055000
629,263783	878,000000	21,980000	49,045000
628,989559	878,500000	21,980000	49,055000
629,436186	879,000000	21,990000	49,070000
629,664127	879,500000	21,990000	49,045000
630,470601	880,000000	21,980000	49,070000
630,557381	880,500000	21,970000	49,040000
630,462502	881,000000	21,980000	49,045000
630,329439	881,500000	21,980000	49,005000
630,627962	882,000000	21,980000	49,055000
630,071414	882,500000	21,980000	49,045000
629,836530	883,000000	21,980000	49,045000
630,549282	883,500000	21,990000	49,045000
631,568656	884,000000	21,980000	49,045000
631,756100	884,500000	21,990000	49,005000
632,266366	885,000000	21,980000	49,045000
632,015283	885,500000	21,980000	49,005000
631,897262	886,000000	21,980000	49,015000
632,461909	886,500000	21,980000	49,030000
632,320748	887,000000	21,980000	49,030000
632,603071	887,500000	21,980000	48,990000
632,586872	888,000000	21,980000	49,015000
632,924735	888,500000	21,990000	49,015000
632,798615	889,000000	21,980000	49,030000
632,681752	889,500000	21,970000	49,000000
632,634312	890,000000	21,980000	49,015000
633,190860	890,500000	21,980000	49,030000
633,817989	891,000000	21,980000	49,030000
635,079189	891,500000	21,980000	49,015000
636,216584	892,000000	21,980000	49,005000
636,012941	892,500000	21,980000	49,055000
635,698219	893,000000	21,980000	49,005000
635,886821	893,500000	21,980000	49,030000
636,137904	894,000000	21,980000	49,005000
636,294107	894,500000	21,980000	48,990000
635,949302	895,000000	21,980000	49,015000
635,801198	895,500000	21,980000	49,055000
635,643837	896,000000	21,980000	49,005000
636,152945	896,500000	21,970000	49,000000
635,550115	897,000000	21,980000	49,005000
635,855580	897,500000	21,980000	49,030000
635,894920	898,000000	21,980000	49,015000
635,776899	898,500000	21,980000	48,990000
635,918061	899,000000	21,980000	48,990000
635,980543	899,500000	21,980000	49,005000
635,542015	900,000000	21,980000	48,975000
635,573256	900,500000	21,990000	49,015000
635,533916	901,000000	21,980000	49,005000
635,589455	901,500000	21,980000	49,005000
635,863679	902,000000	21,980000	49,030000
635,596397	902,500000	21,990000	49,015000
635,400853	903,000000	21,980000	48,975000
635,768800	903,500000	21,980000	48,990000
636,169144	904,000000	21,980000	49,005000
636,177244	904,500000	21,980000	48,990000
636,262867	905,000000	21,980000	49,005000
636,443369	905,500000	21,990000	49,015000
636,404028	906,000000	21,980000	49,030000
636,067323	906,500000	21,980000	49,005000
635,824339	907,000000	21,990000	49,005000
636,474609	907,500000	21,980000	48,990000
636,412128	908,000000	21,980000	48,975000
636,333447	908,500000	21,980000	48,990000
637,031157	909,000000	21,980000	49,030000
636,953634	909,500000	21,970000	49,000000
637,375963	910,000000	21,980000	48,990000
637,618946	910,500000	21,980000	49,015000
637,392162	911,000000	21,980000	49,005000
637,556465	911,500000	21,980000	49,015000
637,266042	912,000000	21,980000	48,990000
637,093639	912,500000	21,980000	48,975000
636,889996	913,000000	21,980000	48,975000
637,117937	913,500000	21,980000	48,975000
637,572664	914,000000	21,980000	48,965000
637,321581	914,500000	21,980000	48,990000
637,023058	915,000000	21,980000	48,965000
637,023058	915,500000	21,980000	48,950000
637,054299	916,000000	21,980000	49,005000
636,638913	916,500000	21,970000	48,985000
637,109838	917,000000	21,980000	49,005000
637,587705	917,500000	21,990000	48,975000
637,853830	918,000000	21,980000	48,990000
637,861930	918,500000	21,980000	48,990000
637,101738	919,000000	21,980000	48,975000
637,627046	919,500000	21,970000	48,985000
637,924411	920,000000	21,980000	49,005000
638,426577	920,500000	21,980000	48,965000
639,319831	921,000000	21,980000	48,990000
638,865105	921,500000	21,980000	48,990000
638,669561	922,000000	21,980000	48,975000
638,615179	922,500000	21,980000	48,975000
638,081772	923,000000	21,980000	48,990000
638,465918	923,500000	21,980000	48,950000
638,081772	924,000000	21,980000	48,965000
638,403436	924,500000	21,980000	48,950000
638,034332	925,000000	21,980000	48,975000
638,254175	925,500000	21,980000	48,965000
637,979950	926,000000	21,980000	48,990000
637,956809	926,500000	21,980000	48,965000
637,618946	927,000000	21,980000	48,990000
637,666386	927,500000	21,980000	48,990000
637,838789	928,000000	21,980000	48,965000
638,959984	928,500000	21,980000	48,965000
639,053706	929,000000	21,980000	48,950000
639,273549	929,500000	21,970000	48,970000
639,531574	930,000000	21,970000	48,985000
639,602155	930,500000	21,970000	48,985000
639,319831	931,000000	21,980000	48,975000
639,445951	931,500000	21,970000	48,970000
639,797699	932,000000	21,980000	48,950000
639,500333	932,500000	21,980000	48,950000
639,853238	933,000000	21,990000	48,950000
640,033740	933,500000	21,980000	48,950000
639,585956	934,000000	21,980000	48,975000
639,735217	934,500000	21,990000	48,975000
639,406611	935,000000	21,980000	48,935000
639,641495	935,500000	21,980000	48,950000
639,688935	936,000000	21,980000	48,965000
640,033740	936,500000	21,980000	48,975000
640,033740	937,000000	21,980000	48,965000
639,978201	937,500000	21,980000	48,965000
639,554715	938,000000	21,980000	48,965000
639,688935	938,500000	21,990000	48,965000
639,766458	939,000000	21,980000	48,950000
640,025641	939,500000	21,980000	48,965000
640,096221	940,000000	21,980000	48,925000
640,134405	940,500000	21,980000	48,950000
640,378545	941,000000	21,970000	48,930000
639,712076	941,500000	21,980000	48,935000
639,695877	942,000000	21,980000	48,965000
640,276724	942,500000	21,980000	48,975000
639,915719	943,000000	21,980000	48,965000
639,680835	943,500000	21,980000	48,925000
639,884479	944,000000	21,980000	48,965000
639,986300	944,500000	21,980000	48,910000
639,758359	945,000000	21,980000	48,935000
640,119363	945,500000	21,980000	48,895000
640,017541	946,000000	21,980000	48,950000
640,276724	946,500000	21,980000	48,950000
640,206143	947,000000	21,980000	48,965000
641,036915	947,500000	21,980000	48,950000
641,240558	948,000000	21,970000	48,945000
640,480367	948,500000	21,980000	48,965000
640,613429	949,000000	21,970000	48,930000
640,769633	949,500000	21,980000	48,925000
640,597230	950,000000	21,980000	48,935000
640,221184	950,500000	21,980000	48,935000
639,821997	951,000000	21,980000	48,925000
640,017541	951,500000	21,970000	48,945000
640,119363	952,000000	21,980000	48,935000
641,028816	952,500000	21,980000	48,950000
641,138737	953,000000	21,980000	48,950000
641,452301	953,500000	21,980000	48,950000
642,470518	954,000000	21,980000	48,935000
642,956485	954,500000	21,980000	48,950000
642,642921	955,000000	21,970000	48,920000
642,909045	955,500000	21,980000	48,935000
643,120788	956,000000	21,980000	48,935000
642,651020	956,500000	21,980000	48,950000
643,286249	957,000000	21,970000	48,905000
643,560473	957,500000	21,970000	48,930000
643,874037	958,000000	21,980000	48,895000
644,100822	958,500000	21,970000	48,930000
643,959660	959,000000	21,980000	48,935000
643,905278	959,500000	21,970000	48,905000
644,133220	960,000000	21,980000	48,925000
643,560473	960,500000	21,970000	48,920000
643,473693	961,000000	21,970000	48,920000
643,223767	961,500000	21,980000	48,910000
643,340631	962,000000	21,970000	48,905000
643,403112	962,500000	21,970000	48,890000
644,266282	963,000000	21,980000	48,910000
644,289424	963,500000	21,980000	48,925000
644,524308	964,000000	21,980000	48,885000
644,445627	964,500000	21,980000	48,895000
643,967760	965,000000	21,980000	48,910000
644,046440	965,500000	21,970000	48,905000
643,756017	966,000000	21,970000	48,890000
644,156361	966,500000	21,980000	48,925000
644,688611	967,000000	21,980000	48,910000
644,445627	967,500000	21,970000	48,880000
644,140162	968,000000	21,980000	48,925000
644,187602	968,500000	21,980000	48,925000
643,990901	969,000000	21,980000	48,925000
644,406287	969,500000	21,980000	48,925000
644,712909	970,000000	21,980000	48,910000
645,230117	970,500000	21,970000	48,920000
644,548606	971,000000	21,980000	48,860000
644,375046	971,500000	21,980000	48,910000
644,007100	972,000000	21,980000	48,910000
644,148262	972,500000	21,980000	48,910000
644,618030	973,000000	21,980000	48,910000
643,662295	973,500000	21,980000	48,885000
644,038340	974,000000	21,970000	48,880000
643,999000	974,500000	21,980000	48,910000
643,552373	975,000000	21,980000	48,895000
643,921477	975,500000	21,980000	48,895000
643,874037	976,000000	21,980000	48,910000
644,594889	976,500000	21,980000	48,925000
644,194544	977,000000	21,970000	48,920000
643,639153	977,500000	21,980000	48,910000
643,278149	978,000000	21,980000	48,870000
643,818498	978,500000	21,970000	48,880000
643,944618	979,000000	21,980000	48,910000
643,983958	979,500000	21,970000	48,840000
644,030241	980,000000	21,980000	48,895000
644,273225	980,500000	21,980000	48,885000
644,148262	981,000000	21,970000	48,880000
643,591714	981,500000	21,970000	48,880000
643,678493	982,000000	21,980000	48,895000
643,967760	982,500000	21,980000	48,885000
643,709734	983,000000	21,980000	48,895000
643,850896	983,500000	21,970000	48,880000
644,366947	984,000000	21,980000	48,885000
644,328764	984,500000	21,980000	48,885000
644,657370	985,000000	21,970000	48,890000
644,829773	985,500000	21,980000	48,895000
645,237059	986,000000	21,970000	48,865000
645,064657	986,500000	21,970000	48,890000
645,064657	987,000000	21,980000	48,910000
644,258183	987,500000	21,980000	48,845000
643,583614	988,000000	21,980000	48,845000
643,693535	988,500000	21,970000	48,865000
643,913378	989,000000	21,970000	48,905000
644,328764	989,500000	21,980000	48,885000
645,346981	990,000000	21,980000	48,870000
646,029649	990,500000	21,970000	48,880000
645,691786	991,000000	21,980000	48,870000
646,029649	991,500000	21,970000	48,855000
645,606163	992,000000	21,980000	48,895000
646,343213	992,500000	21,970000	48,855000
646,052790	993,000000	21,980000	48,870000
645,606163	993,500000	21,980000	48,870000
645,888487	994,000000	21,970000	48,855000
646,162711	994,500000	21,970000	48,855000
646,350156	995,000000	21,970000	48,890000
646,358255	995,500000	21,980000	48,845000
646,052790	996,000000	21,980000	48,860000
646,483218	996,500000	21,980000	48,860000
646,115271	997,000000	21,970000	48,855000
646,664877	997,500000	21,970000	48,830000
647,180928	998,000000	21,970000	48,865000
646,569998	998,500000	21,980000	48,835000
646,044690	999,000000	21,970000	48,855000
645,974110	999,500000	21,970000	48,865000
646,836123	1000,000000	21,970000	48,865000
647,047865	1000,500000	21,980000	48,835000
646,906704	1001,000000	21,970000	48,855000
646,954143	1001,500000	21,970000	48,865000
647,040923	1002,000000	21,970000	48,840000
646,507516	1002,500000	21,970000	48,890000
646,617437	1003,000000	21,970000	48,840000
646,593139	1003,500000	21,980000	48,845000
646,883562	1004,000000	21,970000	48,880000
646,937944	1004,500000	21,980000	48,860000
647,040923	1005,000000	21,980000	48,860000
646,946044	1005,500000	21,970000	48,855000
647,134645	1006,000000	21,980000	48,860000
647,338289	1006,500000	21,980000	48,845000
647,824256	1007,000000	21,980000	48,845000
647,926077	1007,500000	21,970000	48,855000
647,440110	1008,000000	21,980000	48,835000
