Quasi static measurement routine
Tip parameters (shape,radius, material...) 
12.09.2022

Piezo position[nm]	MEMS displ.[nm]	Time[ms]	Cap [pf]	Temp [°C]	Rh [%]
eoh
0,652159	-0,251083	0,200	-0,076042	22,310000	51,375000
0,655163	-0,101822	0,350	-0,075979	22,310000	51,375000
0,658098	0,078680	0,501	-0,075903	22,310000	51,375000
0,661158	-0,259182	0,652	-0,076046	22,310000	51,375000
0,664180	-0,070581	0,802	-0,075966	22,310000	51,375000
0,667180	-0,203643	0,952	-0,076022	22,310000	51,390000
0,670097	-0,109921	1,102	-0,075983	22,310000	51,390000
0,673103	-0,359847	1,252	-0,076088	22,310000	51,390000
0,676136	-0,164303	1,403	-0,076006	22,310000	51,390000
0,679112	-0,047440	1,553	-0,075957	22,310000	51,390000
0,682152	-0,016199	1,703	-0,075943	22,310000	51,390000
0,685121	-0,195544	1,853	-0,076019	22,310000	51,390000
0,688166	-0,195544	2,003	-0,076019	22,310000	51,390000
0,691109	-0,188602	2,153	-0,076016	22,310000	51,390000
0,694124	-0,203643	2,303	-0,076022	22,310000	51,390000
0,697187	-0,070581	2,453	-0,075966	22,310000	51,390000
0,700168	-0,054382	2,603	-0,075959	22,310000	51,390000
0,703153	-0,188602	2,753	-0,076016	22,310000	51,390000
0,706143	-0,180502	2,903	-0,076013	22,310000	51,390000
0,709123	0,141162	3,053	-0,075877	22,310000	51,390000
0,712109	-0,195544	3,203	-0,076019	22,310000	51,390000
0,715133	-0,266125	3,354	-0,076049	22,310000	51,390000
0,718141	-0,674569	3,504	-0,076221	22,310000	51,390000
0,721091	-0,266125	3,654	-0,076049	22,310000	51,390000
0,724087	-0,211743	3,804	-0,076026	22,310000	51,390000
0,727063	-0,290423	3,955	-0,076059	22,310000	51,390000
0,730133	-0,101822	4,105	-0,075979	22,310000	51,390000
0,733169	-0,054382	4,256	-0,075959	22,310000	51,390000
0,736110	-0,211743	4,406	-0,076026	22,310000	51,390000
0,739111	-0,118021	4,556	-0,075986	22,310000	51,390000
0,742079	-0,016199	4,707	-0,075943	22,310000	51,390000
0,745135	-0,313564	4,857	-0,076069	22,310000	51,405000
0,748126	-0,109921	5,008	-0,075983	22,310000	51,405000
0,751131	-0,047440	5,158	-0,075957	22,310000	51,405000
0,754120	-0,251083	5,308	-0,076042	22,310000	51,405000
0,757130	-0,242984	5,458	-0,076039	22,310000	51,405000
0,760123	-0,259182	5,608	-0,076046	22,310000	51,405000
0,763155	-0,359847	5,759	-0,076088	22,310000	51,405000
0,766075	-0,242984	5,909	-0,076039	22,310000	51,405000
0,769135	-0,109921	6,059	-0,075983	22,310000	51,405000
0,772152	-0,101822	6,210	-0,075979	22,310000	51,405000
0,775141	-0,164303	6,360	-0,076006	22,310000	51,405000
0,778128	-0,133062	6,510	-0,075993	22,310000	51,405000
0,781095	-0,266125	6,660	-0,076049	22,310000	51,405000
0,784142	-0,093722	6,810	-0,075976	22,300000	51,390000
0,787145	-0,062481	6,960	-0,075963	22,300000	51,390000
0,790168	-0,093722	7,110	-0,075976	22,300000	51,390000
0,793158	-0,031241	7,260	-0,075950	22,300000	51,390000
0,796138	-0,203643	7,410	-0,076022	22,300000	51,390000
0,799175	-0,305465	7,561	-0,076065	22,300000	51,390000
0,802098	-0,321664	7,712	-0,076072	22,300000	51,390000
0,805098	-0,031241	7,862	-0,075950	22,300000	51,390000
0,808122	-0,242984	8,012	-0,076039	22,300000	51,390000
0,811108	-0,376046	8,162	-0,076095	22,300000	51,390000
0,814132	-0,078680	8,312	-0,075970	22,300000	51,390000
0,817086	-0,133062	8,462	-0,075993	22,300000	51,390000
0,820166	-0,548449	8,612	-0,076168	22,300000	51,390000
0,823142	-0,126120	8,762	-0,075990	22,300000	51,390000
0,826146	-0,298523	8,912	-0,076063	22,300000	51,390000
0,829131	-0,149261	9,063	-0,076000	22,300000	51,390000
0,832133	-0,133062	9,213	-0,075993	22,300000	51,390000
0,835097	-0,101822	9,363	-0,075979	22,300000	51,390000
0,838193	-0,172403	9,513	-0,076009	22,300000	51,390000
0,841141	-0,359847	9,663	-0,076088	22,300000	51,390000
0,844108	-0,477868	9,813	-0,076138	22,300000	51,390000
0,847091	-0,126120	9,964	-0,075990	22,300000	51,390000
0,850110	-0,039340	10,114	-0,075953	22,300000	51,390000
0,853208	-0,118021	10,266	-0,075986	22,300000	51,390000
0,856088	0,039340	10,416	-0,075920	22,300000	51,390000
0,859172	-0,047440	10,566	-0,075957	22,300000	51,390000
0,862123	-0,203643	10,716	-0,076022	22,300000	51,390000
0,865142	-0,219842	10,867	-0,076029	22,300000	51,390000
0,868109	-0,502166	11,018	-0,076148	22,300000	51,390000
0,871140	-0,062481	11,168	-0,075963	22,300000	51,390000
0,874170	-0,298523	11,318	-0,076063	22,300000	51,390000
0,877115	-0,259182	11,468	-0,076046	22,300000	51,390000
0,880125	-0,149261	11,619	-0,076000	22,300000	51,390000
0,883140	-0,078680	11,769	-0,075970	22,300000	51,390000
0,886183	-0,078680	11,919	-0,075970	22,300000	51,390000
0,889092	-0,156204	12,070	-0,076002	22,300000	51,390000
0,892084	-0,008099	12,220	-0,075940	22,300000	51,390000
0,895089	-0,093722	12,370	-0,075976	22,300000	51,390000
0,898101	-0,251083	12,521	-0,076042	22,300000	51,390000
0,901132	-0,259182	12,671	-0,076046	22,300000	51,390000
0,904176	-0,415386	12,821	-0,076112	22,300000	51,390000
0,907180	-0,141162	12,972	-0,075996	22,300000	51,390000
0,910146	-0,109921	13,123	-0,075983	22,300000	51,390000
0,913192	-0,367947	13,273	-0,076092	22,300000	51,390000
0,916151	-0,266125	13,423	-0,076049	22,300000	51,390000
0,919124	-0,008099	13,574	-0,075940	22,300000	51,390000
0,922114	-0,384145	13,724	-0,076099	22,300000	51,390000
0,925166	-0,290423	13,874	-0,076059	22,300000	51,390000
0,928084	-0,172403	14,024	-0,076009	22,300000	51,390000
0,931147	-0,149261	14,175	-0,076000	22,300000	51,390000
0,934125	-0,070581	14,325	-0,075966	22,300000	51,390000
0,937204	-0,266125	14,475	-0,076049	22,300000	51,390000
0,940110	-0,180502	14,625	-0,076013	22,300000	51,390000
0,943154	0,039340	14,776	-0,075920	22,300000	51,390000
0,946092	-0,274224	14,926	-0,076052	22,320000	51,390000
0,949104	0,078680	15,076	-0,075903	22,320000	51,390000
0,952145	-0,367947	15,226	-0,076092	22,320000	51,390000
0,955139	-0,438527	15,376	-0,076122	22,320000	51,390000
0,958134	-0,219842	15,526	-0,076029	22,320000	51,390000
0,961119	-0,219842	15,676	-0,076029	22,320000	51,390000
0,964131	-0,180502	15,826	-0,076013	22,320000	51,390000
0,967103	0,141162	15,976	-0,075877	22,320000	51,390000
0,970142	-0,164303	16,126	-0,076006	22,320000	51,390000
0,973154	-0,234884	16,276	-0,076036	22,320000	51,390000
0,976141	-0,359847	16,426	-0,076088	22,320000	51,390000
0,979128	-0,305465	16,576	-0,076065	22,320000	51,390000
0,982125	-0,039340	16,726	-0,075953	22,320000	51,390000
0,985173	-0,062481	16,877	-0,075963	22,300000	51,390000
0,988177	-0,141162	17,027	-0,075996	22,300000	51,390000
0,991166	-0,133062	17,177	-0,075993	22,300000	51,390000
0,994138	-0,313564	17,328	-0,076069	22,300000	51,390000
0,997117	-0,062481	17,478	-0,075963	22,300000	51,390000
1,000114	-0,431585	17,628	-0,076119	22,300000	51,390000
1,003118	-0,039340	17,778	-0,075953	22,300000	51,390000
1,006081	-0,195544	17,928	-0,076019	22,300000	51,390000
1,009140	-0,384145	18,078	-0,076099	22,300000	51,390000
1,012114	-0,149261	18,228	-0,076000	22,300000	51,390000
1,015169	-0,352905	18,378	-0,076085	22,300000	51,390000
1,018138	-0,195544	18,528	-0,076019	22,300000	51,390000
1,021117	-0,344805	18,678	-0,076082	22,300000	51,390000
1,024086	-0,290423	18,829	-0,076059	22,310000	51,375000
1,027149	-0,336706	18,979	-0,076079	22,310000	51,375000
1,030093	-0,431585	19,129	-0,076119	22,310000	51,375000
1,033127	0,023141	19,279	-0,075927	22,310000	51,375000
1,036130	-0,290423	19,429	-0,076059	22,310000	51,375000
1,039112	-0,118021	19,579	-0,075986	22,310000	51,375000
1,042125	-0,242984	19,729	-0,076039	22,310000	51,375000
1,045154	-0,126120	19,879	-0,075990	22,310000	51,375000
1,048147	-0,282324	20,029	-0,076056	22,310000	51,375000
1,051086	-0,156204	20,180	-0,076002	22,310000	51,375000
1,054170	-0,431585	20,331	-0,076119	22,310000	51,375000
1,057147	-0,251083	20,481	-0,076042	22,310000	51,375000
1,060108	-0,133062	20,631	-0,075993	22,310000	51,375000
1,063128	-0,195544	20,781	-0,076019	22,310000	51,375000
1,066105	-0,195544	20,932	-0,076019	22,300000	51,405000
1,069127	-0,149261	21,082	-0,076000	22,300000	51,405000
1,072045	-0,485967	21,232	-0,076142	22,300000	51,405000
1,075114	-0,336706	21,382	-0,076079	22,300000	51,405000
1,078106	-0,407287	21,532	-0,076108	22,300000	51,405000
1,081194	-0,485967	21,682	-0,076142	22,300000	51,405000
1,084119	-0,290423	21,832	-0,076059	22,300000	51,405000
1,087190	-0,118021	21,982	-0,075986	22,300000	51,405000
1,090102	-0,344805	22,133	-0,076082	22,300000	51,405000
1,093130	-0,164303	22,283	-0,076006	22,300000	51,405000
1,096099	-0,234884	22,433	-0,076036	22,300000	51,405000
1,099157	-0,266125	22,583	-0,076049	22,300000	51,405000
1,102138	-0,274224	22,733	-0,076052	22,300000	51,405000
1,105167	-0,266125	22,883	-0,076049	22,310000	51,375000
1,108116	-0,251083	23,033	-0,076042	22,310000	51,375000
1,111100	-0,226785	23,184	-0,076032	22,310000	51,375000
1,114130	-0,219842	23,334	-0,076029	22,310000	51,375000
1,117124	-0,321664	23,484	-0,076072	22,310000	51,375000
1,120108	-0,392245	23,635	-0,076102	22,310000	51,375000
1,123139	-0,219842	23,786	-0,076029	22,310000	51,375000
1,126143	-0,469768	23,936	-0,076135	22,310000	51,375000
1,129117	-0,438527	24,086	-0,076122	22,310000	51,375000
1,132165	-0,133062	24,236	-0,075993	22,310000	51,375000
1,135102	-0,352905	24,387	-0,076085	22,310000	51,375000
1,138092	-0,298523	24,538	-0,076063	22,310000	51,375000
1,141129	-0,126120	24,689	-0,075990	22,310000	51,375000
1,144179	-0,141162	24,839	-0,075996	22,320000	51,375000
1,147145	-0,329763	24,989	-0,076076	22,320000	51,375000
1,150108	-0,266125	25,139	-0,076049	22,320000	51,375000
1,153128	-0,274224	25,290	-0,076052	22,320000	51,375000
1,156100	-0,251083	25,440	-0,076042	22,320000	51,375000
1,159107	-0,180502	25,591	-0,076013	22,320000	51,375000
1,162116	-0,164303	25,741	-0,076006	22,320000	51,375000
1,165100	-0,407287	25,891	-0,076108	22,320000	51,375000
1,168114	-0,407287	26,042	-0,076108	22,320000	51,375000
1,171086	-0,211743	26,192	-0,076026	22,320000	51,375000
1,174105	-0,359847	26,343	-0,076088	22,320000	51,375000
1,177137	-0,392245	26,493	-0,076102	22,320000	51,375000
1,180100	-0,415386	26,644	-0,076112	22,320000	51,375000
1,183123	-0,376046	26,794	-0,076095	22,320000	51,375000
1,186113	-0,008099	26,945	-0,075940	22,300000	51,405000
1,189088	-0,259182	27,095	-0,076046	22,300000	51,405000
1,192089	-0,156204	27,245	-0,076002	22,300000	51,405000
1,195071	-0,259182	27,396	-0,076046	22,300000	51,405000
1,198122	-0,313564	27,546	-0,076069	22,300000	51,405000
1,201138	-0,234884	27,696	-0,076036	22,300000	51,405000
1,204114	-0,321664	27,846	-0,076072	22,300000	51,405000
1,207135	-0,313564	27,997	-0,076069	22,300000	51,405000
1,210107	-0,180502	28,148	-0,076013	22,300000	51,405000
1,213181	0,047440	28,299	-0,075917	22,300000	51,405000
1,216082	-0,329763	28,450	-0,076076	22,300000	51,405000
1,219145	-0,454726	28,600	-0,076128	22,300000	51,405000
1,222136	-0,234884	28,750	-0,076036	22,300000	51,405000
1,225110	-0,251083	28,900	-0,076042	22,300000	51,405000
1,228113	-0,329763	29,050	-0,076076	22,300000	51,405000
1,231138	-0,367947	29,200	-0,076092	22,300000	51,405000
1,234096	-0,392245	29,350	-0,076102	22,300000	51,405000
1,237147	-0,305465	29,500	-0,076065	22,300000	51,405000
1,240119	-0,595888	29,650	-0,076188	22,300000	51,405000
1,243175	-0,149261	29,800	-0,076000	22,300000	51,405000
1,246190	-0,344805	29,950	-0,076082	22,300000	51,405000
1,249126	-0,462826	30,100	-0,076132	22,300000	51,405000
1,252086	-0,305465	30,250	-0,076065	22,300000	51,405000
1,255087	-0,399187	30,400	-0,076105	22,300000	51,405000
1,258123	-0,376046	30,551	-0,076095	22,300000	51,405000
1,261177	-0,423486	30,701	-0,076115	22,300000	51,405000
1,264115	-0,329763	30,851	-0,076076	22,300000	51,415000
1,267101	-0,203643	31,001	-0,076022	22,300000	51,415000
1,270059	-0,438527	31,151	-0,076122	22,300000	51,415000
1,273124	-0,344805	31,301	-0,076082	22,300000	51,415000
1,276145	-0,321664	31,452	-0,076072	22,300000	51,415000
1,279101	-0,392245	31,602	-0,076102	22,300000	51,415000
1,282137	-0,203643	31,752	-0,076022	22,300000	51,415000
1,285132	-0,399187	31,902	-0,076105	22,300000	51,415000
1,288129	-0,203643	32,052	-0,076022	22,300000	51,415000
1,291163	-0,290423	32,202	-0,076059	22,300000	51,415000
1,294089	-0,399187	32,352	-0,076105	22,300000	51,415000
1,297152	-0,359847	32,502	-0,076088	22,300000	51,415000
1,300110	-0,274224	32,652	-0,076052	22,300000	51,415000
1,303155	-0,462826	32,802	-0,076132	22,300000	51,415000
1,306141	-0,203643	32,952	-0,076022	22,300000	51,415000
1,309144	-0,462826	33,102	-0,076132	22,300000	51,415000
1,312119	-0,226785	33,253	-0,076032	22,300000	51,415000
1,315101	-0,367947	33,403	-0,076092	22,300000	51,415000
1,318136	-0,226785	33,553	-0,076032	22,300000	51,415000
1,321129	-0,485967	33,703	-0,076142	22,300000	51,415000
1,324131	-0,384145	33,853	-0,076099	22,300000	51,415000
1,327124	-0,188602	34,003	-0,076016	22,300000	51,415000
1,330137	-0,290423	34,153	-0,076059	22,300000	51,415000
1,333049	-0,242984	34,303	-0,076039	22,300000	51,415000
1,336028	-0,399187	34,453	-0,076105	22,300000	51,415000
1,339143	-0,407287	34,604	-0,076108	22,300000	51,415000
1,342082	-0,336706	34,755	-0,076079	22,300000	51,415000
1,345151	-0,509108	34,905	-0,076151	22,300000	51,375000
1,348122	-0,352905	35,055	-0,076085	22,300000	51,375000
1,351096	-0,533407	35,205	-0,076162	22,300000	51,375000
1,354108	-0,226785	35,356	-0,076032	22,300000	51,375000
1,357156	-0,399187	35,506	-0,076105	22,300000	51,375000
1,360073	-0,477868	35,656	-0,076138	22,300000	51,375000
1,363142	-0,336706	35,807	-0,076079	22,300000	51,375000
1,366102	-0,359847	35,958	-0,076088	22,300000	51,375000
1,369149	-0,290423	36,108	-0,076059	22,300000	51,375000
1,372105	-0,313564	36,258	-0,076069	22,300000	51,375000
1,375122	-0,321664	36,408	-0,076072	22,300000	51,375000
1,378083	-0,093722	36,558	-0,075976	22,300000	51,375000
1,381111	-0,305465	36,709	-0,076065	22,300000	51,375000
1,384067	-0,126120	36,860	-0,075990	22,310000	51,375000
1,387090	-0,399187	37,010	-0,076105	22,310000	51,375000
1,390082	-0,172403	37,160	-0,076009	22,310000	51,375000
1,393093	-0,188602	37,310	-0,076016	22,310000	51,375000
1,396107	-0,329763	37,460	-0,076076	22,310000	51,375000
1,399146	-0,446627	37,610	-0,076125	22,310000	51,375000
1,402148	-0,658370	37,761	-0,076214	22,310000	51,375000
1,405114	-0,234884	37,911	-0,076036	22,310000	51,375000
1,408132	-0,376046	38,061	-0,076095	22,310000	51,375000
1,411109	-0,376046	38,212	-0,076095	22,310000	51,375000
1,414115	-0,502166	38,362	-0,076148	22,310000	51,375000
1,417091	-0,251083	38,512	-0,076042	22,310000	51,375000
1,420131	-0,415386	38,662	-0,076112	22,310000	51,375000
1,423132	-0,533407	38,812	-0,076162	22,320000	51,375000
1,426104	-0,274224	38,963	-0,076052	22,320000	51,375000
1,429099	-0,282324	39,113	-0,076056	22,320000	51,375000
1,432138	-0,454726	39,263	-0,076128	22,320000	51,375000
1,435098	-0,502166	39,413	-0,076148	22,320000	51,375000
1,438086	-0,525307	39,563	-0,076158	22,320000	51,375000
1,441079	-0,438527	39,714	-0,076122	22,320000	51,375000
1,444154	-0,438527	39,864	-0,076122	22,320000	51,375000
1,447092	-0,595888	40,015	-0,076188	22,320000	51,375000
1,450049	-0,533407	40,166	-0,076162	22,320000	51,375000
1,453131	-0,399187	40,316	-0,076105	22,320000	51,375000
1,456166	-0,367947	40,466	-0,076092	22,320000	51,375000
1,459110	-0,376046	40,617	-0,076095	22,320000	51,375000
1,462114	-0,438527	40,768	-0,076122	22,320000	51,375000
1,465112	-0,713909	40,919	-0,076238	22,320000	51,375000
1,468129	-0,548449	41,070	-0,076168	22,320000	51,375000
1,471141	-0,321664	41,220	-0,076072	22,320000	51,375000
1,474114	-0,469768	41,370	-0,076135	22,320000	51,375000
1,477113	-0,446627	41,521	-0,076125	22,320000	51,375000
1,480056	-0,367947	41,671	-0,076092	22,320000	51,375000
1,483117	-0,674569	41,821	-0,076221	22,320000	51,375000
1,486094	-0,392245	41,971	-0,076102	22,320000	51,375000
1,489142	-0,164303	42,122	-0,076006	22,320000	51,375000
1,492119	-0,242984	42,273	-0,076039	22,320000	51,375000
1,495086	-0,502166	42,423	-0,076148	22,320000	51,375000
1,498102	-0,556548	42,574	-0,076171	22,320000	51,375000
1,501101	-0,423486	42,725	-0,076115	22,320000	51,375000
1,504094	-0,313564	42,876	-0,076069	22,310000	51,390000
1,507125	-0,548449	43,027	-0,076168	22,310000	51,390000
1,510136	-0,367947	43,178	-0,076092	22,310000	51,390000
1,513114	-0,336706	43,328	-0,076079	22,310000	51,390000
1,516117	-0,462826	43,478	-0,076132	22,310000	51,390000
1,519114	-0,305465	43,629	-0,076065	22,310000	51,390000
1,522099	-0,446627	43,779	-0,076125	22,310000	51,390000
1,525118	-0,485967	43,929	-0,076142	22,310000	51,390000
1,528138	-0,431585	44,079	-0,076119	22,310000	51,390000
1,531159	-0,446627	44,229	-0,076125	22,310000	51,390000
1,534075	-0,298523	44,380	-0,076063	22,310000	51,390000
1,537144	-0,415386	44,530	-0,076112	22,310000	51,390000
1,540103	-0,093722	44,680	-0,075976	22,310000	51,390000
1,543151	-0,533407	44,830	-0,076162	22,310000	51,375000
1,546084	-0,548449	44,980	-0,076168	22,310000	51,375000
1,549119	-0,477868	45,131	-0,076138	22,310000	51,375000
1,552052	-0,367947	45,281	-0,076092	22,310000	51,375000
1,555106	-0,587789	45,431	-0,076185	22,310000	51,375000
1,558090	-0,336706	45,581	-0,076079	22,310000	51,375000
1,561114	-0,533407	45,732	-0,076162	22,310000	51,375000
1,564116	-0,494067	45,882	-0,076145	22,310000	51,375000
1,567077	-0,344805	46,033	-0,076082	22,310000	51,375000
1,570130	-0,438527	46,183	-0,076122	22,310000	51,375000
1,573095	-0,172403	46,333	-0,076009	22,310000	51,375000
1,576107	-0,431585	46,483	-0,076119	22,310000	51,375000
1,579138	-0,509108	46,634	-0,076151	22,310000	51,375000
1,582084	-0,446627	46,785	-0,076125	22,310000	51,375000
1,585101	-0,541506	46,936	-0,076165	22,310000	51,375000
1,588087	-0,251083	47,086	-0,076042	22,310000	51,375000
1,591132	-0,384145	47,236	-0,076099	22,310000	51,375000
1,594123	-0,517208	47,386	-0,076155	22,310000	51,375000
1,597113	-0,462826	47,536	-0,076132	22,310000	51,375000
1,600114	-0,431585	47,686	-0,076119	22,310000	51,375000
1,603075	-0,469768	47,837	-0,076135	22,310000	51,375000
1,606128	-0,525307	47,988	-0,076158	22,310000	51,375000
1,609067	-0,344805	48,138	-0,076082	22,310000	51,375000
1,612174	-0,359847	48,288	-0,076088	22,310000	51,375000
1,615080	-0,384145	48,439	-0,076099	22,310000	51,375000
1,618091	-0,579689	48,589	-0,076181	22,310000	51,375000
1,621106	-0,525307	48,739	-0,076158	22,310000	51,375000
1,624131	-0,423486	48,889	-0,076115	22,310000	51,365000
1,627087	-0,610930	49,039	-0,076194	22,310000	51,365000
1,630146	-0,454726	49,189	-0,076128	22,310000	51,365000
1,633140	-0,571590	49,339	-0,076178	22,310000	51,365000
1,636089	-0,477868	49,489	-0,076138	22,310000	51,365000
1,639066	-0,595888	49,640	-0,076188	22,310000	51,365000
1,642107	-0,579689	49,790	-0,076181	22,310000	51,365000
1,645107	-0,133062	49,940	-0,075993	22,310000	51,365000
1,648064	-0,822673	50,090	-0,076284	22,310000	51,365000
1,651130	-0,438527	50,241	-0,076122	22,310000	51,365000
1,654107	-0,502166	50,391	-0,076148	22,310000	51,365000
1,657133	-0,658370	50,541	-0,076214	22,310000	51,365000
1,660117	-0,477868	50,691	-0,076138	22,310000	51,365000
1,663059	-0,251083	50,841	-0,076042	22,310000	51,365000
1,666132	-0,494067	50,992	-0,076145	22,310000	51,365000
1,669137	-0,579689	51,142	-0,076181	22,310000	51,365000
1,672108	-0,571590	51,292	-0,076178	22,310000	51,365000
1,675086	-0,642171	51,442	-0,076208	22,310000	51,365000
1,678095	-0,658370	51,592	-0,076214	22,310000	51,365000
1,681125	-0,658370	51,742	-0,076214	22,310000	51,365000
1,684126	-0,666469	51,892	-0,076218	22,310000	51,365000
1,687130	-0,674569	52,042	-0,076221	22,310000	51,365000
1,690069	-0,674569	52,192	-0,076221	22,310000	51,365000
1,693085	-0,728951	52,342	-0,076244	22,310000	51,365000
1,696098	-0,533407	52,493	-0,076162	22,310000	51,365000
1,699106	-0,846971	52,643	-0,076294	22,310000	51,365000
1,702073	-0,627129	52,793	-0,076201	22,310000	51,365000
1,705126	-0,666469	52,943	-0,076218	22,310000	51,375000
1,708069	-0,635228	53,093	-0,076205	22,310000	51,375000
1,711054	-0,603988	53,244	-0,076191	22,310000	51,375000
1,714071	-0,619030	53,394	-0,076198	22,310000	51,375000
1,717090	-0,689610	53,544	-0,076228	22,310000	51,375000
1,720106	-0,016199	53,694	-0,075943	22,310000	51,375000
1,723093	-0,344805	53,845	-0,076082	22,310000	51,375000
1,726146	-0,830772	53,995	-0,076287	22,310000	51,375000
1,729061	-0,697710	54,145	-0,076231	22,310000	51,375000
1,732091	-0,642171	54,296	-0,076208	22,310000	51,375000
1,735067	-0,603988	54,447	-0,076191	22,310000	51,375000
1,738073	-0,720851	54,598	-0,076241	22,310000	51,375000
1,741110	-0,807631	54,748	-0,076277	22,310000	51,375000
1,744153	-0,610930	54,898	-0,076194	22,310000	51,375000
1,747103	-0,603988	55,049	-0,076191	22,310000	51,375000
1,750130	-0,752092	55,199	-0,076254	22,310000	51,375000
1,753071	-0,737050	55,349	-0,076248	22,310000	51,375000
1,756093	-0,705809	55,499	-0,076234	22,310000	51,375000
1,759109	-0,799532	55,649	-0,076274	22,310000	51,375000
1,762129	-0,603988	55,799	-0,076191	22,310000	51,375000
1,765115	-0,674569	55,950	-0,076221	22,310000	51,375000
1,768123	-0,438527	56,100	-0,076122	22,310000	51,375000
1,771083	-0,924495	56,250	-0,076327	22,310000	51,375000
1,774080	-0,242984	56,401	-0,076039	22,310000	51,375000
1,777142	-0,666469	56,551	-0,076218	22,310000	51,375000
1,780068	-0,697710	56,701	-0,076231	22,310000	51,375000
1,783105	-0,681511	56,851	-0,076224	22,290000	51,390000
1,786072	-0,768291	57,001	-0,076261	22,290000	51,390000
1,789064	-0,689610	57,151	-0,076228	22,290000	51,390000
1,792099	-0,603988	57,301	-0,076191	22,290000	51,390000
1,795123	-0,720851	57,451	-0,076241	22,290000	51,390000
1,798052	-0,791432	57,601	-0,076271	22,290000	51,390000
1,801089	-0,469768	57,751	-0,076135	22,290000	51,390000
1,804111	-0,838872	57,901	-0,076291	22,290000	51,390000
1,807117	-0,477868	58,051	-0,076138	22,290000	51,390000
1,810070	-0,830772	58,201	-0,076287	22,290000	51,390000
1,813070	-0,666469	58,351	-0,076218	22,290000	51,390000
1,816115	-0,697710	58,501	-0,076231	22,290000	51,390000
1,819080	-0,768291	58,651	-0,076261	22,290000	51,390000
1,822080	-0,737050	58,801	-0,076248	22,290000	51,390000
1,825073	-0,658370	58,951	-0,076214	22,290000	51,390000
1,828098	-0,768291	59,101	-0,076261	22,290000	51,390000
1,831060	-0,627129	59,252	-0,076201	22,290000	51,390000
1,834066	-0,603988	59,403	-0,076191	22,290000	51,390000
1,837054	-1,026316	59,554	-0,076370	22,290000	51,390000
1,840105	-0,728951	59,704	-0,076244	22,290000	51,390000
1,843102	-0,791432	59,854	-0,076271	22,290000	51,390000
1,846046	-0,980034	60,004	-0,076350	22,290000	51,390000
1,849046	-0,587789	60,154	-0,076185	22,290000	51,390000
1,852119	-0,541506	60,304	-0,076165	22,290000	51,390000
1,855072	-0,674569	60,454	-0,076221	22,290000	51,390000
1,858094	-0,705809	60,605	-0,076234	22,290000	51,390000
1,861099	-1,019374	60,755	-0,076367	22,290000	51,390000
1,864116	-0,587789	60,905	-0,076185	22,290000	51,390000
1,867099	-0,878212	61,055	-0,076307	22,290000	51,390000
1,870088	-0,814573	61,205	-0,076280	22,290000	51,390000
1,873032	-1,034416	61,355	-0,076373	22,290000	51,390000
1,876119	-0,846971	61,505	-0,076294	22,290000	51,390000
1,879059	-149,313398	61,655	-0,138947	22,290000	51,390000
1,882135	-156,116938	61,805	-0,141818	22,290000	51,390000
1,885085	-158,154528	61,955	-0,142678	22,290000	51,390000
1,888111	-159,322006	62,105	-0,143170	22,290000	51,390000
1,891107	-159,510608	62,255	-0,143250	22,290000	51,390000
1,894044	-158,006424	62,406	-0,142615	22,290000	51,390000
1,897056	-157,967084	62,556	-0,142599	22,290000	51,390000
1,900106	-155,622871	62,706	-0,141609	22,290000	51,390000
1,903142	-155,599730	62,856	-0,141600	22,300000	51,375000
1,906041	-153,036832	63,006	-0,140518	22,300000	51,375000
1,909128	-150,951801	63,157	-0,139638	22,300000	51,375000
1,912065	-149,791266	63,308	-0,139148	22,300000	51,375000
1,915144	-148,067239	63,458	-0,138421	22,300000	51,375000
1,918121	-148,474526	63,608	-0,138593	22,300000	51,375000
1,921086	-145,151437	63,758	-0,137190	22,300000	51,375000
1,924072	-146,013450	63,908	-0,137554	22,300000	51,375000
1,927123	-142,094472	64,058	-0,135900	22,300000	51,375000
1,930049	-142,588539	64,208	-0,136109	22,300000	51,375000
1,933056	-139,108088	64,358	-0,134640	22,300000	51,375000
1,936039	-137,783249	64,508	-0,134081	22,300000	51,375000
1,939079	-137,760108	64,658	-0,134071	22,300000	51,375000
1,942101	-135,988642	64,808	-0,133324	22,300000	51,375000
1,945042	-134,553882	64,958	-0,132718	22,310000	51,375000
1,948126	-130,526140	65,108	-0,131019	22,310000	51,375000
1,951073	-129,020799	65,258	-0,130383	22,310000	51,375000
1,954053	-129,585447	65,408	-0,130622	22,310000	51,375000
1,957090	-126,011274	65,558	-0,129113	22,310000	51,375000
1,960117	-126,426661	65,708	-0,129289	22,310000	51,375000
1,963041	-124,427253	65,858	-0,128445	22,310000	51,375000
1,966070	-122,688185	66,008	-0,127711	22,310000	51,375000
1,969083	-118,792349	66,159	-0,126067	22,310000	51,375000
1,972126	-119,176494	66,309	-0,126229	22,310000	51,375000
1,975111	-116,127629	66,460	-0,124942	22,310000	51,375000
1,978100	-116,127629	66,610	-0,124942	22,310000	51,375000
1,981088	-112,584697	66,761	-0,123447	22,310000	51,375000
1,984124	-110,915053	66,911	-0,122743	22,310000	51,375000
1,987138	-110,005600	67,061	-0,122359	22,310000	51,375000
1,990108	-108,720101	67,212	-0,121816	22,310000	51,375000
1,993050	-106,134062	67,363	-0,120725	22,310000	51,375000
1,996086	-104,817323	67,513	-0,120169	22,310000	51,375000
1,999085	-101,940860	67,663	-0,118956	22,310000	51,375000
2,002076	-98,962576	67,813	-0,117699	22,310000	51,375000
2,005065	-98,931335	67,964	-0,117686	22,310000	51,375000
2,008059	-96,657703	68,114	-0,116726	22,310000	51,375000
2,011053	-95,403445	68,264	-0,116197	22,310000	51,375000
2,014070	-91,390745	68,415	-0,114503	22,310000	51,375000
2,017121	-91,656870	68,566	-0,114616	22,310000	51,375000
2,020064	-90,050865	68,717	-0,113938	22,310000	51,375000
2,023118	-88,082698	68,868	-0,113107	22,310000	51,405000
2,026042	-86,499833	69,019	-0,112439	22,310000	51,405000
2,029072	-81,883146	69,169	-0,110491	22,310000	51,405000
2,032043	-81,953727	69,320	-0,110521	22,310000	51,405000
2,035065	-80,480783	69,470	-0,109899	22,310000	51,405000
2,038045	-77,446960	69,621	-0,108619	22,310000	51,405000
2,041065	-76,576848	69,772	-0,108252	22,310000	51,405000
2,044044	-74,296273	69,922	-0,107290	22,310000	51,405000
2,047079	-72,854571	70,072	-0,106681	22,310000	51,405000
2,050123	-70,181752	70,222	-0,105553	22,310000	51,405000
2,053088	-67,758858	70,372	-0,104531	22,310000	51,405000
2,056045	-67,508933	70,522	-0,104425	22,310000	51,405000
2,059136	-65,180919	70,672	-0,103443	22,310000	51,405000
2,062096	-62,719842	70,822	-0,102404	22,310000	51,375000
2,065045	-58,988309	70,972	-0,100830	22,310000	51,375000
2,068036	-58,095055	71,122	-0,100453	22,310000	51,375000
2,071058	-55,085530	71,273	-0,099183	22,310000	51,375000
2,074092	-52,953060	71,423	-0,098283	22,310000	51,375000
2,077069	-53,760691	71,574	-0,098624	22,310000	51,375000
2,080104	-51,839964	71,725	-0,097813	22,310000	51,375000
2,083076	-47,671060	71,875	-0,096054	22,310000	51,375000
2,086097	-47,662961	72,025	-0,096050	22,310000	51,375000
2,089083	-45,334947	72,175	-0,095068	22,310000	51,375000
2,092086	-41,071164	72,326	-0,093269	22,310000	51,375000
2,095023	-39,833105	72,476	-0,092746	22,310000	51,375000
2,098045	-39,926827	72,627	-0,092786	22,310000	51,375000
2,101039	-37,638154	72,777	-0,091820	22,310000	51,375000
2,104069	-35,968509	72,928	-0,091115	22,310000	51,375000
2,107049	-32,597980	73,078	-0,089693	22,310000	51,375000
2,110075	-29,447293	73,228	-0,088363	22,310000	51,375000
2,113085	-29,642837	73,378	-0,088446	22,310000	51,375000
2,116076	-28,169894	73,528	-0,087824	22,310000	51,375000
2,119112	-24,893087	73,678	-0,086441	22,310000	51,375000
2,122109	-24,047273	73,828	-0,086084	22,310000	51,375000
2,125074	-21,077088	73,978	-0,084831	22,310000	51,375000
2,128036	-19,916553	74,128	-0,084341	22,310000	51,375000
2,131054	-17,885904	74,279	-0,083484	22,310000	51,375000
2,134017	-13,858162	74,430	-0,081785	22,310000	51,375000
2,137109	-14,265449	74,580	-0,081957	22,310000	51,375000
2,140030	-11,921236	74,730	-0,080967	22,310000	51,375000
2,143064	-7,846055	74,880	-0,079248	22,310000	51,365000
2,146072	-6,192610	75,030	-0,078550	22,310000	51,365000
2,149066	-3,800957	75,180	-0,077541	22,310000	51,365000
2,152052	-2,695960	75,330	-0,077074	22,310000	51,365000
2,155084	-2,311815	75,480	-0,076912	22,310000	51,365000
2,158075	2,288674	75,630	-0,074971	22,310000	51,365000
2,161013	1,684686	75,781	-0,075226	22,310000	51,365000
2,164060	5,854747	75,931	-0,073466	22,310000	51,365000
2,167118	5,752925	76,081	-0,073509	22,310000	51,365000
2,170101	7,642412	76,231	-0,072711	22,310000	51,365000
2,173114	9,954227	76,381	-0,071736	22,310000	51,365000
2,176057	13,850063	76,531	-0,070092	22,310000	51,365000
2,179035	16,107496	76,682	-0,069139	22,310000	51,365000
2,182064	17,258775	76,833	-0,068653	22,300000	51,390000
2,185085	19,399345	76,983	-0,067750	22,300000	51,390000
2,188087	20,739225	77,134	-0,067185	22,300000	51,390000
2,191046	21,546856	77,284	-0,066844	22,300000	51,390000
2,194037	23,819331	77,435	-0,065885	22,300000	51,390000
2,197102	28,059973	77,586	-0,064095	22,300000	51,390000
2,200024	27,620288	77,736	-0,064281	22,300000	51,390000
2,203043	31,798449	77,887	-0,062518	22,300000	51,390000
2,206112	31,962752	78,038	-0,062448	22,300000	51,390000
2,209044	33,264449	78,189	-0,061899	22,300000	51,390000
2,212048	35,788007	78,340	-0,060834	22,300000	51,390000
2,215045	38,994233	78,490	-0,059481	22,300000	51,390000
2,218051	41,910036	78,640	-0,058250	22,300000	51,390000
2,221107	43,492900	78,791	-0,057583	22,300000	51,390000
2,224061	43,501000	78,941	-0,057579	22,300000	51,390000
2,227080	45,420570	79,091	-0,056769	22,300000	51,390000
2,230064	48,516875	79,241	-0,055462	22,300000	51,390000
2,233074	49,441369	79,391	-0,055072	22,300000	51,390000
2,236009	51,910545	79,541	-0,054030	22,300000	51,390000
2,239058	55,272975	79,691	-0,052611	22,300000	51,390000
2,242083	55,547199	79,841	-0,052496	22,300000	51,390000
2,245043	58,784666	79,992	-0,051129	22,300000	51,390000
2,248027	59,929003	80,142	-0,050646	22,300000	51,390000
2,251072	63,237050	80,292	-0,049250	22,300000	51,390000
2,254055	63,683677	80,443	-0,049062	22,300000	51,390000
2,257031	65,353321	80,593	-0,048357	22,300000	51,390000
2,260016	70,008192	80,743	-0,046393	22,300000	51,390000
2,263088	71,670894	80,894	-0,045691	22,290000	51,390000
2,266123	73,810306	81,044	-0,044789	22,290000	51,390000
2,269081	73,442360	81,195	-0,044944	22,290000	51,390000
2,272074	75,432511	81,345	-0,044104	22,290000	51,390000
2,275074	77,532583	81,495	-0,043218	22,290000	51,390000
2,278051	79,876796	81,645	-0,042229	22,290000	51,390000
2,281045	84,015616	81,796	-0,040482	22,290000	51,390000
2,284089	85,912045	81,947	-0,039682	22,290000	51,390000
2,287075	85,903945	82,097	-0,039685	22,290000	51,390000
2,290004	89,955985	82,247	-0,037975	22,290000	51,390000
2,293086	89,556798	82,398	-0,038144	22,290000	51,390000
2,296114	92,997908	82,548	-0,036691	22,290000	51,390000
2,299135	96,038674	82,698	-0,035408	22,290000	51,390000
2,302102	97,692119	82,848	-0,034710	22,310000	51,390000
2,305062	97,841380	82,999	-0,034647	22,310000	51,390000
2,308052	101,235051	83,150	-0,033215	22,310000	51,390000
2,311018	103,845388	83,300	-0,032114	22,310000	51,390000
2,314025	104,229534	83,450	-0,031952	22,310000	51,390000
2,317064	105,992900	83,601	-0,031208	22,310000	51,390000
2,320034	109,378471	83,751	-0,029779	22,310000	51,390000
2,323020	109,668894	83,901	-0,029656	22,310000	51,390000
2,326044	112,709660	84,051	-0,028373	22,310000	51,390000
2,329029	116,063990	84,202	-0,026958	22,310000	51,390000
2,332025	116,761700	84,352	-0,026663	22,310000	51,390000
2,335056	120,258349	84,502	-0,025188	22,310000	51,390000
2,338067	122,194118	84,653	-0,024371	22,310000	51,390000
2,341142	124,256007	84,803	-0,023500	22,310000	51,365000
2,344095	124,262950	84,953	-0,023498	22,310000	51,365000
2,347055	128,401770	85,103	-0,021751	22,310000	51,365000
2,350038	128,244409	85,253	-0,021817	22,310000	51,365000
2,353065	132,736134	85,403	-0,019922	22,310000	51,365000
2,356060	132,438768	85,554	-0,020047	22,310000	51,365000
2,359077	136,388987	85,704	-0,018380	22,310000	51,365000
2,362056	135,573256	85,855	-0,018725	22,310000	51,365000
2,365043	140,323006	86,006	-0,016720	22,310000	51,365000
2,368025	140,032583	86,156	-0,016843	22,310000	51,365000
2,371054	144,085780	86,306	-0,015132	22,310000	51,365000
2,374082	146,350156	86,457	-0,014177	22,310000	51,365000
2,377065	148,059140	86,607	-0,013456	22,310000	51,365000
2,380070	147,957318	86,757	-0,013499	22,310000	51,365000
2,383090	150,630137	86,908	-0,012371	22,300000	51,405000
2,386099	152,166719	87,058	-0,011722	22,300000	51,405000
2,389032	155,614772	87,209	-0,010267	22,300000	51,405000
2,392064	158,970259	87,359	-0,008851	22,300000	51,405000
2,395112	158,867280	87,510	-0,008895	22,300000	51,405000
2,398073	162,896179	87,660	-0,007194	22,300000	51,405000
2,401107	163,132220	87,811	-0,007095	22,300000	51,405000
2,404059	164,424661	87,961	-0,006549	22,300000	51,405000
2,407048	166,580273	88,111	-0,005640	22,300000	51,405000
2,410052	171,134479	88,261	-0,003718	22,300000	51,405000
2,413057	170,883396	88,411	-0,003824	22,300000	51,405000
2,416008	174,959734	88,561	-0,002104	22,300000	51,405000
2,419062	174,559390	88,711	-0,002272	22,300000	51,405000
2,422054	178,972434	88,862	-0,000410	22,310000	51,430000
2,425063	181,143087	89,012	0,000506	22,310000	51,430000
2,428088	180,476618	89,162	0,000225	22,310000	51,430000
2,431092	182,758349	89,312	0,001187	22,310000	51,430000
2,434028	184,741558	89,462	0,002024	22,310000	51,430000
2,437048	186,849730	89,613	0,002914	22,310000	51,430000
2,440039	189,639412	89,763	0,004091	22,310000	51,430000
2,443045	193,229784	89,914	0,005606	22,310000	51,430000
2,446074	193,707651	90,064	0,005808	22,310000	51,430000
2,449018	195,431678	90,214	0,006536	22,310000	51,430000
2,452084	199,617937	90,364	0,008302	22,310000	51,430000
2,455004	201,075839	90,514	0,008917	22,310000	51,430000
2,458040	202,430761	90,664	0,009489	22,310000	51,430000
2,461050	203,097230	90,814	0,009771	22,310000	51,415000
2,464055	206,256017	90,964	0,011104	22,310000	51,415000
2,467061	206,835706	91,114	0,011348	22,310000	51,415000
2,470047	210,386737	91,264	0,012847	22,310000	51,415000
2,473076	211,202468	91,414	0,013191	22,310000	51,415000
2,476008	214,854164	91,564	0,014732	22,310000	51,415000
2,479062	215,183927	91,715	0,014871	22,310000	51,415000
2,482068	217,903029	91,866	0,016019	22,310000	51,415000
2,485035	221,940027	92,016	0,017722	22,310000	51,415000
2,488055	222,488476	92,166	0,017954	22,310000	51,415000
2,491050	226,000167	92,317	0,019436	22,310000	51,415000
2,494045	225,725942	92,467	0,019320	22,310000	51,415000
2,497034	227,684853	92,618	0,020146	22,310000	51,415000
2,500016	229,761784	92,768	0,021023	22,310000	51,415000
2,503059	234,002425	92,918	0,022812	22,310000	51,415000
2,506051	234,558973	93,068	0,023047	22,310000	51,415000
2,509029	238,008183	93,218	0,024503	22,310000	51,415000
2,512084	237,937602	93,368	0,024473	22,310000	51,415000
2,515101	239,794690	93,518	0,025257	22,310000	51,415000
2,518094	242,388829	93,668	0,026352	22,310000	51,415000
2,521080	245,979201	93,818	0,027867	22,310000	51,415000
2,524016	246,089122	93,968	0,027913	22,310000	51,415000
2,527067	250,415386	94,118	0,029739	22,310000	51,415000
2,530005	250,226785	94,268	0,029659	22,310000	51,415000
2,533049	254,805289	94,418	0,031591	22,310000	51,415000
2,536055	254,695368	94,568	0,031545	22,310000	51,415000
2,539070	258,755508	94,718	0,033258	22,310000	51,415000
2,542061	258,590047	94,868	0,033188	22,310000	51,390000
2,545049	261,740734	95,018	0,034518	22,310000	51,390000
2,548005	262,274141	95,168	0,034743	22,310000	51,390000
2,551128	264,720176	95,318	0,035775	22,310000	51,390000
2,554129	266,843389	95,468	0,036671	22,310000	51,390000
2,557047	268,811556	95,618	0,037502	22,310000	51,390000
2,560039	273,262783	95,769	0,039380	22,310000	51,390000
2,563063	275,073589	95,919	0,040145	22,310000	51,390000
2,566083	275,019207	96,069	0,040122	22,310000	51,390000
2,568980	279,156870	96,219	0,041868	22,310000	51,390000
2,572057	280,842713	96,370	0,042579	22,310000	51,390000
2,575092	281,069498	96,520	0,042675	22,310000	51,390000
2,578002	283,154528	96,670	0,043555	22,310000	51,390000
2,581087	285,059057	96,820	0,044358	22,300000	51,405000
2,584026	287,112846	96,970	0,045225	22,300000	51,405000
2,587037	290,091130	97,120	0,046482	22,300000	51,405000
2,590038	291,705235	97,270	0,047163	22,300000	51,405000
2,593074	294,668478	97,421	0,048414	22,300000	51,405000
2,596080	298,078347	97,571	0,049853	22,300000	51,405000
2,599087	299,951635	97,721	0,050643	22,300000	51,405000
2,602046	299,677410	97,871	0,050527	22,300000	51,405000
2,605081	303,478368	98,021	0,052131	22,300000	51,405000
2,608046	303,870612	98,172	0,052297	22,300000	51,405000
2,611112	306,738975	98,322	0,053507	22,300000	51,405000
2,614019	310,188185	98,472	0,054963	22,300000	51,405000
2,617042	311,434344	98,622	0,055489	22,300000	51,405000
2,620069	312,163294	98,772	0,055796	22,300000	51,405000
2,623050	314,318906	98,923	0,056706	22,300000	51,405000
2,626061	316,583281	99,073	0,057662	22,300000	51,405000
2,629028	318,645170	99,224	0,058532	22,300000	51,405000
2,632069	323,050115	99,375	0,060391	22,300000	51,405000
2,635051	322,822173	99,525	0,060294	22,300000	51,405000
2,638070	327,407620	99,675	0,062229	22,300000	51,405000
2,641052	329,195285	99,826	0,062984	22,300000	51,405000
2,644037	330,755008	99,976	0,063642	22,300000	51,405000
2,647104	330,981792	100,126	0,063738	22,300000	51,405000
2,650069	335,112513	100,276	0,065481	22,300000	51,405000
2,653069	334,807048	100,426	0,065352	22,300000	51,405000
2,656038	337,644170	100,577	0,066549	22,300000	51,405000
2,659041	341,586289	100,727	0,068213	22,300000	51,405000
2,662050	341,625629	100,878	0,068229	22,310000	51,405000
2,665039	343,201551	101,028	0,068895	22,310000	51,405000
2,668042	346,470259	101,178	0,070274	22,310000	51,405000
2,670982	347,301031	101,329	0,070625	22,310000	51,405000
2,674053	350,811565	101,479	0,072106	22,310000	51,405000
2,677043	354,033990	101,629	0,073466	22,310000	51,405000
2,680064	354,150853	101,780	0,073515	22,310000	51,405000
2,683082	358,022392	101,930	0,075149	22,310000	51,405000
2,686010	358,163553	102,080	0,075208	22,310000	51,405000
2,689061	359,990558	102,230	0,075979	22,310000	51,405000
2,692008	363,000083	102,380	0,077250	22,310000	51,405000
2,695048	363,909536	102,530	0,077633	22,310000	51,405000
2,698046	366,715418	102,680	0,078817	22,310000	51,405000
2,701019	370,665636	102,830	0,080484	22,310000	51,405000
2,704014	371,041682	102,980	0,080643	22,310000	51,405000
2,707034	372,225359	103,131	0,081143	22,310000	51,405000
2,710047	374,725776	103,281	0,082198	22,310000	51,405000
2,713036	376,607163	103,431	0,082992	22,310000	51,405000
2,716064	379,201301	103,581	0,084086	22,310000	51,405000
2,719044	381,583697	103,731	0,085092	22,310000	51,405000
2,722026	382,555632	103,881	0,085502	22,310000	51,405000
2,725087	386,451468	104,031	0,087146	22,310000	51,405000
2,728060	387,375963	104,181	0,087536	22,310000	51,405000
2,731047	389,116188	104,331	0,088271	22,310000	51,405000
2,734031	391,436102	104,481	0,089250	22,310000	51,405000
2,737030	392,972684	104,631	0,089898	22,310000	51,405000
2,740035	397,768717	104,782	0,091922	22,320000	51,405000
2,743061	399,776224	104,932	0,092769	22,320000	51,405000
2,746046	399,618863	105,082	0,092703	22,320000	51,405000
2,749011	403,851405	105,232	0,094489	22,320000	51,405000
2,752089	403,772725	105,382	0,094456	22,320000	51,405000
2,754993	407,245076	105,532	0,095921	22,320000	51,405000
2,758020	408,374371	105,682	0,096397	22,320000	51,405000
2,761078	412,403269	105,832	0,098098	22,320000	51,405000
2,764066	411,689361	105,983	0,097796	22,320000	51,405000
2,767074	415,169811	106,133	0,099265	22,320000	51,405000
2,770026	416,181085	106,283	0,099692	22,320000	51,405000
2,773082	418,234875	106,433	0,100559	22,320000	51,405000
2,776013	422,787924	106,584	0,102480	22,320000	51,405000
2,779048	423,344472	106,734	0,102715	22,320000	51,405000
2,782040	424,410128	106,884	0,103165	22,310000	51,390000
2,785077	427,984301	107,034	0,104673	22,310000	51,390000
2,788035	428,831272	107,184	0,105030	22,310000	51,390000
2,791023	433,196877	107,334	0,106873	22,310000	51,390000
2,794016	435,305049	107,485	0,107762	22,310000	51,390000
2,797069	435,047023	107,635	0,107653	22,310000	51,390000
2,800036	437,092713	107,786	0,108517	22,310000	51,390000
2,803041	439,350146	107,936	0,109469	22,310000	51,390000
2,806028	443,809473	108,086	0,111351	22,310000	51,390000
2,808988	443,418385	108,236	0,111186	22,310000	51,390000
2,812039	447,932094	108,386	0,113091	22,310000	51,390000
2,815028	447,877712	108,536	0,113068	22,310000	51,390000
2,818070	450,009025	108,687	0,113967	22,310000	51,390000
2,821047	452,141495	108,837	0,114867	22,300000	51,405000
2,824095	456,177336	108,987	0,116570	22,300000	51,405000
2,826990	456,137996	109,138	0,116554	22,300000	51,405000
2,829988	460,660962	109,288	0,118462	22,300000	51,405000
2,833057	460,324256	109,439	0,118320	22,300000	51,405000
2,836002	462,573589	109,589	0,119270	22,300000	51,405000
2,839040	464,814823	109,739	0,120215	22,300000	51,405000
2,842062	469,111004	109,889	0,122028	22,300000	51,405000
2,845029	471,234218	110,040	0,122924	22,300000	51,405000
2,848024	472,990642	110,190	0,123666	22,300000	51,405000
2,851055	473,029982	110,340	0,123682	22,300000	51,405000
2,854032	477,669811	110,490	0,125640	22,300000	51,405000
2,857009	477,223184	110,640	0,125452	22,300000	51,405000
2,860027	480,490734	110,790	0,126831	22,310000	51,405000
2,863063	480,899178	110,940	0,127003	22,310000	51,405000
2,866035	485,162961	111,090	0,128802	22,310000	51,405000
2,869059	485,954393	111,240	0,129136	22,310000	51,405000
2,872071	489,599147	111,390	0,130674	22,310000	51,405000
2,875004	489,850230	111,540	0,130780	22,310000	51,405000
2,878004	494,168395	111,690	0,132603	22,310000	51,405000
2,881031	494,066573	111,840	0,132560	22,310000	51,405000
2,884029	497,875629	111,990	0,134167	22,310000	51,405000
2,887048	498,432178	112,140	0,134402	22,310000	51,405000
2,890042	500,462826	112,290	0,135259	22,310000	51,405000
2,893053	505,283157	112,440	0,137293	22,310000	51,405000
2,896001	506,066490	112,590	0,137624	22,310000	51,405000
2,899006	509,421977	112,740	0,139040	22,310000	51,405000
2,902015	511,513950	112,891	0,139922	22,310000	51,405000
2,905009	511,051124	113,041	0,139727	22,310000	51,405000
2,908088	513,261117	113,191	0,140660	22,310000	51,405000
2,911016	515,926994	113,341	0,141785	22,310000	51,405000
2,914009	518,740975	113,491	0,142972	22,310000	51,405000
2,917035	519,618030	113,641	0,143342	22,310000	51,405000
2,920053	521,914803	113,791	0,144312	22,310000	51,405000
2,923020	524,157194	113,941	0,145258	22,310000	51,405000
2,926009	528,593380	114,091	0,147130	22,310000	51,405000
2,929005	528,169894	114,241	0,146951	22,310000	51,405000
2,932027	530,035082	114,392	0,147738	22,310000	51,405000
2,935026	534,628629	114,542	0,149677	22,310000	51,405000
2,938005	535,623704	114,692	0,150097	22,310000	51,405000
2,941035	536,814324	114,842	0,150599	22,310000	51,350000
2,944013	539,197877	114,993	0,151605	22,310000	51,350000
2,947084	543,547282	115,143	0,153440	22,310000	51,350000
2,950006	543,382979	115,293	0,153371	22,310000	51,350000
2,953046	545,013283	115,443	0,154059	22,310000	51,350000
2,956024	547,568082	115,594	0,155137	22,310000	51,350000
2,959014	551,197793	115,744	0,156669	22,310000	51,350000
2,961973	551,558797	115,894	0,156821	22,310000	51,350000
2,965055	553,870612	116,044	0,157797	22,310000	51,350000
2,967991	556,182427	116,194	0,158772	22,310000	51,350000
2,971047	560,038924	116,345	0,160400	22,310000	51,350000
2,974015	562,828606	116,496	0,161577	22,310000	51,350000
2,977018	562,539340	116,646	0,161455	22,310000	51,350000
2,980046	564,600072	116,797	0,162325	22,310000	51,350000
2,983014	567,719518	116,948	0,163641	22,310000	51,350000
2,986059	569,452801	117,098	0,164373	22,310000	51,350000
2,989040	571,403612	117,248	0,165196	22,310000	51,350000
2,992016	573,058214	117,398	0,165894	22,310000	51,350000
2,995022	576,279482	117,548	0,167253	22,310000	51,350000
2,997990	579,681252	117,698	0,168689	22,310000	51,350000
3,001028	579,845555	117,848	0,168758	22,310000	51,350000
3,003982	581,303456	117,998	0,169374	22,310000	51,350000
3,007034	584,665886	118,149	0,170792	22,310000	51,350000
3,010061	586,099489	118,299	0,171397	22,310000	51,350000
3,013000	588,036415	118,450	0,172215	22,310000	51,350000
3,016012	590,003425	118,602	0,173045	22,310000	51,350000
3,019022	594,831855	118,752	0,175083	22,310000	51,350000
3,022053	596,304799	118,903	0,175704	22,310000	51,350000
3,025027	596,838205	119,053	0,175929	22,310000	51,350000
3,028024	601,016366	119,203	0,177692	22,310000	51,350000
3,031023	603,060899	119,353	0,178555	22,310000	51,350000
3,034052	605,145929	119,503	0,179435	22,310000	51,350000
3,037048	605,373871	119,653	0,179531	22,310000	51,350000
3,040024	607,278399	119,803	0,180335	22,310000	51,350000
3,043049	609,081106	119,953	0,181096	22,310000	51,350000
3,046000	611,706485	120,103	0,182204	22,310000	51,350000
3,048965	615,970268	120,254	0,184003	22,310000	51,350000
3,052023	617,757933	120,405	0,184757	22,310000	51,350000
3,054956	617,812315	120,556	0,184780	22,310000	51,350000
3,058029	620,586956	120,706	0,185951	22,310000	51,350000
3,060972	624,694535	120,856	0,187685	22,300000	51,365000
3,063990	624,184269	121,006	0,187469	22,300000	51,365000
3,067035	629,146919	121,156	0,189563	22,300000	51,365000
3,070005	631,207651	121,306	0,190433	22,300000	51,365000
3,073102	630,706642	121,457	0,190222	22,300000	51,365000
3,076040	634,453218	121,607	0,191803	22,300000	51,365000
3,079023	635,244650	121,758	0,192137	22,300000	51,365000
3,082005	638,034332	121,908	0,193314	22,300000	51,365000
3,085027	639,421653	122,058	0,193899	22,300000	51,365000
3,088025	642,173152	122,208	0,195061	22,300000	51,365000
3,090998	643,944618	122,359	0,195808	22,300000	51,365000
3,094028	648,177160	122,509	0,197594	22,300000	51,365000
3,096973	650,567656	122,660	0,198603	22,300000	51,365000
3,099980	650,402196	122,810	0,198533	22,310000	51,365000
3,103029	654,227451	122,960	0,200147	22,310000	51,365000
3,105976	654,525974	123,110	0,200273	22,310000	51,365000
3,108936	658,075848	123,260	0,201771	22,310000	51,365000
3,112033	658,679836	123,410	0,202026	22,310000	51,365000
3,114941	661,258933	123,561	0,203115	22,310000	51,365000
3,117982	665,608338	123,711	0,204950	22,310000	51,365000
3,120965	667,442286	123,861	0,205724	22,310000	51,365000
3,124028	667,709568	124,011	0,205837	22,310000	51,365000
3,126978	672,318156	124,161	0,207782	22,310000	51,365000
3,130053	674,347647	124,312	0,208638	22,310000	51,365000
3,133025	676,698802	124,462	0,209630	22,310000	51,365000
3,135989	675,977951	124,612	0,209326	22,310000	51,365000
3,138990	679,811306	124,762	0,210944	22,310000	51,365000
3,142007	682,758349	124,913	0,212188	22,320000	51,390000
3,145004	682,804632	125,064	0,212207	22,320000	51,390000
3,147973	687,406278	125,214	0,214149	22,320000	51,390000
3,150990	687,304456	125,364	0,214106	22,320000	51,390000
3,151004	689,302707	125,514	0,214949	22,320000	51,390000
3,151009	688,808640	125,664	0,214741	22,320000	51,390000
3,151052	688,816739	125,815	0,214744	22,320000	51,390000
3,150979	688,557557	125,966	0,214635	22,320000	51,390000
3,150932	688,275233	126,117	0,214516	22,320000	51,390000
3,150994	688,448793	126,267	0,214589	22,320000	51,390000
3,150992	688,002166	126,417	0,214400	22,320000	51,390000
3,150942	688,048449	126,568	0,214420	22,320000	51,390000
3,150982	687,782324	126,718	0,214308	22,320000	51,390000
3,150979	687,782324	126,868	0,214308	22,300000	51,405000
3,151005	687,742984	127,019	0,214291	22,300000	51,405000
3,150999	687,296357	127,170	0,214103	22,300000	51,405000
3,151007	687,406278	127,320	0,214149	22,300000	51,405000
3,151030	687,468759	127,470	0,214175	22,300000	51,405000
3,151035	687,375037	127,620	0,214136	22,300000	51,405000
3,151000	686,880970	127,770	0,213927	22,300000	51,405000
3,151001	686,974693	127,920	0,213967	22,300000	51,405000
3,151046	686,677327	128,071	0,213841	22,300000	51,405000
3,151057	686,810390	128,221	0,213897	22,300000	51,405000
3,151030	686,449385	128,371	0,213745	22,300000	51,405000
3,150933	686,504924	128,521	0,213769	22,300000	51,405000
3,150933	686,598647	128,671	0,213808	22,300000	51,405000
3,150966	686,575505	128,821	0,213798	22,300000	51,405000
3,150960	686,152020	128,972	0,213620	22,300000	51,405000
3,151043	686,158962	129,123	0,213623	22,300000	51,405000
3,151008	685,948376	129,273	0,213534	22,300000	51,405000
3,151011	686,222601	129,423	0,213649	22,300000	51,405000
3,151014	686,128878	129,573	0,213610	22,300000	51,405000
3,151020	685,885895	129,723	0,213507	22,300000	51,405000
3,150994	685,822256	129,873	0,213480	22,300000	51,405000
3,151060	685,917136	130,023	0,213521	22,300000	51,405000
3,151005	685,807215	130,173	0,213474	22,300000	51,405000
3,151012	685,885895	130,323	0,213507	22,300000	51,405000
3,151029	685,666053	130,473	0,213415	22,300000	51,405000
3,150982	685,587372	130,624	0,213381	22,300000	51,405000
3,151007	685,524891	130,775	0,213355	22,300000	51,405000
3,150991	685,406870	130,925	0,213305	22,310000	51,390000
3,151012	685,509849	131,075	0,213349	22,310000	51,390000
3,151039	685,273808	131,225	0,213249	22,310000	51,390000
3,151003	685,352488	131,375	0,213282	22,310000	51,390000
3,151012	685,124546	131,525	0,213186	22,310000	51,390000
3,150965	684,945201	131,675	0,213110	22,310000	51,390000
3,150995	685,117604	131,825	0,213183	22,310000	51,390000
3,151010	684,920903	131,976	0,213100	22,310000	51,390000
3,150994	684,795940	132,126	0,213047	22,310000	51,390000
3,150934	684,835280	132,276	0,213064	22,310000	51,390000
3,151005	684,999583	132,426	0,213133	22,310000	51,390000
3,151031	684,725359	132,576	0,213018	22,310000	51,390000
3,150996	684,505517	132,726	0,212925	22,310000	51,390000
3,150981	684,804040	132,877	0,213051	22,310000	51,390000
3,150953	684,607339	133,028	0,212968	22,310000	51,390000
3,151085	684,858422	133,178	0,213074	22,310000	51,390000
3,150997	684,670977	133,328	0,212995	22,310000	51,390000
3,151016	684,513616	133,478	0,212928	22,310000	51,390000
3,150996	684,388653	133,628	0,212875	22,310000	51,390000
3,151052	684,521716	133,778	0,212932	22,310000	51,390000
3,151049	684,505517	133,928	0,212925	22,310000	51,390000
3,150998	684,137570	134,078	0,212770	22,310000	51,390000
3,151015	684,075089	134,228	0,212743	22,310000	51,390000
3,151012	684,121371	134,378	0,212763	22,310000	51,390000
3,150984	684,145670	134,528	0,212773	22,310000	51,390000
3,151002	684,137570	134,678	0,212770	22,310000	51,390000
3,150981	683,973267	134,828	0,212700	22,310000	51,390000
3,150991	684,325015	134,978	0,212849	22,310000	51,390000
3,151013	684,176911	135,129	0,212786	22,310000	51,390000
3,151020	684,027649	135,280	0,212723	22,310000	51,390000
3,150984	684,004508	135,430	0,212713	22,310000	51,390000
3,148020	683,996408	135,580	0,212710	22,310000	51,390000
3,145072	681,622112	135,731	0,211708	22,310000	51,390000
3,141969	678,783833	135,882	0,210510	22,310000	51,390000
3,139014	676,526400	136,033	0,209558	22,310000	51,390000
3,135988	674,378888	136,183	0,208651	22,310000	51,390000
3,132976	670,671653	136,333	0,207087	22,310000	51,390000
3,130014	666,886895	136,484	0,205490	22,310000	51,390000
3,127018	666,494650	136,634	0,205324	22,310000	51,390000
3,124005	664,613263	136,784	0,204530	22,300000	51,405000
3,120959	662,300291	136,934	0,203554	22,300000	51,405000
3,118009	659,941036	137,085	0,202559	22,300000	51,405000
3,115042	656,100739	137,235	0,200938	22,300000	51,405000
3,112042	655,026983	137,385	0,200485	22,300000	51,405000
3,109037	652,206059	137,536	0,199294	22,300000	51,405000
3,106027	648,035999	137,686	0,197535	22,300000	51,405000
3,103025	647,909879	137,837	0,197481	22,300000	51,405000
3,099956	643,646096	137,988	0,195682	22,300000	51,405000
3,097016	643,404269	138,139	0,195580	22,300000	51,405000
3,094050	641,076255	138,289	0,194598	22,300000	51,405000
3,091010	638,426577	138,440	0,193479	22,300000	51,405000
3,088010	636,372788	138,590	0,192613	22,300000	51,405000
3,085048	634,123454	138,740	0,191664	22,300000	51,405000
3,082048	629,201301	138,890	0,189586	22,310000	51,375000
3,079003	629,271882	139,040	0,189616	22,310000	51,375000
3,076056	624,748917	139,190	0,187708	22,310000	51,375000
3,072976	622,241558	139,340	0,186649	22,310000	51,375000
3,070019	622,350322	139,490	0,186695	22,310000	51,375000
3,066965	619,889246	139,640	0,185657	22,310000	51,375000
3,064061	615,994566	139,790	0,184013	22,310000	51,375000
3,061047	615,367437	139,940	0,183749	22,310000	51,375000
3,057989	611,840705	140,091	0,182260	22,310000	51,375000
3,055058	611,040016	140,241	0,181922	22,310000	51,375000
3,052009	607,097897	140,391	0,180259	22,310000	51,375000
3,048969	603,830347	140,541	0,178880	22,310000	51,375000
3,045992	602,215084	140,691	0,178198	22,310000	51,375000
3,042989	601,509275	140,841	0,177900	22,310000	51,390000
3,040039	598,381729	140,991	0,176581	22,310000	51,390000
3,036991	597,183011	141,141	0,176075	22,310000	51,390000
3,033984	593,006007	141,291	0,174312	22,310000	51,390000
3,030990	592,370779	141,442	0,174044	22,310000	51,390000
3,028014	588,867187	141,592	0,172565	22,310000	51,390000
3,025051	585,324256	141,742	0,171070	22,310000	51,390000
3,021989	585,324256	141,892	0,171070	22,310000	51,390000
3,019035	583,199885	142,042	0,170174	22,310000	51,390000
3,015968	580,903112	142,192	0,169205	22,310000	51,390000
3,013053	576,067739	142,342	0,167164	22,310000	51,390000
3,010018	576,005258	142,493	0,167138	22,310000	51,390000
3,007025	571,451052	142,644	0,165216	22,310000	51,390000
3,004031	571,569072	142,794	0,165266	22,310000	51,390000
3,000928	569,397262	142,944	0,164349	22,310000	51,390000
2,998045	566,857505	143,094	0,163277	22,310000	51,390000
2,995012	565,039757	143,245	0,162510	22,310000	51,390000
2,992000	562,366938	143,395	0,161382	22,310000	51,390000
2,989003	558,001333	143,545	0,159540	22,310000	51,390000
2,986049	558,204976	143,696	0,159626	22,310000	51,390000
2,983039	555,900104	143,847	0,158653	22,310000	51,390000
2,980023	553,650770	143,998	0,157704	22,310000	51,390000
2,977034	549,120862	144,148	0,155792	22,310000	51,390000
2,974045	548,658037	144,298	0,155597	22,310000	51,390000
2,970992	544,456735	144,448	0,153824	22,310000	51,390000
2,968003	544,409295	144,599	0,153804	22,310000	51,390000
2,964999	541,094305	144,749	0,152405	22,290000	51,405000
2,962029	540,192952	144,899	0,152025	22,290000	51,405000
2,958981	537,528232	145,050	0,150900	22,290000	51,405000
2,956011	533,060806	145,200	0,149015	22,290000	51,405000
2,953001	532,354997	145,350	0,148717	22,290000	51,405000
2,950023	531,077597	145,500	0,148178	22,290000	51,405000
2,947031	527,339122	145,650	0,146601	22,290000	51,405000
2,944023	524,219676	145,801	0,145284	22,290000	51,405000
2,941040	523,247741	145,951	0,144874	22,290000	51,405000
2,938049	522,157787	146,101	0,144414	22,290000	51,405000
2,935018	519,085780	146,252	0,143118	22,290000	51,405000
2,931942	514,884479	146,402	0,141345	22,290000	51,405000
2,929068	515,017541	146,552	0,141401	22,290000	51,405000
2,926015	512,830689	146,702	0,140478	22,290000	51,405000
2,923083	510,189111	146,852	0,139363	22,320000	51,405000
2,919994	505,611763	147,003	0,137432	22,320000	51,405000
2,917044	506,137070	147,153	0,137653	22,320000	51,405000
2,913997	501,536582	147,303	0,135712	22,320000	51,405000
2,910983	501,669644	147,453	0,135768	22,320000	51,405000
2,907984	499,514033	147,603	0,134858	22,320000	51,405000
2,905038	494,521299	147,753	0,132751	22,320000	51,405000
2,902021	494,230876	147,904	0,132629	22,320000	51,405000
2,899061	492,757933	148,054	0,132007	22,320000	51,405000
2,896012	490,523641	148,204	0,131064	22,320000	51,405000
2,893013	485,765792	148,354	0,129057	22,320000	51,405000
2,889990	483,422736	148,504	0,128068	22,320000	51,405000
2,887054	483,696960	148,654	0,128184	22,320000	51,405000
2,883992	479,425078	148,805	0,126381	22,310000	51,375000
2,881047	479,057131	148,955	0,126226	22,310000	51,375000
2,878037	475,709743	149,105	0,124813	22,310000	51,375000
2,875021	472,230450	149,255	0,123345	22,310000	51,375000
2,872060	470,278482	149,405	0,122521	22,310000	51,375000
2,869014	470,263440	149,555	0,122515	22,310000	51,375000
2,866096	465,543774	149,705	0,120523	22,310000	51,375000
2,863027	463,161378	149,855	0,119518	22,310000	51,375000
2,860059	461,609755	150,005	0,118863	22,310000	51,375000
2,857058	461,468593	150,155	0,118803	22,310000	51,375000
2,854044	458,748334	150,305	0,117655	22,310000	51,375000
2,851032	454,312148	150,456	0,115783	22,310000	51,375000
2,848119	453,435093	150,606	0,115413	22,310000	51,375000
2,845084	449,703560	150,756	0,113838	22,310000	51,405000
2,842079	447,634729	150,906	0,112965	22,310000	51,405000
2,839015	447,587289	151,057	0,112945	22,310000	51,405000
2,836053	444,366021	151,207	0,111586	22,310000	51,405000
2,833028	441,512700	151,357	0,110382	22,310000	51,405000
2,829979	441,026733	151,508	0,110177	22,310000	51,405000
2,827071	436,332522	151,658	0,108196	22,310000	51,405000
2,824056	436,033999	151,808	0,108070	22,310000	51,405000
2,820972	434,819081	151,958	0,107557	22,310000	51,405000
2,818056	429,920070	152,108	0,105490	22,310000	51,405000
2,815027	427,749417	152,258	0,104574	22,310000	51,405000
2,811988	427,216010	152,408	0,104349	22,310000	51,405000
2,809032	425,327681	152,558	0,103552	22,310000	51,405000
2,806065	422,804123	152,708	0,102487	22,310000	51,405000
2,803025	418,602821	152,858	0,100714	22,310000	51,405000
2,800037	418,391079	153,008	0,100625	22,310000	51,405000
2,797089	416,760775	153,158	0,099937	22,310000	51,405000
2,794013	412,065407	153,308	0,097955	22,310000	51,405000
2,791013	409,807974	153,459	0,097002	22,310000	51,405000
2,788003	407,880304	153,609	0,096189	22,310000	51,405000
2,785013	407,911545	153,760	0,096202	22,310000	51,405000
2,782102	405,630970	153,910	0,095240	22,310000	51,405000
2,779042	401,485208	154,060	0,093490	22,310000	51,405000
2,776088	401,374130	154,211	0,093443	22,310000	51,405000
2,773058	397,134645	154,361	0,091654	22,310000	51,405000
2,770081	394,399345	154,511	0,090500	22,310000	51,405000
2,767017	392,870862	154,661	0,089855	22,310000	51,405000
2,764068	392,274974	154,811	0,089604	22,310000	51,365000
2,761042	390,432927	154,962	0,088826	22,310000	51,365000
2,758020	388,237976	155,112	0,087900	22,310000	51,365000
2,755019	385,095388	155,263	0,086574	22,310000	51,365000
2,752052	383,684927	155,413	0,085979	22,310000	51,365000
2,749031	380,040173	155,563	0,084440	22,310000	51,365000
2,746016	377,178753	155,714	0,083233	22,310000	51,365000
2,743027	376,316739	155,864	0,082869	22,310000	51,365000
2,740062	374,906278	156,015	0,082274	22,310000	51,365000
2,737096	372,092297	156,165	0,081086	22,310000	51,365000
2,734034	368,769207	156,316	0,079684	22,310000	51,365000
2,731025	368,385062	156,466	0,079522	22,310000	51,365000
2,728060	363,963918	156,617	0,077656	22,310000	51,365000
2,725004	363,783416	156,767	0,077580	22,310000	51,365000
2,722016	361,871945	156,918	0,076773	22,310000	51,365000
2,718988	359,527733	157,068	0,075784	22,310000	51,365000
2,716069	356,439527	157,218	0,074481	22,310000	51,365000
2,713065	352,802873	157,369	0,072946	22,310000	51,365000
2,710071	351,885321	157,520	0,072559	22,310000	51,365000
2,707066	350,906444	157,670	0,072146	22,310000	51,365000
2,704017	346,611421	157,820	0,070333	22,310000	51,365000
2,701087	346,595222	157,970	0,070327	22,310000	51,365000
2,698111	344,117947	158,120	0,069281	22,310000	51,365000
2,695054	342,300198	158,271	0,068514	22,310000	51,365000
2,692102	337,378045	158,421	0,066437	22,310000	51,365000
2,689068	335,903945	158,572	0,065815	22,310000	51,365000
2,686075	334,516625	158,722	0,065229	22,320000	51,350000
2,683087	330,801290	158,872	0,063662	22,320000	51,350000
2,680043	330,300281	159,022	0,063450	22,320000	51,350000
2,677088	329,037924	159,173	0,062917	22,320000	51,350000
2,674055	326,670570	159,323	0,061918	22,320000	51,350000
2,671064	322,258683	159,473	0,060057	22,320000	51,350000
2,668019	322,391745	159,623	0,060113	22,320000	51,350000
2,665070	317,829439	159,774	0,058188	22,320000	51,350000
2,662078	315,486384	159,924	0,057199	22,320000	51,350000
2,659122	315,949209	160,074	0,057394	22,320000	51,350000
2,656089	313,480034	160,224	0,056352	22,320000	51,350000
2,653068	310,682252	160,374	0,055171	22,320000	51,350000
2,650073	307,185602	160,524	0,053696	22,320000	51,350000
2,647050	305,116771	160,675	0,052823	22,320000	51,350000
2,644041	304,936269	160,825	0,052747	22,310000	51,365000
2,641040	303,133562	160,975	0,051986	22,310000	51,365000
2,638118	300,616947	161,125	0,050924	22,310000	51,365000
2,635080	296,196960	161,275	0,049059	22,310000	51,365000
2,632047	296,518624	161,426	0,049194	22,310000	51,365000
2,629095	292,466584	161,576	0,047484	22,310000	51,365000
2,626043	289,746325	161,726	0,046336	22,310000	51,365000
2,623014	288,460826	161,877	0,045794	22,310000	51,365000
2,620030	287,794357	162,027	0,045513	22,310000	51,365000
2,617085	285,771808	162,178	0,044659	22,310000	51,365000
2,614057	280,998917	162,329	0,042645	22,310000	51,365000
2,611102	281,163220	162,479	0,042714	22,310000	51,365000
2,608052	276,687694	162,630	0,040826	22,310000	51,365000
2,605091	276,720092	162,780	0,040839	22,310000	51,365000
2,602026	272,282750	162,930	0,038967	22,310000	51,365000
2,599072	271,867363	163,080	0,038792	22,310000	51,365000
2,596063	267,941443	163,230	0,037135	22,310000	51,365000
2,593068	267,345555	163,380	0,036883	22,310000	51,365000
2,590070	266,554123	163,530	0,036549	22,310000	51,365000
2,587029	263,254175	163,680	0,035157	22,310000	51,365000
2,584034	262,180419	163,830	0,034704	22,310000	51,365000
2,581019	259,868604	163,980	0,033728	22,310000	51,365000
2,578044	255,992437	164,130	0,032092	22,310000	51,365000
2,575035	254,538007	164,280	0,031479	22,310000	51,365000
2,572064	250,885154	164,431	0,029937	22,310000	51,365000
2,569047	251,324839	164,581	0,030123	22,310000	51,365000
2,566065	249,177327	164,731	0,029216	22,310000	51,365000
2,563064	244,505100	164,882	0,027245	22,320000	51,375000
2,560060	242,373787	165,032	0,026345	22,320000	51,375000
2,557078	242,984717	165,182	0,026603	22,320000	51,375000
2,554073	238,399271	165,332	0,024668	22,320000	51,375000
2,551072	238,234967	165,482	0,024599	22,320000	51,375000
2,548047	233,846221	165,632	0,022747	22,320000	51,375000
2,545088	231,620029	165,782	0,021807	22,320000	51,375000
2,542060	231,871112	165,932	0,021913	22,320000	51,375000
2,539112	229,997825	166,082	0,021123	22,320000	51,375000
2,536059	227,583031	166,232	0,020104	22,320000	51,375000
2,533068	223,272965	166,382	0,018285	22,320000	51,375000
2,530096	221,407777	166,532	0,017498	22,320000	51,375000
2,527098	221,344139	166,682	0,017471	22,320000	51,375000
2,524047	217,480700	166,833	0,015840	22,310000	51,405000
2,521090	217,041016	166,983	0,015655	22,310000	51,405000
2,518052	212,527307	167,133	0,013750	22,310000	51,405000
2,515139	212,769133	167,283	0,013852	22,310000	51,405000
2,512071	208,600230	167,433	0,012093	22,310000	51,405000
2,509105	208,419727	167,583	0,012017	22,310000	51,405000
2,506082	204,407028	167,733	0,010323	22,310000	51,405000
2,503077	201,875370	167,883	0,009255	22,310000	51,405000
2,500055	201,851072	168,033	0,009245	22,310000	51,405000
2,497063	197,532907	168,183	0,007422	22,310000	51,405000
2,494070	195,589038	168,333	0,006602	22,310000	51,405000
2,491119	192,916219	168,483	0,005474	22,310000	51,405000
2,488066	192,758858	168,633	0,005408	22,310000	51,405000
2,485063	191,230376	168,783	0,004763	22,300000	51,375000
2,482086	186,849730	168,934	0,002914	22,300000	51,375000
2,479058	187,076514	169,085	0,003010	22,300000	51,375000
2,476084	184,106330	169,236	0,001756	22,300000	51,375000
2,473100	180,484717	169,386	0,000228	22,300000	51,375000
2,470032	180,461576	169,538	0,000218	22,300000	51,375000
2,467054	178,815073	169,688	-0,000477	22,300000	51,375000
2,464085	176,330856	169,838	-0,001525	22,300000	51,375000
2,461033	174,442526	169,988	-0,002322	22,300000	51,375000
2,458069	170,013283	170,139	-0,004191	22,300000	51,375000
2,455091	167,936352	170,289	-0,005067	22,300000	51,375000
2,452083	167,928253	170,439	-0,005071	22,300000	51,375000
2,449114	163,899354	170,589	-0,006771	22,300000	51,375000
2,446092	163,930595	170,739	-0,006758	22,300000	51,375000
2,443070	161,979784	170,889	-0,007581	22,310000	51,375000
2,440087	157,041432	171,039	-0,009665	22,310000	51,375000
2,437009	157,488059	171,190	-0,009477	22,310000	51,375000
2,434116	152,707068	171,340	-0,011494	22,310000	51,375000
2,431092	151,029325	171,490	-0,012202	22,310000	51,375000
2,428101	148,451385	171,641	-0,013290	22,310000	51,375000
2,425101	147,416969	171,791	-0,013727	22,310000	51,375000
2,422104	144,626129	171,942	-0,014904	22,310000	51,375000
2,419086	144,493067	172,092	-0,014960	22,310000	51,375000
2,416096	139,907620	172,242	-0,016896	22,310000	51,375000
2,413081	138,896346	172,392	-0,017322	22,310000	51,375000
2,410144	135,675078	172,543	-0,018682	22,310000	51,375000
2,407109	135,620696	172,693	-0,018705	22,310000	51,375000
2,404096	131,176411	172,843	-0,020580	22,310000	51,375000
2,401023	130,416219	172,994	-0,020901	22,310000	51,375000
2,398059	127,484218	173,145	-0,022138	22,310000	51,375000
2,395085	127,336113	173,295	-0,022201	22,310000	51,375000
2,392079	122,899928	173,445	-0,024073	22,310000	51,375000
2,389109	123,275974	173,595	-0,023914	22,310000	51,375000
2,386080	118,846731	173,745	-0,025783	22,310000	51,375000
2,383054	119,160295	173,896	-0,025651	22,310000	51,375000
2,380108	114,661628	174,046	-0,027549	22,310000	51,375000
2,377058	114,607246	174,196	-0,027572	22,310000	51,375000
2,374042	110,985634	174,346	-0,029101	22,310000	51,375000
2,371095	110,194202	174,496	-0,029435	22,310000	51,375000
2,368070	106,321507	174,646	-0,031069	22,310000	51,375000
2,365044	106,188444	174,796	-0,031125	22,310000	51,375000
2,362102	102,128305	174,946	-0,032838	22,310000	51,375000
2,359067	102,073923	175,096	-0,032861	22,310000	51,375000
2,356093	98,061223	175,246	-0,034555	22,310000	51,375000
2,353073	98,202384	175,396	-0,034495	22,310000	51,375000
2,350104	95,866271	175,546	-0,035481	22,310000	51,375000
2,347042	93,695618	175,696	-0,036397	22,310000	51,375000
2,344054	89,603081	175,846	-0,038124	22,310000	51,375000
2,341060	90,057807	175,996	-0,037932	22,310000	51,375000
2,338048	85,159953	176,147	-0,039999	22,310000	51,375000
2,335099	85,308057	176,297	-0,039937	22,310000	51,375000
2,332114	82,001166	176,447	-0,041332	22,310000	51,375000
2,329106	81,961826	176,598	-0,041349	22,310000	51,375000
2,326077	79,289007	176,749	-0,042477	22,300000	51,350000
2,323105	74,836622	176,900	-0,044355	22,300000	51,350000
2,320087	74,131970	177,050	-0,044653	22,300000	51,350000
2,317103	72,917052	177,200	-0,045166	22,300000	51,350000
2,314125	68,746992	177,350	-0,046925	22,300000	51,350000
2,311146	66,215334	177,500	-0,047994	22,300000	51,350000
2,308062	66,732542	177,651	-0,047775	22,300000	51,350000
2,305122	64,537591	177,801	-0,048702	22,300000	51,350000
2,302085	62,515042	177,951	-0,049555	22,300000	51,350000
2,299095	58,213076	178,102	-0,051371	22,300000	51,350000
2,296093	58,321840	178,253	-0,051325	22,300000	51,350000
2,293086	56,597814	178,404	-0,052052	22,300000	51,350000
2,290083	52,020466	178,555	-0,053984	22,300000	51,350000
2,287098	51,158453	178,705	-0,054348	22,300000	51,350000
2,284095	50,139079	178,856	-0,054778	22,310000	51,390000
2,281059	48,148928	179,006	-0,055618	22,310000	51,390000
2,278110	46,228201	179,156	-0,056428	22,310000	51,390000
2,275102	44,205652	179,306	-0,057282	22,310000	51,390000
2,272092	39,542682	179,456	-0,059250	22,310000	51,390000
2,269033	39,464001	179,606	-0,059283	22,310000	51,390000
2,266086	37,991058	179,757	-0,059904	22,310000	51,390000
2,263097	34,330106	179,907	-0,061449	22,310000	51,390000
2,260058	33,561815	180,058	-0,061773	22,310000	51,390000
2,257084	30,944535	180,208	-0,062878	22,310000	51,390000
2,254107	29,509775	180,358	-0,063483	22,310000	51,390000
2,251048	26,672653	180,509	-0,064681	22,310000	51,390000
2,248076	25,003008	180,660	-0,065385	22,310000	51,390000
2,245088	22,628712	180,810	-0,066387	22,310000	51,365000
2,242079	20,527483	180,960	-0,067274	22,310000	51,365000
2,239126	18,865938	181,110	-0,067975	22,310000	51,365000
2,236047	14,946960	181,260	-0,069629	22,310000	51,365000
2,233089	12,399104	181,410	-0,070704	22,310000	51,365000
2,230030	10,565157	181,560	-0,071478	22,310000	51,365000
2,227029	9,993567	181,710	-0,071719	22,310000	51,365000
2,224105	6,004008	181,860	-0,073403	22,310000	51,365000
2,221066	6,215751	182,010	-0,073313	22,310000	51,365000
2,218062	3,872695	182,160	-0,074302	22,310000	51,365000
2,215074	-0,188602	182,310	-0,076016	22,310000	51,365000
2,212077	0,259182	182,460	-0,075827	22,310000	51,365000
2,209093	-1,920727	182,610	-0,076747	22,310000	51,365000
2,206085	-5,486800	182,760	-0,078252	22,300000	51,365000
2,203111	-5,784166	182,911	-0,078377	22,300000	51,365000
2,200025	-7,704893	183,061	-0,079188	22,300000	51,365000
2,197093	-9,868604	183,211	-0,080101	22,300000	51,365000
2,194092	-12,070498	183,361	-0,081030	22,300000	51,365000
2,191069	-14,061806	183,512	-0,081871	22,300000	51,365000
2,188084	-18,097647	183,662	-0,083574	22,300000	51,365000
2,185068	-18,074506	183,812	-0,083564	22,300000	51,365000
2,182066	-20,284499	183,963	-0,084497	22,300000	51,365000
2,179083	-22,400770	184,114	-0,085390	22,300000	51,365000
2,176024	-24,603821	184,264	-0,086319	22,300000	51,365000
2,173116	-28,733385	184,414	-0,088062	22,300000	51,365000
2,170070	-28,749583	184,564	-0,088069	22,300000	51,365000
2,167113	-30,998917	184,715	-0,089018	22,300000	51,365000
2,164017	-33,303790	184,866	-0,089991	22,310000	51,365000
2,161086	-34,683011	185,017	-0,090573	22,310000	51,365000
2,158121	-36,689361	185,168	-0,091419	22,310000	51,365000
2,155066	-40,765699	185,318	-0,093140	22,310000	51,365000
2,152082	-40,803882	185,468	-0,093156	22,310000	51,365000
2,149096	-44,880221	185,618	-0,094876	22,310000	51,365000
2,146098	-46,252499	185,768	-0,095455	22,310000	51,365000
2,143082	-46,776650	185,919	-0,095676	22,310000	51,365000
2,140075	-49,081522	186,069	-0,096649	22,310000	51,365000
2,137051	-52,568915	186,220	-0,098121	22,310000	51,365000
2,134136	-53,071081	186,371	-0,098333	22,310000	51,365000
2,131141	-55,249833	186,522	-0,099252	22,310000	51,365000
2,128043	-57,209901	186,672	-0,100079	22,310000	51,365000
2,125088	-60,791016	186,823	-0,101590	22,310000	51,390000
2,122078	-63,604997	186,974	-0,102778	22,310000	51,390000
2,119102	-63,071590	187,124	-0,102553	22,310000	51,390000
2,116070	-67,955559	187,275	-0,104614	22,310000	51,390000
2,113090	-69,632146	187,426	-0,105321	22,310000	51,390000
2,110073	-71,858338	187,576	-0,106261	22,310000	51,390000
2,107083	-71,513533	187,726	-0,106115	22,310000	51,390000
2,104111	-73,488642	187,876	-0,106949	22,310000	51,390000
2,101113	-75,698636	188,026	-0,107881	22,310000	51,390000
2,098104	-79,077264	188,177	-0,109307	22,310000	51,390000
2,095086	-79,320248	188,328	-0,109410	22,310000	51,390000
2,092102	-82,800698	188,478	-0,110878	22,310000	51,390000
2,089080	-83,224184	188,629	-0,111057	22,310000	51,390000
2,086161	-87,095722	188,779	-0,112691	22,310000	51,365000
2,083063	-89,862263	188,929	-0,113858	22,310000	51,365000
2,080068	-90,435010	189,079	-0,114100	22,310000	51,365000
2,077090	-93,405195	189,229	-0,115354	22,310000	51,365000
2,074079	-94,886237	189,379	-0,115979	22,310000	51,365000
2,071117	-95,583947	189,529	-0,116273	22,310000	51,365000
2,068084	-98,970675	189,680	-0,117702	22,310000	51,365000
2,065096	-99,409203	189,830	-0,117887	22,310000	51,365000
2,062066	-101,964001	189,980	-0,118965	22,310000	51,365000
2,059140	-103,720425	190,131	-0,119707	22,310000	51,365000
2,056045	-105,930419	190,282	-0,120639	22,310000	51,365000
2,053144	-110,507766	190,433	-0,122571	22,310000	51,365000
2,050089	-110,499667	190,583	-0,122567	22,310000	51,365000
2,047127	-111,895087	190,733	-0,123156	22,310000	51,365000
2,044105	-116,362513	190,883	-0,125042	22,310000	51,365000
2,041077	-118,636145	191,033	-0,126001	22,310000	51,365000
2,038152	-118,189518	191,183	-0,125812	22,310000	51,365000
2,035108	-122,852488	191,333	-0,127780	22,310000	51,365000
2,032111	-122,397762	191,484	-0,127588	22,310000	51,365000
2,029087	-126,630304	191,634	-0,129375	22,310000	51,365000
2,026092	-126,121196	191,784	-0,129160	22,310000	51,365000
2,023074	-128,409869	191,934	-0,130125	22,310000	51,365000
2,020085	-130,706642	192,084	-0,131095	22,310000	51,365000
2,017086	-134,946127	192,234	-0,132884	22,310000	51,365000
2,014084	-135,072247	192,384	-0,132937	22,310000	51,365000
2,011088	-139,570914	192,534	-0,134835	22,310000	51,365000
2,008045	-139,132387	192,684	-0,134650	22,310000	51,365000
2,005081	-141,444202	192,834	-0,135626	22,310000	51,365000
2,002089	-144,524308	192,984	-0,136926	22,310000	51,365000
1,999092	-147,259608	193,134	-0,138080	22,310000	51,365000
1,996057	-147,416969	193,284	-0,138146	22,310000	51,365000
1,993075	-151,068665	193,434	-0,139687	22,310000	51,365000
1,990041	-151,429669	193,584	-0,139840	22,310000	51,365000
1,987090	-154,854580	193,735	-0,141285	22,310000	51,365000
1,984162	-155,231783	193,885	-0,141444	22,310000	51,365000
1,981097	-159,173902	194,036	-0,143108	22,310000	51,365000
1,978096	-160,976609	194,186	-0,143869	22,310000	51,365000
1,975083	-162,621955	194,337	-0,144563	22,310000	51,365000
1,972103	-163,045440	194,487	-0,144742	22,310000	51,365000
1,969107	-165,302873	194,637	-0,145694	22,310000	51,365000
1,966138	-169,739059	194,787	-0,147566	22,310000	51,390000
1,963071	-171,353164	194,937	-0,148248	22,310000	51,390000
1,960113	-173,172069	195,088	-0,149015	22,310000	51,390000
1,957080	-175,233958	195,239	-0,149885	22,310000	51,390000
1,954056	-175,516282	195,390	-0,150004	22,310000	51,390000
1,951103	-177,420811	195,540	-0,150808	22,310000	51,390000
1,948066	-179,379721	195,691	-0,151635	22,310000	51,390000
1,945120	-183,283657	195,843	-0,153282	22,310000	51,390000
1,942134	-183,705985	195,993	-0,153460	22,310000	51,390000
1,939120	-187,233875	196,143	-0,154949	22,310000	51,390000
1,936085	-186,810390	196,293	-0,154771	22,310000	51,390000
1,933181	-189,044681	196,443	-0,155713	22,310000	51,390000
1,930070	-191,952384	196,593	-0,156940	22,310000	51,390000
1,927189	-192,617697	196,744	-0,157221	22,310000	51,390000
1,924107	-196,772715	196,895	-0,158975	22,310000	51,350000
1,921124	-197,273724	197,045	-0,159186	22,310000	51,350000
1,918106	-201,561806	197,196	-0,160996	22,310000	51,350000
1,915144	-203,325172	197,346	-0,161740	22,310000	51,350000
1,912093	-203,607496	197,496	-0,161859	22,310000	51,350000
1,909120	-205,354663	197,646	-0,162596	22,310000	51,350000
1,906100	-207,455893	197,796	-0,163483	22,310000	51,350000
1,903122	-209,132479	197,946	-0,164190	22,310000	51,350000
1,900093	-211,970759	198,096	-0,165388	22,310000	51,350000
1,897117	-212,973934	198,246	-0,165812	22,310000	51,350000
1,894082	-217,402020	198,397	-0,167680	22,310000	51,350000
1,891116	-218,969842	198,548	-0,168342	22,310000	51,350000
1,888126	-218,444535	198,698	-0,168120	22,310000	51,350000
1,885083	-222,880721	198,849	-0,169992	22,320000	51,390000
1,882050	-224,973850	198,999	-0,170875	22,320000	51,390000
1,879100	-226,885321	199,150	-0,171682	22,320000	51,390000
1,876067	-228,892828	199,300	-0,172529	22,320000	51,390000
1,873067	-231,017199	199,450	-0,173426	22,320000	51,390000
1,870077	-232,051614	199,601	-0,173862	22,320000	51,390000
1,867103	-234,652695	199,751	-0,174960	22,320000	51,390000
1,864135	-234,386571	199,901	-0,174848	22,320000	51,390000
1,861123	-237,271133	200,051	-0,176065	22,320000	51,390000
1,858062	-238,415469	200,202	-0,176548	22,320000	51,390000
1,855117	-240,367437	200,352	-0,177372	22,320000	51,390000
1,852132	-244,356996	200,502	-0,179055	22,320000	51,390000
1,849093	-246,135404	200,652	-0,179806	22,320000	51,390000
1,846172	-246,284666	200,802	-0,179869	22,310000	51,405000
1,843096	-250,682668	200,953	-0,181725	22,310000	51,405000
1,840098	-252,492317	201,104	-0,182488	22,310000	51,405000
1,837079	-253,331189	201,256	-0,182842	22,310000	51,405000
1,834130	-253,895836	201,407	-0,183081	22,310000	51,405000
1,831097	-258,284582	201,558	-0,184933	22,310000	51,405000
1,828093	-260,236550	201,708	-0,185756	22,310000	51,405000
1,825163	-260,165969	201,858	-0,185727	22,310000	51,405000
1,822122	-264,351072	202,008	-0,187493	22,310000	51,405000
1,819105	-266,624704	202,158	-0,188452	22,310000	51,405000
1,816034	-267,964585	202,308	-0,189018	22,310000	51,405000
1,813139	-270,448802	202,459	-0,190066	22,310000	51,405000
1,810126	-272,307048	202,610	-0,190850	22,310000	51,405000
1,807075	-272,392671	202,760	-0,190886	22,310000	51,405000
1,804113	-276,382229	202,910	-0,192570	22,310000	51,405000
1,801055	-275,818739	203,061	-0,192332	22,310000	51,405000
1,798143	-279,243650	203,212	-0,193777	22,310000	51,405000
1,795161	-281,735967	203,363	-0,194829	22,310000	51,405000
1,792107	-282,379295	203,513	-0,195101	22,310000	51,405000
1,789145	-284,777890	203,663	-0,196113	22,310000	51,405000
1,786118	-284,973434	203,813	-0,196195	22,310000	51,405000
1,783145	-289,291599	203,963	-0,198018	22,310000	51,405000
1,780122	-288,923652	204,114	-0,197862	22,310000	51,405000
1,777043	-290,851322	204,264	-0,198676	22,310000	51,405000
1,774151	-294,904519	204,414	-0,200386	22,310000	51,405000
1,771056	-294,496075	204,564	-0,200214	22,310000	51,405000
1,768126	-298,791099	204,715	-0,202026	22,310000	51,375000
1,765126	-300,358921	204,865	-0,202688	22,310000	51,375000
1,762067	-299,825515	205,016	-0,202463	22,310000	51,375000
1,759148	-302,122288	205,166	-0,203432	22,310000	51,375000
1,756055	-303,956235	205,316	-0,204206	22,310000	51,375000
1,753106	-308,213076	205,466	-0,206002	22,310000	51,375000
1,750166	-307,820831	205,617	-0,205837	22,310000	51,375000
1,747081	-311,927253	205,767	-0,207570	22,310000	51,375000
1,744141	-311,904112	205,918	-0,207560	22,310000	51,375000
1,741112	-315,478284	206,069	-0,209068	22,310000	51,375000
1,738101	-318,418385	206,220	-0,210309	22,310000	51,375000
1,735148	-319,060556	206,370	-0,210580	22,310000	51,375000
1,732121	-319,718926	206,520	-0,210858	22,310000	51,375000
1,729107	-323,802207	206,670	-0,212581	22,310000	51,375000
1,726105	-324,076431	206,820	-0,212697	22,310000	51,405000
1,723084	-328,497575	206,970	-0,214563	22,310000	51,405000
1,720161	-330,566406	207,120	-0,215436	22,310000	51,405000
1,717070	-329,830513	207,270	-0,215125	22,310000	51,405000
1,714111	-333,897595	207,420	-0,216841	22,310000	51,405000
1,711079	-334,414803	207,570	-0,217060	22,310000	51,405000
1,708169	-337,714751	207,720	-0,218452	22,310000	51,405000
1,705117	-337,291266	207,871	-0,218273	22,310000	51,405000
1,702087	-339,282574	208,022	-0,219114	22,310000	51,405000
1,699082	-341,461326	208,172	-0,220033	22,310000	51,405000
1,696164	-344,157287	208,323	-0,221171	22,310000	51,405000
1,693090	-345,623288	208,473	-0,221790	22,310000	51,405000
1,690139	-349,699626	208,623	-0,223510	22,310000	51,405000
1,687125	-349,542265	208,774	-0,223443	22,310000	51,375000
1,684145	-352,692952	208,924	-0,224773	22,310000	51,375000
1,681156	-352,858412	209,075	-0,224843	22,310000	51,375000
1,678175	-354,425078	209,225	-0,225504	22,310000	51,375000
1,675150	-358,470176	209,376	-0,227211	22,310000	51,375000
1,672111	-360,460327	209,526	-0,228051	22,310000	51,375000
1,669090	-359,793857	209,676	-0,227770	22,310000	51,375000
1,666141	-363,195627	209,826	-0,229205	22,310000	51,375000
1,663083	-363,760275	209,976	-0,229443	22,310000	51,375000
1,660122	-365,687944	210,126	-0,230257	22,310000	51,375000
1,657101	-369,795524	210,277	-0,231990	22,310000	51,375000
1,654146	-371,614429	210,428	-0,232758	22,310000	51,375000
1,651094	-371,543848	210,578	-0,232728	22,310000	51,375000
1,648102	-374,137987	210,728	-0,233823	22,310000	51,390000
1,645077	-375,156204	210,879	-0,234252	22,310000	51,390000
1,642153	-377,813981	211,029	-0,235374	22,310000	51,390000
1,639096	-379,757850	211,179	-0,236194	22,310000	51,390000
1,636094	-381,089631	211,329	-0,236756	22,310000	51,390000
1,633124	-385,425152	211,479	-0,238586	22,310000	51,390000
1,630128	-384,837363	211,629	-0,238338	22,310000	51,390000
1,627123	-387,791349	211,779	-0,239584	22,310000	51,390000
1,624096	-389,516532	211,930	-0,240313	22,310000	51,390000
1,621142	-390,574089	212,080	-0,240759	22,310000	51,390000
1,618177	-393,027066	212,230	-0,241794	22,310000	51,390000
1,615162	-394,586789	212,380	-0,242452	22,310000	51,390000
1,612160	-396,993483	212,530	-0,243468	22,310000	51,390000
1,609129	-400,873121	212,680	-0,245105	22,310000	51,390000
1,606092	-400,763200	212,831	-0,245059	22,300000	51,375000
1,603127	-405,003841	212,981	-0,246848	22,300000	51,375000
1,600105	-404,368613	213,131	-0,246580	22,300000	51,375000
1,597106	-407,755341	213,281	-0,248009	22,300000	51,375000
1,594176	-407,888403	213,432	-0,248065	22,300000	51,375000
1,591136	-410,052114	213,583	-0,248979	22,300000	51,375000
1,588157	-413,562648	213,733	-0,250460	22,300000	51,375000
1,585081	-415,177910	213,883	-0,251142	22,300000	51,375000
1,582183	-417,497825	214,033	-0,252121	22,300000	51,375000
1,579129	-416,854497	214,183	-0,251849	22,300000	51,375000
1,576096	-421,188861	214,333	-0,253678	22,300000	51,375000
1,573127	-421,604247	214,483	-0,253854	22,300000	51,375000
1,570157	-424,708651	214,634	-0,255164	22,300000	51,375000
1,567168	-424,363846	214,784	-0,255018	22,320000	51,415000
1,564115	-426,276474	214,934	-0,255825	22,320000	51,415000
1,561069	-429,184177	215,085	-0,257052	22,320000	51,415000
1,558106	-429,787008	215,235	-0,257307	22,320000	51,415000
1,555178	-431,487892	215,386	-0,258024	22,320000	51,415000
1,552094	-434,654778	215,537	-0,259361	22,320000	51,415000
1,549182	-437,312556	215,687	-0,260482	22,320000	51,415000
1,546141	-438,997242	215,837	-0,261193	22,320000	51,415000
1,543077	-438,495076	215,987	-0,260981	22,320000	51,415000
1,540172	-439,944877	216,137	-0,261593	22,320000	51,415000
1,537166	-441,606422	216,287	-0,262294	22,320000	51,415000
1,534141	-443,668311	216,438	-0,263165	22,320000	51,415000
1,531162	-447,046940	216,588	-0,264590	22,320000	51,415000
1,528115	-448,794107	216,738	-0,265328	22,310000	51,365000
1,525166	-448,825348	216,889	-0,265341	22,310000	51,365000
1,522222	-450,353830	217,040	-0,265986	22,310000	51,365000
1,519184	-454,453310	217,190	-0,267716	22,310000	51,365000
1,516108	-454,986717	217,340	-0,267941	22,310000	51,365000
1,513127	-455,778149	217,490	-0,268275	22,310000	51,365000
1,510103	-457,541515	217,641	-0,269019	22,310000	51,365000
1,507152	-460,928243	217,791	-0,270448	22,310000	51,365000
1,504101	-462,785332	217,941	-0,271232	22,310000	51,365000
1,501163	-465,050865	218,091	-0,272188	22,310000	51,365000
1,498130	-465,293848	218,241	-0,272291	22,310000	51,365000
1,495132	-468,405195	218,392	-0,273604	22,310000	51,365000
1,492156	-469,792515	218,542	-0,274189	22,310000	51,365000
1,489096	-469,424569	218,692	-0,274034	22,310000	51,365000
1,486132	-471,508442	218,842	-0,274913	22,300000	51,365000
1,483157	-475,051374	218,992	-0,276408	22,300000	51,365000
1,480125	-475,443619	219,143	-0,276574	22,300000	51,365000
1,477144	-478,241401	219,293	-0,277754	22,300000	51,365000
1,474114	-479,057131	219,443	-0,278099	22,300000	51,365000
1,471077	-479,691203	219,593	-0,278366	22,300000	51,365000
1,468103	-481,502009	219,743	-0,279130	22,300000	51,365000
1,465145	-483,312815	219,893	-0,279895	22,300000	51,365000
1,462111	-485,194202	220,043	-0,280688	22,300000	51,365000
1,459121	-486,698386	220,193	-0,281323	22,300000	51,365000
1,456082	-488,305548	220,343	-0,282001	22,300000	51,365000
1,453126	-491,676077	220,494	-0,283424	22,300000	51,365000
1,450124	-491,190110	220,644	-0,283219	22,300000	51,365000
1,447120	-495,015366	220,795	-0,284833	22,310000	51,405000
1,444164	-496,637570	220,946	-0,285518	22,310000	51,405000
1,441168	-496,448969	221,096	-0,285438	22,310000	51,405000
1,438100	-500,251083	221,246	-0,287042	22,310000	51,405000
1,435152	-501,904528	221,397	-0,287740	22,310000	51,405000
1,432143	-501,183677	221,547	-0,287436	22,310000	51,405000
1,429158	-503,190027	221,697	-0,288283	22,310000	51,405000
1,426144	-504,874713	221,848	-0,288994	22,310000	51,405000
1,423129	-508,865429	221,998	-0,290678	22,310000	51,405000
1,420164	-510,706318	222,148	-0,291455	22,310000	51,405000
1,417176	-511,388987	222,298	-0,291743	22,310000	51,405000
1,414128	-511,874954	222,448	-0,291948	22,310000	51,405000
1,411118	-514,390412	222,598	-0,293009	22,310000	51,405000
1,408131	-515,002499	222,748	-0,293268	22,310000	51,405000
1,405097	-517,823423	222,898	-0,294458	22,310000	51,405000
1,402119	-518,223767	223,048	-0,294627	22,310000	51,405000
1,399187	-520,159536	223,198	-0,295444	22,310000	51,405000
1,396123	-521,318915	223,348	-0,295933	22,310000	51,405000
1,393158	-523,004758	223,498	-0,296645	22,310000	51,405000
1,390173	-524,861846	223,648	-0,297428	22,310000	51,405000
1,387170	-528,122454	223,798	-0,298804	22,310000	51,405000
1,384094	-530,396086	223,948	-0,299764	22,310000	51,405000
1,381080	-530,747834	224,098	-0,299912	22,310000	51,405000
1,378145	-531,234958	224,248	-0,300118	22,310000	51,405000
1,375145	-534,338205	224,398	-0,301427	22,310000	51,405000
1,372090	-534,275724	224,548	-0,301401	22,310000	51,405000
1,369138	-535,991651	224,698	-0,302125	22,310000	51,405000
1,366155	-539,385321	224,850	-0,303557	22,300000	51,340000
1,363176	-539,276557	225,000	-0,303511	22,300000	51,340000
1,360144	-540,350313	225,150	-0,303964	22,300000	51,340000
1,357114	-544,597897	225,301	-0,305757	22,300000	51,340000
1,354121	-543,328597	225,451	-0,305221	22,300000	51,340000
1,351096	-547,365595	225,602	-0,306925	22,300000	51,340000
1,348107	-548,626796	225,752	-0,307457	22,300000	51,340000
1,345129	-548,273891	225,902	-0,307308	22,300000	51,340000
1,342124	-552,091047	226,052	-0,308919	22,300000	51,340000
1,339075	-551,048532	226,202	-0,308479	22,300000	51,340000
1,336175	-554,936269	226,352	-0,310120	22,300000	51,340000
1,333121	-554,215418	226,502	-0,309815	22,300000	51,340000
1,330160	-556,096805	226,652	-0,310609	22,300000	51,340000
1,327153	-557,679669	226,802	-0,311277	22,310000	51,375000
1,324132	-561,536165	226,952	-0,312905	22,310000	51,375000
1,321138	-560,728534	227,102	-0,312564	22,310000	51,375000
1,318122	-564,107163	227,252	-0,313990	22,310000	51,375000
1,315152	-565,463242	227,402	-0,314562	22,310000	51,375000
1,312140	-567,116688	227,552	-0,315260	22,310000	51,375000
1,309108	-566,543941	227,702	-0,315018	22,310000	51,375000
1,306160	-568,277223	227,852	-0,315750	22,310000	51,375000
1,303112	-569,484042	228,003	-0,316259	22,310000	51,375000
1,300093	-572,971434	228,153	-0,317730	22,310000	51,375000
1,297106	-572,454227	228,304	-0,317512	22,310000	51,375000
1,294134	-573,998908	228,455	-0,318164	22,310000	51,375000
1,291115	-576,459984	228,605	-0,319203	22,310000	51,375000
1,288138	-578,105330	228,756	-0,319897	22,310000	51,375000
1,285133	-578,302031	228,906	-0,319980	22,310000	51,375000
1,282125	-580,433344	229,056	-0,320879	22,310000	51,375000
1,279100	-580,636987	229,206	-0,320965	22,310000	51,375000
1,276135	-582,541515	229,356	-0,321769	22,310000	51,375000
1,273115	-584,038757	229,507	-0,322401	22,310000	51,375000
1,270131	-585,590381	229,658	-0,323056	22,310000	51,375000
1,267192	-588,765366	229,808	-0,324396	22,310000	51,375000
1,264197	-588,616104	229,959	-0,324333	22,310000	51,375000
1,261090	-592,590621	230,110	-0,326010	22,310000	51,375000
1,258131	-592,275900	230,260	-0,325877	22,310000	51,375000
1,255119	-595,858172	230,410	-0,327389	22,310000	51,375000
1,252152	-595,357163	230,560	-0,327177	22,310000	51,375000
1,249080	-596,744483	230,710	-0,327763	22,300000	51,390000
1,246147	-598,397928	230,861	-0,328460	22,300000	51,390000
1,243128	-600,474859	231,011	-0,329337	22,300000	51,390000
1,240160	-604,073330	231,161	-0,330855	22,300000	51,390000
1,237166	-605,037165	231,312	-0,331262	22,300000	51,390000
1,234171	-604,840464	231,462	-0,331179	22,300000	51,390000
1,231133	-608,297773	231,612	-0,332638	22,300000	51,390000
1,228149	-610,335364	231,762	-0,333498	22,300000	51,390000
1,225134	-611,519041	231,912	-0,333998	22,300000	51,390000
1,222127	-611,213576	232,062	-0,333869	22,300000	51,390000
1,219142	-612,976942	232,212	-0,334613	22,300000	51,390000
1,216215	-614,834031	232,363	-0,335396	22,300000	51,390000
1,213149	-617,546190	232,513	-0,336541	22,300000	51,390000
1,210137	-619,858005	232,663	-0,337517	22,300000	51,390000
1,207168	-619,936685	232,814	-0,337550	22,320000	51,390000
1,204144	-623,103571	232,964	-0,338886	22,320000	51,390000
1,201160	-622,492641	233,115	-0,338628	22,320000	51,390000
1,198116	-623,581439	233,265	-0,339088	22,320000	51,390000
1,195099	-625,070581	233,415	-0,339716	22,320000	51,390000
1,192215	-628,942119	233,567	-0,341350	22,320000	51,390000
1,189132	-627,938944	233,718	-0,340927	22,320000	51,390000
1,186111	-630,165136	233,868	-0,341866	22,320000	51,390000
1,183131	-629,843472	234,019	-0,341730	22,320000	51,390000
1,180149	-633,002259	234,170	-0,343063	22,320000	51,390000
1,177161	-633,543765	234,320	-0,343292	22,320000	51,390000
1,174134	-632,650511	234,470	-0,342915	22,320000	51,390000
1,171149	-633,214001	234,620	-0,343153	22,320000	51,390000
1,168106	-635,589455	234,770	-0,344155	22,300000	51,375000
1,165138	-638,073673	234,920	-0,345204	22,300000	51,375000
1,162178	-638,277316	235,070	-0,345290	22,300000	51,375000
1,159166	-640,206143	235,220	-0,346104	22,300000	51,375000
1,156161	-641,882729	235,371	-0,346811	22,300000	51,375000
1,153165	-640,825172	235,522	-0,346365	22,300000	51,375000
1,150124	-642,251833	235,672	-0,346967	22,300000	51,375000
1,147130	-643,128888	235,822	-0,347337	22,300000	51,375000
1,144121	-644,885312	235,972	-0,348078	22,300000	51,375000
1,141121	-647,354488	236,122	-0,349120	22,300000	51,375000
1,138176	-647,550031	236,272	-0,349203	22,300000	51,375000
1,135146	-646,688018	236,422	-0,348839	22,300000	51,375000
1,132152	-649,901187	236,572	-0,350195	22,300000	51,375000
1,129172	-649,054215	236,722	-0,349837	22,300000	51,390000
1,126126	-650,684519	236,872	-0,350525	22,300000	51,390000
1,123121	-651,516449	237,022	-0,350876	22,300000	51,390000
1,120102	-653,404778	237,173	-0,351673	22,300000	51,390000
1,117167	-654,063148	237,323	-0,351951	22,300000	51,390000
1,114152	-655,442369	237,473	-0,352533	22,300000	51,390000
1,111158	-659,024641	237,623	-0,354045	22,300000	51,390000
1,108182	-658,083947	237,773	-0,353648	22,300000	51,390000
1,105221	-659,080180	237,923	-0,354068	22,300000	51,390000
1,102149	-660,129638	238,073	-0,354511	22,300000	51,390000
1,099105	-661,525057	238,223	-0,355100	22,300000	51,390000
1,096108	-662,685593	238,373	-0,355590	22,300000	51,390000
1,093166	-663,610088	238,524	-0,355980	22,300000	51,390000
1,090095	-664,910628	238,675	-0,356529	22,300000	51,390000
1,087124	-667,748908	238,826	-0,357727	22,310000	51,365000
1,084126	-666,667052	238,976	-0,357270	22,310000	51,365000
1,081139	-667,748908	239,126	-0,357727	22,310000	51,365000
1,078116	-669,512274	239,276	-0,358471	22,310000	51,365000
1,075081	-670,177586	239,426	-0,358751	22,310000	51,365000
1,072117	-671,142578	239,576	-0,359159	22,310000	51,365000
1,069113	-672,497501	239,726	-0,359730	22,310000	51,365000
1,066120	-674,881054	239,876	-0,360736	22,310000	51,365000
1,063102	-674,771133	240,026	-0,360690	22,310000	51,365000
1,060096	-676,127212	240,177	-0,361262	22,310000	51,365000
1,057095	-674,999074	240,327	-0,360786	22,310000	51,365000
1,054099	-675,798606	240,478	-0,361124	22,310000	51,365000
1,051105	-677,342130	240,628	-0,361775	22,310000	51,365000
1,048153	-677,357172	240,778	-0,361781	22,310000	51,365000
1,045184	-678,290923	240,928	-0,362175	22,310000	51,365000
1,042150	-681,425411	241,078	-0,363498	22,310000	51,365000
1,039093	-680,602738	241,228	-0,363151	22,310000	51,365000
1,036121	-683,228118	241,379	-0,364259	22,310000	51,365000
1,033147	-682,891412	241,529	-0,364117	22,310000	51,365000
1,030139	-684,121371	241,680	-0,364636	22,310000	51,365000
1,027144	-683,824006	241,830	-0,364510	22,310000	51,365000
1,024120	-684,364355	241,980	-0,364738	22,310000	51,365000
1,021200	-685,383729	242,131	-0,365168	22,310000	51,365000
1,018101	-685,705393	242,281	-0,365304	22,310000	51,365000
1,015067	-686,168219	242,432	-0,365500	22,310000	51,365000
1,012195	-688,613096	242,582	-0,366531	22,310000	51,365000
1,009126	-689,075922	242,732	-0,366727	22,310000	51,390000
1,006131	-688,299532	242,882	-0,366399	22,310000	51,390000
1,003106	-687,500000	243,033	-0,366062	22,310000	51,390000
1,000131	-689,427670	243,183	-0,366875	22,310000	51,390000
0,997106	-691,051031	243,334	-0,367560	22,310000	51,390000
0,994170	-690,862430	243,484	-0,367480	22,310000	51,390000
0,991122	-691,834364	243,634	-0,367891	22,310000	51,390000
0,988136	-690,156620	243,785	-0,367183	22,310000	51,390000
0,985113	-690,470185	243,936	-0,367315	22,310000	51,390000
0,982083	-691,904945	244,086	-0,367920	22,310000	51,390000
0,979109	-693,080522	244,237	-0,368417	22,310000	51,390000
0,976154	-691,678160	244,387	-0,367825	22,310000	51,390000
0,973130	-693,778232	244,538	-0,368711	22,310000	51,390000
0,970126	-691,967426	244,688	-0,367947	22,310000	51,390000
0,967147	-692,477692	244,839	-0,368162	22,310000	51,390000
0,964162	-694,021216	244,989	-0,368813	22,310000	51,390000
0,961068	-694,178577	245,140	-0,368880	22,310000	51,390000
0,958160	-692,320331	245,290	-0,368096	22,310000	51,390000
0,955136	-694,507183	245,440	-0,369019	22,310000	51,390000
0,952166	-693,190444	245,590	-0,368463	22,310000	51,390000
0,949135	-695,103071	245,740	-0,369270	22,310000	51,390000
0,946116	-695,086872	245,890	-0,369263	22,310000	51,390000
0,943115	-695,354154	246,040	-0,369376	22,310000	51,390000
0,940119	-693,973776	246,190	-0,368793	22,310000	51,390000
0,937137	-695,855163	246,340	-0,369587	22,310000	51,390000
0,934147	-693,520207	246,490	-0,368602	22,310000	51,390000
0,931122	-692,305289	246,640	-0,368089	22,310000	51,390000
0,928166	-694,593963	246,790	-0,369055	22,310000	51,405000
0,925128	-693,057381	246,941	-0,368407	22,310000	51,405000
0,922112	-694,976951	247,092	-0,369217	22,310000	51,405000
0,919123	-692,696377	247,244	-0,368254	22,310000	51,405000
0,916139	-691,889903	247,394	-0,367914	22,310000	51,405000
0,913177	-692,970601	247,545	-0,368370	22,310000	51,405000
0,910110	-693,535249	247,696	-0,368608	22,310000	51,405000
0,907202	-691,622621	247,846	-0,367801	22,310000	51,405000
0,904130	-690,432002	247,996	-0,367299	22,310000	51,405000
0,901123	-690,235301	248,146	-0,367216	22,310000	51,405000
0,898139	-688,699876	248,297	-0,366568	22,310000	51,405000
0,895141	-687,649261	248,447	-0,366125	22,310000	51,405000
0,892132	-684,999583	248,597	-0,365006	22,310000	51,405000
0,889191	-679,763866	248,748	-0,362797	22,320000	51,390000
0,886139	-675,288340	248,898	-0,360908	22,320000	51,390000
0,883209	-667,419144	249,048	-0,357587	22,320000	51,390000
0,880139	-661,188352	249,199	-0,354958	22,320000	51,390000
0,877103	-643,882137	249,349	-0,347655	22,320000	51,390000
0,874213	-1,638403	249,500	-0,076628	22,320000	51,390000
0,871148	-0,705809	249,650	-0,076234	22,320000	51,390000
0,868089	-0,799532	249,800	-0,076274	22,320000	51,390000
0,865159	-0,689610	249,951	-0,076228	22,320000	51,390000
0,862155	-0,705809	250,102	-0,076234	22,320000	51,390000
0,859146	-0,367947	250,252	-0,076092	22,320000	51,390000
0,856106	-0,344805	250,402	-0,076082	22,320000	51,390000
0,853132	-0,642171	250,553	-0,076208	22,320000	51,390000
0,850083	-0,642171	250,704	-0,076208	22,320000	51,390000
0,847168	-0,635228	250,854	-0,076205	22,310000	51,375000
0,844165	-0,376046	251,004	-0,076095	22,310000	51,375000
0,841153	-0,658370	251,154	-0,076214	22,310000	51,375000
0,838108	-0,290423	251,304	-0,076059	22,310000	51,375000
0,835088	-0,415386	251,455	-0,076112	22,310000	51,375000
0,832155	-0,359847	251,605	-0,076088	22,310000	51,375000
0,829118	-0,462826	251,755	-0,076132	22,310000	51,375000
0,826154	-0,384145	251,905	-0,076099	22,310000	51,375000
0,823137	-0,423486	252,055	-0,076115	22,310000	51,375000
0,820124	-0,384145	252,205	-0,076099	22,310000	51,375000
0,817157	-0,548449	252,355	-0,076168	22,310000	51,375000
0,814131	-0,195544	252,505	-0,076019	22,310000	51,375000
0,811159	-0,477868	252,655	-0,076138	22,310000	51,375000
0,808162	-0,352905	252,806	-0,076085	22,310000	51,375000
0,805146	-0,509108	252,956	-0,076151	22,310000	51,375000
0,802112	-0,234884	253,106	-0,076036	22,310000	51,375000
0,799141	-0,446627	253,257	-0,076125	22,310000	51,375000
0,796110	-0,407287	253,407	-0,076108	22,310000	51,375000
0,793090	-0,313564	253,558	-0,076069	22,310000	51,375000
0,790132	-0,407287	253,708	-0,076108	22,310000	51,375000
0,787176	0,047440	253,859	-0,075917	22,310000	51,375000
0,784149	-0,407287	254,009	-0,076108	22,310000	51,375000
0,781104	-0,290423	254,160	-0,076059	22,310000	51,375000
0,778154	-0,329763	254,310	-0,076076	22,310000	51,375000
0,775145	-0,195544	254,460	-0,076019	22,310000	51,375000
0,772167	-0,454726	254,610	-0,076128	22,310000	51,375000
0,769184	-0,352905	254,761	-0,076085	22,310000	51,390000
0,766138	-0,298523	254,911	-0,076063	22,310000	51,390000
0,763153	-0,587789	255,062	-0,076185	22,310000	51,390000
0,760102	-0,431585	255,212	-0,076119	22,310000	51,390000
0,757131	-0,329763	255,362	-0,076076	22,310000	51,390000
0,754160	-0,149261	255,513	-0,076000	22,310000	51,390000
0,751125	-0,321664	255,664	-0,076072	22,310000	51,390000
0,748144	-0,188602	255,814	-0,076016	22,310000	51,390000
0,745137	-0,188602	255,965	-0,076016	22,310000	51,390000
0,742140	-0,313564	256,116	-0,076069	22,310000	51,390000
0,739131	-0,352905	256,266	-0,076085	22,310000	51,390000
0,736137	-0,344805	256,416	-0,076082	22,310000	51,390000
0,733162	-0,266125	256,566	-0,076049	22,310000	51,390000
0,730138	-0,697710	256,716	-0,076231	22,310000	51,390000
0,727168	-0,156204	256,866	-0,076002	22,310000	51,350000
0,724146	-0,109921	257,016	-0,075983	22,310000	51,350000
0,721130	-0,234884	257,166	-0,076036	22,310000	51,350000
0,718131	-0,344805	257,317	-0,076082	22,310000	51,350000
0,715111	-0,305465	257,468	-0,076065	22,310000	51,350000
0,712092	-0,274224	257,618	-0,076052	22,310000	51,350000
0,709124	-0,016199	257,768	-0,075943	22,310000	51,350000
0,706178	-0,282324	257,919	-0,076056	22,310000	51,350000
0,703129	-0,126120	258,070	-0,075990	22,310000	51,350000
0,700120	-0,086780	258,220	-0,075973	22,310000	51,350000
0,697099	-0,188602	258,370	-0,076016	22,310000	51,350000
0,694092	-0,149261	258,520	-0,076000	22,310000	51,350000
0,691145	-0,321664	258,670	-0,076072	22,310000	51,350000
0,688139	-0,251083	258,820	-0,076042	22,310000	51,405000
0,685140	-0,352905	258,970	-0,076085	22,310000	51,405000
0,682158	-0,219842	259,121	-0,076029	22,310000	51,405000
0,679136	-0,305465	259,271	-0,076065	22,310000	51,405000
0,676157	-0,126120	259,422	-0,075990	22,310000	51,405000
0,673144	-0,251083	259,572	-0,076042	22,310000	51,405000
0,670161	-0,336706	259,722	-0,076079	22,310000	51,405000
0,667157	-0,282324	259,872	-0,076056	22,310000	51,405000
0,664160	-0,188602	260,022	-0,076016	22,310000	51,405000
0,661151	-0,274224	260,173	-0,076052	22,310000	51,405000
0,658189	-0,226785	260,323	-0,076032	22,310000	51,405000
0,655135	-0,195544	260,473	-0,076019	22,310000	51,405000
0,652184	-0,047440	260,623	-0,075957	22,310000	51,405000
