Quasi static measurement routine
Tip parameters (shape,radius, material...) 
12.09.2022

Piezo position[nm]	MEMS displ.[nm]	Time[ms]	Cap [pf]	Temp [°C]	Rh [%]
eoh
0,652113	0,211743	0,188	-0,075927	22,310000	51,390000
0,655125	0,000000	0,338	-0,076016	22,310000	51,390000
0,658102	0,000000	0,488	-0,076016	22,310000	51,390000
0,661103	0,094879	0,639	-0,075976	22,310000	51,390000
0,664161	-0,203643	0,789	-0,076102	22,310000	51,390000
0,667094	0,196701	0,940	-0,075933	22,310000	51,390000
0,670115	0,016199	1,090	-0,076009	22,310000	51,390000
0,673103	0,032398	1,240	-0,076002	22,310000	51,390000
0,676139	-0,054382	1,391	-0,076039	22,300000	51,405000
0,679066	-0,062481	1,542	-0,076042	22,300000	51,405000
0,682155	0,016199	1,693	-0,076009	22,300000	51,405000
0,685151	-0,070581	1,843	-0,076046	22,300000	51,405000
0,688106	0,032398	1,993	-0,076002	22,300000	51,405000
0,691082	0,141162	2,143	-0,075957	22,300000	51,405000
0,694124	0,039340	2,294	-0,076000	22,300000	51,405000
0,697063	-0,109921	2,444	-0,076063	22,300000	51,405000
0,700108	0,101822	2,594	-0,075973	22,300000	51,405000
0,703103	0,236041	2,744	-0,075917	22,300000	51,405000
0,706151	0,016199	2,894	-0,076009	22,300000	51,405000
0,709100	-0,116864	3,044	-0,076065	22,300000	51,405000
0,712103	0,086780	3,195	-0,075979	22,300000	51,405000
0,715127	-0,046283	3,345	-0,076036	22,300000	51,405000
0,718112	-0,062481	3,495	-0,076042	22,300000	51,405000
0,721101	-0,116864	3,645	-0,076065	22,300000	51,405000
0,724139	0,000000	3,795	-0,076016	22,300000	51,405000
0,727115	-0,015042	3,946	-0,076022	22,300000	51,405000
0,730075	-0,210586	4,097	-0,076105	22,300000	51,405000
0,733140	-0,109921	4,247	-0,076063	22,300000	51,405000
0,736103	0,094879	4,397	-0,075976	22,300000	51,405000
0,739096	0,149261	4,547	-0,075953	22,300000	51,405000
0,742136	-0,054382	4,697	-0,076039	22,300000	51,405000
0,745133	-0,023141	4,847	-0,076026	22,300000	51,405000
0,748090	0,016199	4,997	-0,076009	22,300000	51,405000
0,751149	0,055539	5,147	-0,075993	22,300000	51,405000
0,754131	-0,046283	5,297	-0,076036	22,300000	51,405000
0,757116	-0,093722	5,447	-0,076056	22,310000	51,415000
0,760093	-0,093722	5,598	-0,076056	22,310000	51,415000
0,763162	-0,038183	5,749	-0,076032	22,310000	51,415000
0,766160	-0,109921	5,900	-0,076063	22,310000	51,415000
0,769143	-0,266125	6,050	-0,076128	22,310000	51,415000
0,772147	-0,226785	6,200	-0,076112	22,310000	51,415000
0,775153	0,039340	6,350	-0,076000	22,310000	51,415000
0,778115	0,055539	6,500	-0,075993	22,310000	51,415000
0,781160	-0,133062	6,650	-0,076072	22,310000	51,415000
0,784140	-0,023141	6,801	-0,076026	22,310000	51,415000
0,787153	0,024298	6,952	-0,076006	22,310000	51,415000
0,790133	-0,023141	7,102	-0,076026	22,310000	51,415000
0,793143	-0,046283	7,252	-0,076036	22,310000	51,415000
0,796140	-0,023141	7,402	-0,076026	22,310000	51,375000
0,799091	0,086780	7,552	-0,075979	22,310000	51,375000
0,802119	0,188602	7,703	-0,075937	22,310000	51,375000
0,805118	-0,133062	7,853	-0,076072	22,310000	51,375000
0,808109	-0,038183	8,004	-0,076032	22,310000	51,375000
0,811118	0,032398	8,154	-0,076002	22,310000	51,375000
0,814145	-0,148104	8,304	-0,076079	22,310000	51,375000
0,817126	0,016199	8,454	-0,076009	22,310000	51,375000
0,820167	-0,179345	8,604	-0,076092	22,310000	51,375000
0,823119	-0,234884	8,754	-0,076115	22,310000	51,375000
0,826101	-0,249926	8,904	-0,076122	22,310000	51,375000
0,829119	0,141162	9,054	-0,075957	22,310000	51,375000
0,832137	-0,006942	9,204	-0,076019	22,310000	51,375000
0,835122	-0,109921	9,354	-0,076063	22,310000	51,375000
0,838121	0,109921	9,504	-0,075970	22,310000	51,375000
0,841188	0,062481	9,654	-0,075990	22,310000	51,375000
0,844157	0,086780	9,804	-0,075979	22,310000	51,375000
0,847114	0,024298	9,954	-0,076006	22,310000	51,375000
0,850108	-0,164303	10,104	-0,076085	22,310000	51,375000
0,853131	-0,133062	10,254	-0,076072	22,310000	51,375000
0,856139	-0,109921	10,404	-0,076063	22,310000	51,375000
0,859092	0,109921	10,555	-0,075970	22,310000	51,375000
0,862117	0,000000	10,705	-0,076016	22,310000	51,375000
0,865170	-0,352905	10,855	-0,076165	22,310000	51,375000
0,868148	-0,070581	11,005	-0,076046	22,310000	51,375000
0,871181	0,032398	11,155	-0,076002	22,310000	51,375000
0,874116	-0,164303	11,306	-0,076085	22,310000	51,375000
0,877149	-0,124963	11,456	-0,076069	22,310000	51,390000
0,880108	-0,046283	11,606	-0,076036	22,310000	51,390000
0,883139	0,157361	11,756	-0,075950	22,310000	51,390000
0,886124	-0,210586	11,906	-0,076105	22,310000	51,390000
0,889093	-0,116864	12,057	-0,076065	22,310000	51,390000
0,892166	-0,046283	12,208	-0,076036	22,310000	51,390000
0,895170	-0,046283	12,359	-0,076036	22,310000	51,390000
0,898080	0,016199	12,509	-0,076009	22,310000	51,390000
0,901084	-0,116864	12,659	-0,076065	22,310000	51,390000
0,904061	-0,101822	12,810	-0,076059	22,310000	51,390000
0,907141	-0,187444	12,960	-0,076095	22,310000	51,390000
0,910086	0,047440	13,110	-0,075996	22,310000	51,390000
0,913116	-0,156204	13,261	-0,076082	22,310000	51,390000
0,916128	-0,367947	13,411	-0,076171	22,300000	51,390000
0,919129	-0,077523	13,561	-0,076049	22,300000	51,390000
0,922138	-0,062481	13,712	-0,076042	22,300000	51,390000
0,925135	-0,203643	13,862	-0,076102	22,300000	51,390000
0,928161	-0,015042	14,012	-0,076022	22,300000	51,390000
0,931110	-0,179345	14,163	-0,076092	22,300000	51,390000
0,934136	-0,124963	14,313	-0,076069	22,300000	51,390000
0,937112	-0,093722	14,464	-0,076056	22,300000	51,390000
0,940117	0,039340	14,615	-0,076000	22,300000	51,390000
0,943128	0,016199	14,765	-0,076009	22,300000	51,390000
0,946119	0,078680	14,916	-0,075983	22,300000	51,390000
0,949089	-0,164303	15,067	-0,076085	22,300000	51,390000
0,952135	-0,046283	15,217	-0,076036	22,300000	51,390000
0,955134	-0,077523	15,367	-0,076049	22,310000	51,390000
0,958074	-0,226785	15,517	-0,076112	22,310000	51,390000
0,961160	-0,006942	15,667	-0,076019	22,310000	51,390000
0,964151	-0,116864	15,817	-0,076065	22,310000	51,390000
0,967132	-0,218685	15,967	-0,076108	22,310000	51,390000
0,970111	-0,210586	16,118	-0,076105	22,310000	51,390000
0,973172	-0,046283	16,269	-0,076036	22,310000	51,390000
0,976097	-0,234884	16,419	-0,076115	22,310000	51,390000
0,979124	0,055539	16,570	-0,075993	22,310000	51,390000
0,982103	-0,164303	16,720	-0,076085	22,310000	51,390000
0,985092	-0,164303	16,870	-0,076085	22,310000	51,390000
0,988109	-0,077523	17,020	-0,076049	22,310000	51,390000
0,991065	-0,101822	17,170	-0,076059	22,310000	51,390000
0,994120	-0,171246	17,321	-0,076088	22,310000	51,390000
0,997114	-0,070581	17,471	-0,076046	22,310000	51,350000
1,000175	-0,101822	17,622	-0,076059	22,310000	51,350000
1,003127	-0,093722	17,772	-0,076056	22,310000	51,350000
1,006150	-0,382988	17,922	-0,076178	22,310000	51,350000
1,009087	0,101822	18,072	-0,075973	22,310000	51,350000
1,012089	-0,266125	18,222	-0,076128	22,310000	51,350000
1,015117	-0,116864	18,372	-0,076065	22,310000	51,350000
1,018120	-0,258025	18,522	-0,076125	22,310000	51,350000
1,021126	-0,109921	18,672	-0,076063	22,310000	51,350000
1,024109	-0,210586	18,823	-0,076105	22,310000	51,350000
1,027144	-0,085623	18,974	-0,076052	22,310000	51,350000
1,030100	-0,015042	19,124	-0,076022	22,310000	51,350000
1,033099	-0,093722	19,274	-0,076056	22,310000	51,350000
1,036153	-0,179345	19,425	-0,076092	22,300000	51,390000
1,039132	-0,054382	19,575	-0,076039	22,300000	51,390000
1,042132	-0,133062	19,725	-0,076072	22,300000	51,390000
1,045059	-0,101822	19,876	-0,076059	22,300000	51,390000
1,048153	-0,101822	20,027	-0,076059	22,300000	51,390000
1,051069	0,101822	20,178	-0,075973	22,300000	51,390000
1,054078	-0,195544	20,328	-0,076099	22,300000	51,390000
1,057135	-0,148104	20,478	-0,076079	22,300000	51,390000
1,060108	-0,085623	20,628	-0,076052	22,300000	51,390000
1,063103	-0,242984	20,778	-0,076119	22,300000	51,390000
1,066140	0,062481	20,928	-0,075990	22,300000	51,390000
1,069144	-0,124963	21,078	-0,076069	22,300000	51,390000
1,072126	0,039340	21,228	-0,076000	22,300000	51,390000
1,075136	-0,062481	21,379	-0,076042	22,300000	51,390000
1,078121	0,290423	21,530	-0,075894	22,300000	51,390000
1,081148	0,101822	21,680	-0,075973	22,300000	51,390000
1,084152	-0,352905	21,830	-0,076165	22,300000	51,390000
1,087091	-0,141162	21,981	-0,076076	22,300000	51,390000
1,090128	-0,038183	22,131	-0,076032	22,300000	51,390000
1,093132	-0,164303	22,281	-0,076085	22,300000	51,390000
1,096125	-0,062481	22,432	-0,076042	22,300000	51,390000
1,099145	-0,046283	22,582	-0,076036	22,300000	51,390000
1,102110	-0,031241	22,732	-0,076029	22,300000	51,390000
1,105125	-0,085623	22,883	-0,076052	22,300000	51,390000
1,108071	-0,266125	23,033	-0,076128	22,300000	51,390000
1,111087	0,070581	23,183	-0,075986	22,300000	51,390000
1,114102	-0,116864	23,334	-0,076065	22,300000	51,390000
1,117212	-0,258025	23,484	-0,076125	22,310000	51,405000
1,120150	-0,297366	23,635	-0,076142	22,310000	51,405000
1,123081	-0,070581	23,786	-0,076046	22,310000	51,405000
1,126126	-0,249926	23,936	-0,076122	22,310000	51,405000
1,129114	-0,116864	24,086	-0,076065	22,310000	51,405000
1,132092	-0,109921	24,237	-0,076063	22,310000	51,405000
1,135146	-0,179345	24,387	-0,076092	22,310000	51,405000
1,138076	-0,391088	24,537	-0,076181	22,310000	51,405000
1,141091	-0,266125	24,688	-0,076128	22,310000	51,405000
1,144121	-0,062481	24,838	-0,076042	22,310000	51,405000
1,147145	-0,242984	24,988	-0,076119	22,310000	51,405000
1,150142	-0,031241	25,139	-0,076029	22,310000	51,405000
1,153121	-0,187444	25,290	-0,076095	22,310000	51,405000
1,156106	-0,124963	25,440	-0,076069	22,310000	51,365000
1,159127	-0,274224	25,590	-0,076132	22,310000	51,365000
1,162103	-0,242984	25,740	-0,076119	22,310000	51,365000
1,165112	-0,242984	25,890	-0,076119	22,310000	51,365000
1,168091	-0,195544	26,040	-0,076099	22,310000	51,365000
1,171093	-0,077523	26,191	-0,076049	22,310000	51,365000
1,174137	-0,187444	26,342	-0,076095	22,310000	51,365000
1,177087	-0,101822	26,492	-0,076059	22,310000	51,365000
1,180130	-0,210586	26,642	-0,076105	22,310000	51,365000
1,183081	-0,289266	26,792	-0,076138	22,310000	51,365000
1,186158	-0,179345	26,943	-0,076092	22,310000	51,365000
1,189108	-0,218685	27,093	-0,076108	22,310000	51,365000
1,192119	-0,258025	27,243	-0,076125	22,310000	51,365000
1,195120	-0,046283	27,394	-0,076036	22,310000	51,365000
1,198128	0,251083	27,544	-0,075910	22,310000	51,365000
1,201116	0,047440	27,695	-0,075996	22,310000	51,365000
1,204085	-0,226785	27,845	-0,076112	22,310000	51,365000
1,207137	-0,085623	27,995	-0,076052	22,310000	51,365000
1,210166	-0,242984	28,145	-0,076119	22,310000	51,365000
1,213138	-0,187444	28,295	-0,076095	22,310000	51,365000
1,216130	0,008099	28,445	-0,076013	22,310000	51,365000
1,219092	-0,116864	28,595	-0,076065	22,310000	51,365000
1,222071	-0,249926	28,745	-0,076122	22,310000	51,365000
1,225092	-0,195544	28,896	-0,076099	22,310000	51,365000
1,228049	-0,077523	29,047	-0,076049	22,310000	51,365000
1,231103	-0,124963	29,197	-0,076069	22,310000	51,365000
1,234110	-0,477868	29,347	-0,076218	22,310000	51,365000
1,237079	-0,203643	29,498	-0,076102	22,310000	51,365000
1,240148	-0,046283	29,649	-0,076036	22,310000	51,365000
1,243141	-0,289266	29,800	-0,076138	22,310000	51,365000
1,246092	-0,070581	29,950	-0,076046	22,310000	51,365000
1,249156	-0,171246	30,100	-0,076088	22,310000	51,365000
1,252116	-0,210586	30,250	-0,076105	22,310000	51,365000
1,255129	-0,093722	30,400	-0,076056	22,310000	51,365000
1,258137	-0,124963	30,550	-0,076069	22,310000	51,365000
1,261143	-0,266125	30,701	-0,076128	22,310000	51,365000
1,264120	-0,148104	30,852	-0,076079	22,310000	51,365000
1,267115	-0,116864	31,002	-0,076065	22,310000	51,365000
1,270125	-0,133062	31,152	-0,076072	22,310000	51,365000
1,273132	-0,148104	31,303	-0,076079	22,310000	51,365000
1,276123	-0,101822	31,453	-0,076059	22,300000	51,390000
1,279072	-0,258025	31,603	-0,076125	22,300000	51,390000
1,282086	-0,226785	31,753	-0,076112	22,300000	51,390000
1,285112	-0,234884	31,903	-0,076115	22,300000	51,390000
1,288109	-0,133062	32,053	-0,076072	22,300000	51,390000
1,291107	0,298523	32,203	-0,075890	22,300000	51,390000
1,294091	-0,320507	32,353	-0,076151	22,300000	51,390000
1,297093	-0,289266	32,503	-0,076138	22,300000	51,390000
1,300124	-0,093722	32,654	-0,076056	22,300000	51,390000
1,303128	-0,234884	32,804	-0,076115	22,300000	51,390000
1,306125	-0,124963	32,954	-0,076069	22,300000	51,390000
1,309062	-0,210586	33,105	-0,076105	22,300000	51,390000
1,312108	-0,226785	33,255	-0,076112	22,300000	51,390000
1,315078	-0,179345	33,405	-0,076092	22,310000	51,390000
1,318100	-0,148104	33,555	-0,076079	22,310000	51,390000
1,321072	-0,258025	33,705	-0,076125	22,310000	51,390000
1,324100	-0,148104	33,855	-0,076079	22,310000	51,390000
1,327093	-0,046283	34,005	-0,076036	22,310000	51,390000
1,330087	-0,328606	34,155	-0,076155	22,310000	51,390000
1,333129	-0,344805	34,306	-0,076162	22,310000	51,390000
1,336102	-0,148104	34,456	-0,076079	22,310000	51,390000
1,339097	-0,195544	34,607	-0,076099	22,310000	51,390000
1,342116	-0,171246	34,757	-0,076088	22,310000	51,390000
1,345140	-0,179345	34,907	-0,076092	22,310000	51,390000
1,348148	-0,344805	35,057	-0,076162	22,310000	51,390000
1,351121	-0,148104	35,207	-0,076079	22,310000	51,390000
1,354108	-0,438527	35,358	-0,076201	22,310000	51,350000
1,357055	-0,164303	35,508	-0,076085	22,310000	51,350000
1,360157	-0,469768	35,658	-0,076214	22,310000	51,350000
1,363076	-0,234884	35,808	-0,076115	22,310000	51,350000
1,366131	-0,313564	35,959	-0,076148	22,310000	51,350000
1,369180	-0,430428	36,110	-0,076198	22,310000	51,350000
1,372071	-0,093722	36,260	-0,076056	22,310000	51,350000
1,375092	-0,274224	36,410	-0,076132	22,310000	51,350000
1,378144	-0,336706	36,560	-0,076158	22,310000	51,350000
1,381207	-0,249926	36,711	-0,076122	22,310000	51,350000
1,384131	-0,210586	36,862	-0,076105	22,310000	51,350000
1,387107	-0,461669	37,013	-0,076211	22,310000	51,350000
1,390044	-0,141162	37,163	-0,076076	22,310000	51,350000
1,393094	-0,242984	37,314	-0,076119	22,310000	51,350000
1,396070	-0,422329	37,464	-0,076194	22,310000	51,350000
1,399113	-0,328606	37,614	-0,076155	22,310000	51,350000
1,402122	-0,556548	37,764	-0,076251	22,310000	51,350000
1,405093	-0,179345	37,914	-0,076092	22,310000	51,350000
1,408094	-0,249926	38,064	-0,076122	22,310000	51,350000
1,411096	-0,210586	38,215	-0,076105	22,310000	51,350000
1,414085	-0,093722	38,366	-0,076056	22,310000	51,350000
1,417104	-0,258025	38,516	-0,076125	22,310000	51,350000
1,420134	0,032398	38,666	-0,076002	22,310000	51,350000
1,423061	-0,070581	38,817	-0,076046	22,310000	51,350000
1,426117	-0,085623	38,967	-0,076052	22,310000	51,350000
1,429102	-0,274224	39,117	-0,076132	22,310000	51,350000
1,432123	-0,305465	39,268	-0,076145	22,310000	51,350000
1,435121	-0,164303	39,418	-0,076085	22,310000	51,365000
1,438122	-0,203643	39,568	-0,076102	22,310000	51,365000
1,441103	0,141162	39,718	-0,075957	22,310000	51,365000
1,444106	-0,187444	39,869	-0,076095	22,310000	51,365000
1,447096	-0,509108	40,019	-0,076231	22,310000	51,365000
1,450053	-0,492910	40,169	-0,076224	22,310000	51,365000
1,453116	-0,218685	40,320	-0,076108	22,310000	51,365000
1,456140	-0,195544	40,471	-0,076099	22,310000	51,365000
1,459087	-0,407287	40,621	-0,076188	22,310000	51,365000
1,462099	-0,242984	40,772	-0,076119	22,310000	51,365000
1,465119	-0,336706	40,922	-0,076158	22,310000	51,365000
1,468056	-0,210586	41,073	-0,076105	22,310000	51,365000
1,471119	-0,242984	41,223	-0,076119	22,310000	51,365000
1,474138	-0,148104	41,373	-0,076079	22,310000	51,365000
1,477130	-0,070581	41,523	-0,076046	22,310000	51,365000
1,480106	-0,226785	41,674	-0,076112	22,310000	51,365000
1,483090	-0,485967	41,824	-0,076221	22,310000	51,365000
1,486085	-0,093722	41,974	-0,076056	22,310000	51,365000
1,489088	-0,376046	42,124	-0,076175	22,310000	51,365000
1,492131	-0,485967	42,274	-0,076221	22,310000	51,365000
1,495116	-0,453569	42,424	-0,076208	22,310000	51,365000
1,498122	-0,775233	42,574	-0,076343	22,310000	51,365000
1,501151	-0,556548	42,724	-0,076251	22,310000	51,365000
1,504108	-0,320507	42,875	-0,076151	22,310000	51,365000
1,507092	-0,743993	43,025	-0,076330	22,310000	51,365000
1,510103	-0,141162	43,175	-0,076076	22,310000	51,365000
1,513120	-0,297366	43,325	-0,076142	22,310000	51,365000
1,516085	-0,242984	43,475	-0,076119	22,310000	51,365000
1,519108	-0,485967	43,625	-0,076221	22,310000	51,365000
1,522130	-0,266125	43,775	-0,076128	22,310000	51,365000
1,525120	-0,477868	43,925	-0,076218	22,310000	51,365000
1,528130	-0,266125	44,076	-0,076128	22,310000	51,365000
1,531127	-0,141162	44,226	-0,076076	22,310000	51,365000
1,534109	-0,226785	44,376	-0,076112	22,310000	51,365000
1,537101	-0,289266	44,526	-0,076138	22,310000	51,365000
1,540077	-0,297366	44,676	-0,076142	22,310000	51,365000
1,543137	-0,382988	44,826	-0,076178	22,310000	51,365000
1,546122	-0,619030	44,977	-0,076277	22,310000	51,365000
1,549077	-0,328606	45,127	-0,076155	22,310000	51,365000
1,552107	-0,218685	45,277	-0,076108	22,310000	51,365000
1,555053	-0,469768	45,427	-0,076214	22,300000	51,415000
1,558067	-0,289266	45,577	-0,076138	22,300000	51,415000
1,561114	-0,367947	45,728	-0,076171	22,300000	51,415000
1,564114	-0,367947	45,879	-0,076171	22,300000	51,415000
1,567096	-0,469768	46,029	-0,076214	22,300000	51,415000
1,570059	-0,242984	46,179	-0,076119	22,300000	51,415000
1,573122	-0,274224	46,329	-0,076132	22,300000	51,415000
1,576137	-0,469768	46,479	-0,076214	22,300000	51,415000
1,579075	-0,195544	46,629	-0,076099	22,300000	51,415000
1,582108	-0,376046	46,780	-0,076175	22,300000	51,415000
1,585115	-0,336706	46,930	-0,076158	22,300000	51,415000
1,588124	-0,258025	47,080	-0,076125	22,300000	51,415000
1,591161	-0,328606	47,231	-0,076155	22,300000	51,415000
1,594068	-0,469768	47,382	-0,076214	22,300000	51,375000
1,597086	-0,320507	47,532	-0,076151	22,300000	51,375000
1,600121	-0,258025	47,683	-0,076125	22,300000	51,375000
1,603081	-0,352905	47,833	-0,076165	22,300000	51,375000
1,606079	-0,415386	47,983	-0,076191	22,300000	51,375000
1,609105	-0,179345	48,133	-0,076092	22,300000	51,375000
1,612031	-0,367947	48,283	-0,076171	22,300000	51,375000
1,615090	-0,399187	48,433	-0,076185	22,300000	51,375000
1,618114	-0,391088	48,583	-0,076181	22,300000	51,375000
1,621101	-0,281167	48,733	-0,076135	22,300000	51,375000
1,624120	-0,171246	48,883	-0,076088	22,300000	51,375000
1,627100	-0,179345	49,033	-0,076092	22,300000	51,375000
1,630106	-0,187444	49,183	-0,076095	22,300000	51,375000
1,633134	-0,171246	49,334	-0,076088	22,310000	51,365000
1,636118	0,062481	49,485	-0,075990	22,310000	51,365000
1,639111	-0,438527	49,635	-0,076201	22,310000	51,365000
1,642085	-0,610930	49,785	-0,076274	22,310000	51,365000
1,645093	-0,367947	49,935	-0,076171	22,310000	51,365000
1,648068	-0,525307	50,085	-0,076238	22,310000	51,365000
1,651161	-0,540349	50,235	-0,076244	22,310000	51,365000
1,654098	-0,517208	50,385	-0,076234	22,310000	51,365000
1,657134	-0,234884	50,535	-0,076115	22,310000	51,365000
1,660093	-0,422329	50,685	-0,076194	22,310000	51,365000
1,663069	-0,469768	50,835	-0,076214	22,310000	51,365000
1,666062	-0,336706	50,985	-0,076158	22,310000	51,365000
1,669079	-0,563490	51,136	-0,076254	22,310000	51,365000
1,672072	-0,281167	51,286	-0,076135	22,310000	51,365000
1,675087	-0,477868	51,437	-0,076218	22,310000	51,365000
1,678111	-0,399187	51,587	-0,076185	22,310000	51,365000
1,681111	-0,509108	51,737	-0,076231	22,310000	51,365000
1,684096	-0,658370	51,888	-0,076294	22,310000	51,365000
1,687079	-0,359847	52,038	-0,076168	22,310000	51,365000
1,690090	-0,297366	52,188	-0,076142	22,310000	51,365000
1,693073	-0,376046	52,338	-0,076175	22,310000	51,365000
1,696081	-0,501009	52,488	-0,076228	22,310000	51,365000
1,699100	-0,359847	52,639	-0,076168	22,310000	51,365000
1,702139	-0,359847	52,789	-0,076168	22,310000	51,365000
1,705058	-0,006942	52,939	-0,076019	22,310000	51,365000
1,708115	-0,760191	53,089	-0,076337	22,310000	51,365000
1,711112	-0,289266	53,239	-0,076138	22,310000	51,365000
1,714087	-0,367947	53,389	-0,076171	22,310000	51,405000
1,717110	-0,477868	53,539	-0,076218	22,310000	51,405000
1,720062	-0,587789	53,689	-0,076264	22,310000	51,405000
1,723162	-0,587789	53,839	-0,076264	22,310000	51,405000
1,726086	-0,367947	53,989	-0,076171	22,310000	51,405000
1,729040	-0,509108	54,139	-0,076231	22,310000	51,405000
1,732104	-0,610930	54,289	-0,076274	22,310000	51,405000
1,735131	-0,509108	54,440	-0,076231	22,310000	51,405000
1,738052	-0,501009	54,591	-0,076228	22,310000	51,405000
1,741046	-0,453569	54,742	-0,076208	22,310000	51,405000
1,744080	-0,469768	54,893	-0,076214	22,310000	51,405000
1,747071	-0,461669	55,044	-0,076211	22,310000	51,405000
1,750059	-0,556548	55,194	-0,076251	22,310000	51,405000
1,753122	-0,587789	55,345	-0,076264	22,310000	51,405000
1,756061	-0,971934	55,495	-0,076426	22,310000	51,405000
1,759080	-0,556548	55,645	-0,076251	22,310000	51,405000
1,762024	-0,453569	55,796	-0,076208	22,310000	51,405000
1,765051	-0,376046	55,946	-0,076175	22,310000	51,405000
1,768072	-0,650270	56,096	-0,076291	22,310000	51,405000
1,771140	-0,492910	56,246	-0,076224	22,310000	51,405000
1,774082	-0,681511	56,396	-0,076304	22,310000	51,405000
1,776991	-0,376046	56,546	-0,076175	22,310000	51,405000
1,780113	-0,556548	56,696	-0,076251	22,310000	51,405000
1,783046	-0,548449	56,846	-0,076248	22,310000	51,405000
1,786084	-0,477868	56,997	-0,076218	22,310000	51,405000
1,789108	-0,556548	57,148	-0,076251	22,310000	51,405000
1,792037	-0,556548	57,298	-0,076251	22,310000	51,405000
1,795010	-0,673412	57,448	-0,076300	22,320000	51,365000
1,798066	-0,446627	57,598	-0,076205	22,320000	51,365000
1,801062	-0,696553	57,749	-0,076310	22,320000	51,365000
1,804043	-0,594731	57,900	-0,076267	22,320000	51,365000
1,807083	-0,571590	58,052	-0,076257	22,320000	51,365000
1,810122	-0,446627	58,202	-0,076205	22,320000	51,365000
1,813074	-0,752092	58,352	-0,076333	22,320000	51,365000
1,816072	-0,469768	58,502	-0,076214	22,320000	51,365000
1,819126	-0,532250	58,652	-0,076241	22,320000	51,365000
1,822111	-0,783333	58,802	-0,076347	22,320000	51,365000
1,825083	-0,752092	58,952	-0,076333	22,320000	51,365000
1,828135	-0,791432	59,102	-0,076350	22,320000	51,365000
1,831081	-0,799532	59,252	-0,076354	22,320000	51,365000
1,834124	-0,587789	59,402	-0,076264	22,310000	51,390000
1,837091	-0,650270	59,552	-0,076291	22,310000	51,390000
1,840072	-0,556548	59,702	-0,076251	22,310000	51,390000
1,843068	-0,665312	59,853	-0,076297	22,310000	51,390000
1,846070	-0,532250	60,003	-0,076241	22,310000	51,390000
1,849094	-0,650270	60,153	-0,076291	22,310000	51,390000
1,852114	-0,594731	60,303	-0,076267	22,310000	51,390000
1,855075	-0,673412	60,453	-0,076300	22,310000	51,390000
1,858052	-0,791432	60,604	-0,076350	22,310000	51,390000
1,861065	-0,556548	60,755	-0,076251	22,310000	51,390000
1,864062	-0,517208	60,905	-0,076234	22,310000	51,390000
1,867121	-0,940693	61,056	-0,076413	22,310000	51,390000
1,870101	-0,916395	61,206	-0,076403	22,310000	51,390000
1,873069	-116,464335	61,356	-0,125164	22,320000	51,415000
1,876093	-151,241067	61,507	-0,139840	22,320000	51,415000
1,879082	-158,545616	61,657	-0,142922	22,320000	51,415000
1,882082	-159,847314	61,808	-0,143472	22,320000	51,415000
1,885080	-162,057307	61,958	-0,144404	22,320000	51,415000
1,888047	-160,098397	62,108	-0,143578	22,320000	51,415000
1,891063	-161,077273	62,259	-0,143991	22,320000	51,415000
1,894109	-158,640495	62,410	-0,142962	22,320000	51,415000
1,897090	-156,869030	62,560	-0,142215	22,320000	51,415000
1,900061	-158,162628	62,710	-0,142761	22,320000	51,415000
1,903138	-156,774150	62,860	-0,142175	22,320000	51,415000
1,906085	-155,112606	63,010	-0,141474	22,320000	51,415000
1,909115	-153,851405	63,160	-0,140941	22,320000	51,415000
1,912012	-152,173662	63,310	-0,140233	22,320000	51,415000
1,914996	-148,756850	63,460	-0,138792	22,310000	51,375000
1,918098	-149,006776	63,610	-0,138897	22,310000	51,375000
1,921055	-148,176003	63,760	-0,138546	22,310000	51,375000
1,924089	-144,719852	63,910	-0,137088	22,310000	51,375000
1,927116	-145,095898	64,060	-0,137247	22,310000	51,375000
1,930081	-142,031991	64,210	-0,135954	22,310000	51,375000
1,933089	-139,467935	64,360	-0,134872	22,310000	51,375000
1,936091	-138,692702	64,511	-0,134544	22,310000	51,375000
1,939086	-138,817665	64,662	-0,134597	22,310000	51,375000
1,942059	-136,019883	64,813	-0,133417	22,310000	51,375000
1,945127	-133,222101	64,963	-0,132236	22,310000	51,375000
1,948027	-132,767374	65,113	-0,132044	22,310000	51,375000
1,951047	-132,155287	65,263	-0,131786	22,310000	51,375000
1,954085	-128,228210	65,414	-0,130128	22,310000	51,375000
1,957102	-126,316739	65,564	-0,129322	22,310000	51,375000
1,959990	-127,052633	65,714	-0,129632	22,310000	51,375000
1,963042	-125,008099	65,864	-0,128770	22,310000	51,375000
1,966086	-123,573339	66,015	-0,128164	22,310000	51,375000
1,969087	-119,701801	66,167	-0,126530	22,310000	51,375000
1,972038	-119,897345	66,317	-0,126613	22,310000	51,375000
1,975054	-117,114605	66,467	-0,125438	22,310000	51,375000
1,978028	-116,400696	66,617	-0,125137	22,310000	51,375000
1,981104	-113,110004	66,767	-0,123749	22,310000	51,375000
1,984045	-112,607838	66,917	-0,123537	22,310000	51,375000
1,987062	-108,877462	67,068	-0,121962	22,310000	51,375000
1,990128	-109,182927	67,218	-0,122091	22,310000	51,375000
1,993098	-107,631304	67,369	-0,121437	22,310000	51,375000
1,996025	-105,576357	67,520	-0,120569	22,310000	51,375000
1,999054	-102,967176	67,670	-0,119468	22,310000	51,375000
2,002096	-99,463585	67,820	-0,117990	22,310000	51,375000
2,005070	-99,745909	67,970	-0,118109	22,310000	51,375000
2,008081	-98,421070	68,120	-0,117550	22,310000	51,375000
2,010996	-95,073682	68,270	-0,116137	22,310000	51,375000
2,014115	-94,518291	68,421	-0,115903	22,310000	51,375000
2,017084	-92,064157	68,572	-0,114867	22,310000	51,375000
2,020026	-88,294441	68,722	-0,113276	22,310000	51,375000
2,023070	-88,381220	68,873	-0,113313	22,310000	51,375000
2,026014	-84,564064	69,023	-0,111702	22,310000	51,375000
2,029067	-84,947053	69,173	-0,111864	22,310000	51,375000
2,032077	-80,934353	69,324	-0,110170	22,300000	51,365000
2,035111	-81,004934	69,474	-0,110200	22,300000	51,365000
2,038060	-79,280908	69,624	-0,109473	22,300000	51,365000
2,041060	-76,936695	69,774	-0,108483	22,300000	51,365000
2,044078	-73,464344	69,924	-0,107018	22,300000	51,365000
2,047053	-73,182020	70,074	-0,106899	22,300000	51,365000
2,050029	-69,507183	70,224	-0,105348	22,300000	51,365000
2,053078	-70,165553	70,374	-0,105626	22,300000	51,365000
2,056079	-65,908712	70,524	-0,103830	22,300000	51,365000
2,059051	-66,081115	70,674	-0,103902	22,300000	51,365000
2,062065	-63,894263	70,824	-0,102979	22,300000	51,365000
2,064995	-61,966593	70,974	-0,102166	22,300000	51,365000
2,068004	-60,140745	71,124	-0,101396	22,300000	51,365000
2,071021	-58,157537	71,275	-0,100559	22,300000	51,365000
2,074045	-54,386663	71,425	-0,098967	22,310000	51,390000
2,077078	-54,238559	71,576	-0,098905	22,310000	51,390000
2,080084	-50,828690	71,726	-0,097466	22,310000	51,390000
2,082973	-50,774308	71,876	-0,097443	22,310000	51,390000
2,086048	-48,336373	72,026	-0,096414	22,310000	51,390000
2,089103	-44,236893	72,176	-0,094684	22,310000	51,390000
2,092125	-43,084456	72,327	-0,094198	22,310000	51,390000
2,095048	-40,271632	72,478	-0,093011	22,310000	51,390000
2,098052	-40,388496	72,629	-0,093060	22,310000	51,390000
2,101046	-38,249084	72,779	-0,092157	22,310000	51,390000
2,104065	-36,548199	72,930	-0,091439	22,310000	51,390000
2,107066	-34,643670	73,080	-0,090636	22,310000	51,390000
2,110036	-32,432520	73,231	-0,089703	22,310000	51,390000
2,113079	-29,023808	73,381	-0,088264	22,310000	51,375000
2,116081	-28,843306	73,532	-0,088188	22,310000	51,375000
2,119041	-25,198552	73,683	-0,086650	22,310000	51,375000
2,122084	-24,517041	73,833	-0,086362	22,310000	51,375000
2,125093	-20,644346	73,984	-0,084728	22,310000	51,375000
2,128031	-20,644346	74,134	-0,084728	22,310000	51,375000
2,131043	-17,902103	74,284	-0,083571	22,310000	51,375000
2,134045	-14,374213	74,434	-0,082082	22,310000	51,375000
2,137071	-14,712076	74,584	-0,082225	22,310000	51,375000
2,140039	-12,767051	74,734	-0,081404	22,310000	51,375000
2,143090	-10,949302	74,884	-0,080637	22,310000	51,375000
2,146096	-6,465677	75,034	-0,078745	22,310000	51,375000
2,149087	-4,239485	75,184	-0,077805	22,310000	51,375000
2,152052	-2,641578	75,334	-0,077131	22,310000	51,375000
2,155089	-1,018217	75,484	-0,076446	22,310000	51,375000
2,158083	0,141162	75,634	-0,075957	22,310000	51,375000
2,161034	1,152436	75,784	-0,075530	22,310000	51,375000
2,164023	3,073164	75,934	-0,074719	22,310000	51,375000
2,167010	5,455559	76,084	-0,073714	22,310000	51,375000
2,170085	9,719342	76,234	-0,071915	22,310000	51,375000
2,173028	9,445118	76,385	-0,072030	22,310000	51,375000
2,176084	13,677660	76,535	-0,070244	22,310000	51,375000
2,179077	14,093047	76,685	-0,070069	22,310000	51,375000
2,182040	15,245483	76,836	-0,069583	22,310000	51,375000
2,185036	17,667219	76,987	-0,068561	22,310000	51,375000
2,188041	19,266282	77,137	-0,067886	22,310000	51,375000
2,191079	23,623787	77,287	-0,066047	22,310000	51,375000
2,194086	25,764357	77,437	-0,065144	22,300000	51,375000
2,197051	25,623195	77,587	-0,065203	22,300000	51,375000
2,200044	29,839538	77,738	-0,063424	22,300000	51,375000
2,203064	29,635895	77,888	-0,063510	22,300000	51,375000
2,206054	31,806548	78,039	-0,062594	22,300000	51,375000
2,209029	35,710484	78,190	-0,060946	22,300000	51,375000
2,212020	37,810556	78,340	-0,060060	22,300000	51,375000
2,215049	39,872445	78,490	-0,059190	22,300000	51,375000
2,218054	41,432168	78,640	-0,058532	22,300000	51,375000
2,220996	41,878795	78,790	-0,058343	22,300000	51,375000
2,224041	45,397429	78,940	-0,056858	22,300000	51,375000
2,227058	45,852155	79,090	-0,056667	22,300000	51,375000
2,230064	47,953384	79,240	-0,055780	22,300000	51,375000
2,233048	49,386987	79,391	-0,055175	22,310000	51,390000
2,236079	53,299023	79,541	-0,053524	22,310000	51,390000
2,239092	53,933094	79,692	-0,053256	22,310000	51,390000
2,242075	57,695868	79,842	-0,051668	22,310000	51,390000
2,245056	57,891412	79,992	-0,051586	22,310000	51,390000
2,248052	60,752832	80,142	-0,050378	22,310000	51,390000
2,251035	61,826588	80,293	-0,049925	22,310000	51,390000
2,254027	64,819914	80,443	-0,048662	22,310000	51,390000
2,257052	66,160952	80,593	-0,048096	22,310000	51,390000
2,260042	68,362846	80,744	-0,047167	22,310000	51,390000
2,263036	70,134312	80,894	-0,046419	22,310000	51,390000
2,266055	72,642828	81,045	-0,045361	22,310000	51,390000
2,269066	76,530565	81,196	-0,043720	22,310000	51,390000
2,272091	75,942776	81,346	-0,043968	22,310000	51,390000
2,275074	78,615595	81,496	-0,042840	22,310000	51,390000
2,278059	80,402103	81,646	-0,042086	22,310000	51,390000
2,281020	82,487133	81,796	-0,041207	22,310000	51,390000
2,284010	86,837696	81,946	-0,039371	22,310000	51,390000
2,287019	86,970759	82,096	-0,039314	22,310000	51,390000
2,290048	88,318739	82,246	-0,038746	22,310000	51,390000
2,293066	92,433261	82,396	-0,037009	22,310000	51,390000
2,296040	92,308298	82,546	-0,037062	22,310000	51,390000
2,299019	96,501500	82,696	-0,035292	22,310000	51,390000
2,301989	96,509599	82,846	-0,035289	22,310000	51,390000
2,305044	99,244900	82,996	-0,034135	22,310000	51,390000
2,308069	102,975276	83,146	-0,032561	22,310000	51,390000
2,311079	104,715501	83,296	-0,031826	22,310000	51,390000
2,314084	104,746742	83,446	-0,031813	22,310000	51,375000
2,317088	106,887311	83,596	-0,030910	22,310000	51,375000
2,320052	111,142995	83,746	-0,029114	22,310000	51,375000
2,323029	112,702718	83,896	-0,028456	22,310000	51,375000
2,326069	112,640236	84,046	-0,028482	22,310000	51,375000
2,329027	114,802790	84,197	-0,027569	22,310000	51,375000
2,332088	116,700376	84,348	-0,026769	22,310000	51,375000
2,335088	120,212067	84,498	-0,025287	22,310000	51,375000
2,338034	120,862337	84,648	-0,025012	22,310000	51,375000
2,341083	123,950542	84,798	-0,023709	22,310000	51,375000
2,344059	127,265532	84,948	-0,022310	22,310000	51,375000
2,347051	126,810806	85,099	-0,022502	22,310000	51,375000
2,350039	128,943276	85,249	-0,021602	22,310000	51,375000
2,353021	130,682344	85,399	-0,020868	22,300000	51,365000
2,355995	135,612596	85,549	-0,018788	22,300000	51,365000
2,359066	136,216584	85,700	-0,018533	22,300000	51,365000
2,362043	139,547773	85,850	-0,017127	22,300000	51,365000
2,365008	139,022466	86,000	-0,017349	22,300000	51,365000
2,368042	141,099396	86,150	-0,016472	22,300000	51,365000
2,371036	145,504341	86,300	-0,014613	22,300000	51,365000
2,374004	145,010275	86,450	-0,014822	22,300000	51,365000
2,377055	147,150844	86,601	-0,013918	22,300000	51,365000
2,380067	151,406528	86,751	-0,012123	22,300000	51,365000
2,383075	151,665710	86,902	-0,012013	22,300000	51,365000
2,386066	153,209234	87,053	-0,011362	22,300000	51,365000
2,389043	155,246825	87,203	-0,010502	22,300000	51,365000
2,392097	159,549948	87,354	-0,008686	22,310000	51,405000
2,395053	159,479367	87,504	-0,008716	22,310000	51,405000
2,398087	163,775548	87,654	-0,006903	22,310000	51,405000
2,401023	163,703810	87,804	-0,006933	22,310000	51,405000
2,404078	167,576505	87,955	-0,005299	22,310000	51,405000
2,407049	167,803290	88,105	-0,005203	22,310000	51,405000
2,410067	169,637237	88,255	-0,004429	22,310000	51,405000
2,413019	174,073423	88,405	-0,002557	22,310000	51,405000
2,416062	175,939768	88,555	-0,001770	22,310000	51,405000
2,419052	178,181002	88,705	-0,000824	22,310000	51,405000
2,422039	179,051114	88,856	-0,000457	22,310000	51,405000
2,425096	180,822580	89,006	0,000291	22,310000	51,405000
2,428001	182,570905	89,157	0,001029	22,310000	51,405000
2,430995	183,730284	89,308	0,001518	22,310000	51,405000
2,434086	186,747908	89,458	0,002792	22,300000	51,390000
2,437030	187,916543	89,608	0,003285	22,300000	51,390000
2,440028	192,180326	89,758	0,005084	22,300000	51,390000
2,443022	194,232959	89,908	0,005950	22,300000	51,390000
2,446048	193,927494	90,058	0,005821	22,300000	51,390000
2,449045	197,046940	90,208	0,007138	22,300000	51,390000
2,452047	198,214418	90,359	0,007630	22,300000	51,390000
2,455017	200,166386	90,509	0,008454	22,300000	51,390000
2,458008	202,525641	90,659	0,009450	22,300000	51,390000
2,461062	203,991641	90,810	0,010068	22,300000	51,390000
2,464135	206,178493	90,960	0,010991	22,300000	51,390000
2,467065	208,357246	91,110	0,011911	22,300000	51,390000
2,470021	212,676568	91,260	0,013733	22,300000	51,390000
2,473062	214,589196	91,410	0,014541	22,310000	51,375000
2,476051	214,439934	91,560	0,014478	22,310000	51,375000
2,479052	218,483875	91,711	0,016184	22,310000	51,375000
2,482021	218,429493	91,861	0,016161	22,310000	51,375000
2,485093	221,729441	92,011	0,017554	22,310000	51,375000
2,488025	222,630795	92,161	0,017934	22,310000	51,375000
2,491054	224,487883	92,311	0,018718	22,310000	51,375000
2,494118	228,704227	92,461	0,020497	22,310000	51,375000
2,497131	228,587363	92,612	0,020448	22,310000	51,375000
2,500084	233,352155	92,763	0,022458	22,310000	51,375000
2,503015	235,092380	92,914	0,023193	22,310000	51,375000
2,506081	234,834355	93,065	0,023084	22,310000	51,375000
2,509037	237,663378	93,215	0,024278	22,310000	51,375000
2,511999	239,027557	93,365	0,024854	22,310000	51,375000
2,515002	241,316230	93,515	0,025819	22,310000	51,375000
2,518014	242,828514	93,666	0,026458	22,310000	51,375000
2,521022	247,335280	93,816	0,028359	22,310000	51,375000
2,524102	249,553373	93,966	0,029295	22,310000	51,375000
2,527038	249,129887	94,116	0,029117	22,310000	51,375000
2,530060	253,417969	94,266	0,030926	22,310000	51,375000
2,533055	253,237467	94,416	0,030850	22,310000	51,375000
2,536038	255,337539	94,566	0,031736	22,310000	51,375000
2,539043	259,476359	94,717	0,033483	22,310000	51,375000
2,542046	261,631970	94,867	0,034393	22,310000	51,375000
2,545004	261,428327	95,017	0,034307	22,310000	51,375000
2,548056	264,124287	95,167	0,035444	22,310000	51,375000
2,551050	265,613429	95,318	0,036073	22,310000	51,375000
2,554066	267,494816	95,468	0,036867	22,320000	51,415000
2,557069	272,032824	95,618	0,038782	22,320000	51,415000
2,560019	272,801114	95,769	0,039106	22,320000	51,415000
2,563051	276,391486	95,919	0,040621	22,320000	51,415000
2,566060	277,010515	96,070	0,040882	22,320000	51,415000
2,569073	277,629545	96,220	0,041144	22,320000	51,415000
2,571977	281,430502	96,370	0,042748	22,320000	51,415000
2,575016	282,088872	96,520	0,043025	22,320000	51,415000
2,578039	284,111421	96,671	0,043879	22,320000	51,415000
2,581004	288,273382	96,821	0,045635	22,320000	51,415000
2,584120	288,759349	96,971	0,045840	22,320000	51,415000
2,587008	292,591547	97,122	0,047458	22,320000	51,415000
2,590015	294,489133	97,272	0,048258	22,320000	51,415000
2,593048	297,004591	97,423	0,049320	22,300000	51,390000
2,596062	296,526724	97,573	0,049118	22,300000	51,390000
2,599063	300,751166	97,723	0,050901	22,300000	51,390000
2,602040	301,135312	97,873	0,051063	22,300000	51,390000
2,605022	302,686935	98,023	0,051718	22,300000	51,390000
2,608079	307,014357	98,174	0,053544	22,300000	51,390000
2,611039	307,703967	98,324	0,053835	22,300000	51,390000
2,614017	309,114429	98,475	0,054430	22,300000	51,390000
2,617095	313,174569	98,626	0,056144	22,300000	51,390000
2,620027	313,018365	98,776	0,056078	22,300000	51,390000
2,623052	317,172227	98,926	0,057831	22,300000	51,390000
2,626058	317,423310	99,077	0,057937	22,300000	51,390000
2,628995	321,035665	99,227	0,059461	22,300000	51,390000
2,632042	321,294848	99,378	0,059570	22,310000	51,405000
2,635022	324,751000	99,529	0,061029	22,310000	51,405000
2,638069	325,558631	99,680	0,061370	22,310000	51,405000
2,641062	328,873621	99,830	0,062769	22,310000	51,405000
2,643999	331,797523	99,980	0,064002	22,310000	51,405000
2,647033	331,876203	100,130	0,064036	22,310000	51,405000
2,650054	333,444026	100,280	0,064697	22,310000	51,405000
2,653052	336,319331	100,430	0,065911	22,310000	51,405000
2,656038	337,621029	100,580	0,066460	22,310000	51,405000
2,659066	340,842297	100,730	0,067819	22,310000	51,405000
2,662037	342,119696	100,880	0,068358	22,310000	51,405000
2,665020	346,509599	101,030	0,070211	22,310000	51,405000
2,668015	348,665210	101,180	0,071121	22,310000	51,405000
2,671068	348,649011	101,331	0,071114	22,300000	51,390000
2,674016	352,669811	101,481	0,072811	22,300000	51,390000
2,677037	352,528649	101,632	0,072751	22,300000	51,390000
2,679988	354,637978	101,782	0,073641	22,300000	51,390000
2,683074	356,808631	101,932	0,074557	22,300000	51,390000
2,686035	358,759442	102,083	0,075380	22,300000	51,390000
2,689000	360,883812	102,233	0,076277	22,300000	51,390000
2,692026	364,364262	102,384	0,077746	22,300000	51,390000
2,695031	366,982700	102,534	0,078851	22,300000	51,390000
2,698011	367,303206	102,685	0,078986	22,300000	51,390000
2,700990	368,918469	102,835	0,079667	22,300000	51,390000
2,704020	372,923069	102,985	0,081357	22,300000	51,390000
2,707075	373,228534	103,136	0,081486	22,300000	51,390000
2,710074	376,528482	103,286	0,082879	22,300000	51,390000
2,713052	377,273632	103,437	0,083193	22,300000	51,390000
2,716075	379,389903	103,587	0,084086	22,300000	51,390000
2,719096	383,834188	103,737	0,085962	22,300000	51,390000
2,721999	384,617521	103,887	0,086292	22,300000	51,390000
2,724991	385,275890	104,037	0,086570	22,300000	51,390000
2,728047	387,721925	104,187	0,087603	22,300000	51,390000
2,731039	389,664636	104,338	0,088422	22,300000	51,390000
2,734030	392,675318	104,488	0,089693	22,300000	51,390000
2,737101	396,195109	104,638	0,091178	22,300000	51,390000
2,740066	395,834105	104,789	0,091026	22,300000	51,390000
2,742980	400,669478	104,939	0,093066	22,300000	51,390000
2,746035	399,518198	105,090	0,092581	22,300000	51,390000
2,749078	402,229201	105,240	0,093725	22,300000	51,390000
2,752049	406,611004	105,390	0,095574	22,320000	51,375000
2,755082	406,203717	105,540	0,095402	22,320000	51,375000
2,758012	408,993400	105,690	0,096579	22,320000	51,375000
2,761063	410,538081	105,840	0,097231	22,320000	51,375000
2,764052	412,739975	105,990	0,098160	22,320000	51,375000
2,767083	416,580273	106,140	0,099781	22,320000	51,375000
2,770076	416,847554	106,290	0,099894	22,320000	51,375000
2,773009	419,919561	106,440	0,101190	22,320000	51,375000
2,776057	421,040756	106,590	0,101663	22,320000	51,375000
2,779047	423,047106	106,741	0,102510	22,320000	51,375000
2,781977	425,367021	106,891	0,103489	22,320000	51,375000
2,785047	428,172902	107,042	0,104673	22,320000	51,375000
2,788051	429,427160	107,192	0,105202	22,320000	51,375000
2,791095	433,252416	107,342	0,106816	22,320000	51,375000
2,794024	433,644661	107,492	0,106982	22,320000	51,375000
2,797058	437,015190	107,642	0,108404	22,320000	51,375000
2,800018	440,290840	107,792	0,109787	22,320000	51,375000
2,803018	441,372695	107,942	0,110243	22,320000	51,375000
2,806011	444,444702	108,092	0,111540	22,320000	51,375000
2,809025	445,212992	108,244	0,111864	22,320000	51,375000
2,812038	446,114346	108,394	0,112244	22,320000	51,375000
2,815022	449,038248	108,544	0,113478	22,320000	51,375000
2,818048	452,548782	108,695	0,114959	22,320000	51,375000
2,821005	453,341371	108,845	0,115294	22,320000	51,375000
2,824024	456,687602	108,995	0,116706	22,320000	51,375000
2,827057	457,628295	109,145	0,117103	22,320000	51,375000
2,830007	458,811972	109,295	0,117603	22,310000	51,390000
2,833049	463,310639	109,446	0,119501	22,310000	51,390000
2,835984	465,349387	109,596	0,120361	22,310000	51,390000
2,839083	465,725433	109,746	0,120520	22,310000	51,390000
2,842002	469,613170	109,896	0,122161	22,310000	51,390000
2,845053	469,455809	110,046	0,122094	22,310000	51,390000
2,848009	473,390986	110,196	0,123755	22,310000	51,390000
2,851017	473,703393	110,346	0,123887	22,310000	51,390000
2,851090	475,576681	110,496	0,124677	22,310000	51,390000
2,850956	475,115012	110,646	0,124482	22,310000	51,390000
2,850997	474,801448	110,796	0,124350	22,310000	51,390000
2,851059	474,637145	110,947	0,124281	22,310000	51,390000
2,851047	474,745909	111,097	0,124327	22,310000	51,390000
2,850974	474,637145	111,247	0,124281	22,310000	51,390000
2,851026	474,377962	111,397	0,124171	22,310000	51,390000
2,850966	474,190518	111,547	0,124092	22,310000	51,390000
2,851032	473,970675	111,697	0,124000	22,310000	51,390000
2,851032	474,018115	111,847	0,124020	22,310000	51,390000
2,851012	473,767032	111,997	0,123914	22,310000	51,390000
2,851017	473,602729	112,148	0,123844	22,310000	51,390000
2,851053	473,515949	112,299	0,123808	22,310000	51,390000
2,851038	473,249824	112,450	0,123695	22,310000	51,390000
2,851035	473,281065	112,600	0,123708	22,310000	51,390000
2,851043	473,006841	112,751	0,123593	22,310000	51,390000
2,850963	473,077422	112,901	0,123623	22,310000	51,390000
2,851038	472,724517	113,051	0,123474	22,310000	51,390000
2,851047	472,528973	113,201	0,123391	22,310000	51,390000
2,851048	472,677077	113,352	0,123454	22,300000	51,375000
2,851074	472,504675	113,503	0,123381	22,300000	51,375000
2,851028	472,496575	113,653	0,123377	22,300000	51,375000
2,850985	471,838205	113,804	0,123100	22,300000	51,375000
2,851030	471,916886	113,954	0,123133	22,300000	51,375000
2,851005	472,003666	114,106	0,123169	22,300000	51,375000
2,851007	471,901844	114,257	0,123126	22,300000	51,375000
2,851037	471,572080	114,407	0,122987	22,300000	51,375000
2,851042	471,798865	114,557	0,123083	22,300000	51,375000
2,850963	471,729441	114,707	0,123054	22,300000	51,375000
2,851056	471,470259	114,857	0,122944	22,300000	51,375000
2,851042	471,759525	115,007	0,123066	22,300000	51,375000
2,851044	471,454060	115,157	0,122938	22,300000	51,375000
2,850999	471,314055	115,308	0,122878	22,310000	51,375000
2,850977	471,250417	115,458	0,122852	22,310000	51,375000
2,851018	471,266615	115,608	0,122858	22,310000	51,375000
2,851002	471,125454	115,758	0,122799	22,310000	51,375000
2,850983	471,000491	115,908	0,122746	22,310000	51,375000
2,851027	471,282814	116,058	0,122865	22,310000	51,375000
2,851067	471,078014	116,208	0,122779	22,310000	51,375000
2,851014	470,795690	116,358	0,122660	22,310000	51,375000
2,850971	470,921810	116,508	0,122713	22,310000	51,375000
2,850982	470,890569	116,658	0,122700	22,310000	51,375000
2,851026	470,255341	116,808	0,122432	22,310000	51,375000
2,851028	470,560806	116,958	0,122561	22,310000	51,375000
2,851016	470,662628	117,109	0,122604	22,310000	51,375000
2,851006	470,443943	117,259	0,122511	22,310000	51,375000
2,850977	470,419644	117,409	0,122501	22,300000	51,365000
2,851041	470,340964	117,560	0,122468	22,300000	51,365000
2,851074	470,529565	117,710	0,122547	22,300000	51,365000
2,850941	470,600146	117,860	0,122577	22,300000	51,365000
2,851011	470,263440	118,010	0,122435	22,300000	51,365000
2,850991	470,091038	118,160	0,122362	22,300000	51,365000
2,850973	470,334021	118,310	0,122465	22,300000	51,365000
2,851018	470,552707	118,460	0,122557	22,300000	51,365000
2,851031	470,097980	118,610	0,122365	22,300000	51,365000
2,850968	470,082938	118,760	0,122359	22,300000	51,365000
2,850989	469,887394	118,910	0,122276	22,300000	51,365000
2,850990	469,777473	119,061	0,122230	22,300000	51,365000
2,850988	469,902436	119,211	0,122283	22,300000	51,365000
2,851006	469,863096	119,361	0,122266	22,300000	51,405000
2,850997	469,714992	119,512	0,122204	22,300000	51,405000
2,850980	469,754332	119,663	0,122220	22,300000	51,405000
2,851040	469,487050	119,814	0,122107	22,300000	51,405000
2,850972	469,370187	119,965	0,122058	22,300000	51,405000
2,850997	469,048523	120,115	0,121922	22,300000	51,405000
2,850999	469,714992	120,265	0,122204	22,300000	51,405000
2,850993	469,291506	120,415	0,122025	22,300000	51,405000
2,848054	469,503249	120,565	0,122114	22,300000	51,405000
2,845034	465,850396	120,716	0,120573	22,300000	51,405000
2,842036	461,978858	120,866	0,118939	22,300000	51,405000
2,838999	459,767708	121,016	0,118006	22,300000	51,405000
2,835995	459,877629	121,166	0,118052	22,300000	51,405000
2,832994	456,680659	121,317	0,116703	22,300000	51,405000
2,830017	455,080439	121,467	0,116028	22,300000	51,405000
2,827006	451,686769	121,618	0,114596	22,300000	51,405000
2,824078	450,479950	121,768	0,114086	22,300000	51,405000
2,821007	448,050115	121,918	0,113061	22,300000	51,405000
2,818040	443,096721	122,068	0,110971	22,300000	51,405000
2,814980	441,098471	122,218	0,110127	22,300000	51,405000
2,812004	438,394411	122,368	0,108986	22,300000	51,405000
2,808982	437,688602	122,518	0,108688	22,300000	51,405000
2,806035	436,081439	122,668	0,108010	22,300000	51,405000
2,803102	433,746483	122,819	0,107025	22,300000	51,405000
2,800028	431,426568	122,970	0,106046	22,300000	51,405000
2,796983	429,129795	123,120	0,105077	22,300000	51,405000
2,794047	426,942943	123,270	0,104154	22,300000	51,405000
2,791020	424,999074	123,420	0,103333	22,310000	51,390000
2,788018	422,185093	123,570	0,102146	22,310000	51,390000
2,784985	417,372862	123,721	0,100115	22,310000	51,390000
2,781986	416,918135	123,872	0,099923	22,310000	51,390000
2,778967	412,982959	124,022	0,098263	22,310000	51,390000
2,776002	411,823580	124,173	0,097773	22,310000	51,390000
2,772994	410,694285	124,324	0,097297	22,310000	51,390000
2,770018	407,512357	124,475	0,095954	22,310000	51,390000
2,767021	403,797023	124,625	0,094386	22,310000	51,390000
2,764038	403,632720	124,775	0,094317	22,310000	51,390000
2,761015	401,391486	124,925	0,093371	22,310000	51,390000
2,757991	398,584447	125,076	0,092187	22,310000	51,390000
2,755022	396,915960	125,226	0,091482	22,310000	51,390000
2,752040	394,187602	125,376	0,090331	22,300000	51,390000
2,749055	389,955060	125,526	0,088545	22,300000	51,390000
2,746004	389,539673	125,676	0,088370	22,300000	51,390000
2,742988	387,580763	125,826	0,087543	22,300000	51,390000
2,739974	385,479534	125,978	0,086656	22,300000	51,390000
2,737028	381,028306	126,128	0,084778	22,300000	51,390000
2,734004	381,051448	126,278	0,084788	22,300000	51,390000
2,731020	376,740225	126,429	0,082968	22,300000	51,390000
2,728107	376,536582	126,579	0,082882	22,300000	51,390000
2,725042	373,988726	126,729	0,081807	22,300000	51,390000
2,722044	369,247075	126,880	0,079806	22,300000	51,390000
2,719045	369,286415	127,030	0,079823	22,300000	51,390000
2,716072	367,224526	127,180	0,078953	22,300000	51,390000
2,713016	363,627212	127,331	0,077435	22,310000	51,350000
2,710048	362,985041	127,481	0,077164	22,310000	51,350000
2,707011	359,598313	127,632	0,075734	22,310000	51,350000
2,704029	358,156611	127,782	0,075126	22,310000	51,350000
2,701074	355,068406	127,932	0,073823	22,310000	51,350000
2,698055	351,086946	128,082	0,072143	22,310000	51,350000
2,695035	349,056298	128,232	0,071286	22,310000	51,350000
2,692042	346,744483	128,382	0,070310	22,310000	51,350000
2,689026	346,908786	128,532	0,070379	22,310000	51,350000
2,686015	341,901011	128,682	0,068266	22,310000	51,350000
2,683004	342,362680	128,832	0,068461	22,310000	51,350000
2,680051	340,285749	128,982	0,067584	22,310000	51,350000
2,677007	337,010099	129,132	0,066202	22,310000	51,350000
2,674042	335,654019	129,282	0,065630	22,300000	51,365000
2,671075	333,521549	129,432	0,064730	22,300000	51,365000
2,668020	331,327755	129,582	0,063804	22,300000	51,365000
2,665060	328,576255	129,732	0,062643	22,300000	51,365000
2,661991	324,688518	129,882	0,061002	22,300000	51,365000
2,659060	324,563555	130,032	0,060950	22,300000	51,365000
2,656019	322,486624	130,182	0,060073	22,300000	51,365000
2,653044	319,319739	130,332	0,058737	22,300000	51,365000
2,650014	317,257850	130,483	0,057867	22,300000	51,365000
2,647065	314,483209	130,633	0,056696	22,300000	51,365000
2,644054	311,136978	130,783	0,055284	22,300000	51,365000
2,641053	311,371862	130,934	0,055383	22,300000	51,365000
2,638070	306,755174	131,084	0,053435	22,300000	51,365000
2,635005	306,794515	131,235	0,053451	22,300000	51,365000
2,632063	303,784990	131,386	0,052181	22,300000	51,365000
2,629040	302,601313	131,536	0,051682	22,300000	51,365000
2,626015	299,818572	131,687	0,050507	22,300000	51,365000
2,622983	297,764783	131,837	0,049641	22,300000	51,365000
2,620023	293,673402	131,987	0,047914	22,300000	51,365000
2,617012	293,477858	132,137	0,047832	22,300000	51,365000
2,614037	289,754425	132,288	0,046260	22,300000	51,365000
2,611051	288,962992	132,438	0,045926	22,300000	51,365000
2,608075	284,377546	132,588	0,043991	22,300000	51,365000
2,605021	284,792932	132,738	0,044167	22,300000	51,365000
2,602001	282,457975	132,888	0,043181	22,300000	51,365000
2,599028	280,474767	133,038	0,042344	22,300000	51,365000
2,596027	277,135478	133,189	0,040935	22,300000	51,365000
2,592980	275,928660	133,339	0,040426	22,290000	51,405000
2,590001	272,950376	133,489	0,039169	22,290000	51,405000
2,587005	269,258183	133,640	0,037611	22,290000	51,405000
2,584086	268,819655	133,790	0,037426	22,290000	51,405000
2,581047	267,251833	133,940	0,036764	22,290000	51,405000
2,578049	261,968676	134,090	0,034535	22,290000	51,405000
2,575058	262,736967	134,240	0,034859	22,290000	51,405000
2,572023	260,267791	134,390	0,033817	22,290000	51,405000
2,569046	258,269541	134,540	0,032974	22,290000	51,405000
2,566104	255,824663	134,690	0,031942	22,290000	51,405000
2,563036	254,028899	134,840	0,031184	22,290000	51,405000
2,560053	249,405269	134,990	0,029233	22,290000	51,405000
2,557004	247,327181	135,141	0,028356	22,290000	51,405000
2,554068	244,929743	135,291	0,027344	22,310000	51,375000
2,551005	245,243308	135,441	0,027477	22,310000	51,375000
2,548022	243,189518	135,591	0,026610	22,310000	51,375000
2,545034	241,119529	135,742	0,025736	22,310000	51,375000
2,542050	238,791515	135,893	0,024754	22,310000	51,375000
2,539057	234,778816	136,043	0,023061	22,310000	51,375000
2,536028	234,355330	136,193	0,022882	22,310000	51,375000
2,533027	229,715501	136,343	0,020924	22,310000	51,375000
2,530059	229,668061	136,494	0,020904	22,310000	51,375000
2,527053	227,905852	136,644	0,020160	22,310000	51,375000
2,524082	225,750241	136,794	0,019250	22,310000	51,375000
2,521039	223,530991	136,944	0,018314	22,310000	51,375000
2,518015	221,697043	137,095	0,017540	22,310000	51,375000
2,515067	218,664377	137,246	0,016260	22,310000	51,375000
2,512047	214,745400	137,396	0,014606	22,310000	51,375000
2,509036	215,183927	137,546	0,014792	22,310000	51,375000
2,506075	210,426077	137,696	0,012784	22,310000	51,375000
2,503070	209,431002	137,846	0,012364	22,310000	51,375000
2,500056	208,309806	137,996	0,011891	22,310000	51,375000
2,497012	205,981792	138,147	0,010908	22,310000	51,375000
2,494040	204,062222	138,297	0,010098	22,310000	51,375000
2,491054	201,013357	138,447	0,008812	22,310000	51,375000
2,488005	197,352405	138,597	0,007267	22,310000	51,375000
2,485094	196,897678	138,747	0,007075	22,310000	51,375000
2,482058	195,424735	138,898	0,006453	22,310000	51,375000
2,479034	191,011691	139,048	0,004591	22,310000	51,375000
2,476017	188,982200	139,198	0,003734	22,310000	51,375000
2,473055	188,841038	139,348	0,003675	22,310000	51,375000
2,470033	184,419894	139,498	0,001809	22,310000	51,375000
2,467074	184,608496	139,649	0,001889	22,310000	51,375000
2,463984	180,234792	139,799	0,000043	22,310000	51,375000
2,460997	180,172310	139,950	0,000017	22,310000	51,375000
2,458082	176,323913	140,100	-0,001607	22,310000	51,375000
2,455076	173,917219	140,250	-0,002623	22,310000	51,375000
2,452035	172,176994	140,401	-0,003357	22,310000	51,375000
2,449018	169,770300	140,551	-0,004373	22,310000	51,375000
2,446079	169,927660	140,702	-0,004307	22,310000	51,375000
2,442975	165,437093	140,852	-0,006202	22,310000	51,375000
2,440076	163,132220	141,002	-0,007174	22,310000	51,375000
2,437048	163,367104	141,153	-0,007075	22,310000	51,375000
2,434060	160,380721	141,303	-0,008335	22,310000	51,375000
2,431053	159,244483	141,454	-0,008815	22,310000	51,375000
2,428049	156,963909	141,604	-0,009777	22,310000	51,375000
2,425092	152,432844	141,755	-0,011689	22,310000	51,375000
2,422080	152,425902	141,905	-0,011692	22,310000	51,375000
2,419024	148,145920	142,055	-0,013499	22,310000	51,375000
2,416022	146,053947	142,206	-0,014381	22,310000	51,375000
2,413053	143,842797	142,356	-0,015314	22,310000	51,375000
2,410075	143,709734	142,506	-0,015371	22,310000	51,375000
2,407059	139,712076	142,656	-0,017058	22,310000	51,375000
2,404001	139,445951	142,806	-0,017170	22,310000	51,375000
2,401075	135,495733	142,956	-0,018837	22,310000	51,375000
2,398025	133,214001	143,106	-0,019800	22,310000	51,375000
2,395071	131,481876	143,257	-0,020531	22,310000	51,375000
2,392017	128,880795	143,407	-0,021628	22,320000	51,375000
2,389050	127,296773	143,557	-0,022297	22,320000	51,375000
2,386083	127,398595	143,707	-0,022254	22,320000	51,375000
2,383056	125,211743	143,857	-0,023177	22,320000	51,375000
2,380013	120,391412	144,008	-0,025211	22,320000	51,375000
2,377035	119,333855	144,158	-0,025657	22,320000	51,375000
2,374110	118,557464	144,308	-0,025985	22,320000	51,375000
2,371035	114,889570	144,458	-0,027533	22,320000	51,375000
2,368024	112,146170	144,608	-0,028690	22,320000	51,375000
2,365087	109,943119	144,758	-0,029620	22,320000	51,375000
2,362145	110,327264	144,908	-0,029458	22,320000	51,375000
2,359071	106,792432	145,058	-0,030950	22,320000	51,375000
2,356037	106,025298	145,209	-0,031273	22,320000	51,375000
2,353121	102,968333	145,360	-0,032563	22,310000	51,390000
2,350028	99,504082	145,510	-0,034025	22,310000	51,390000
2,347040	98,555289	145,660	-0,034426	22,310000	51,390000
2,344054	95,334021	145,811	-0,035785	22,310000	51,390000
2,341059	94,478951	145,961	-0,036146	22,310000	51,390000
2,338018	93,201551	146,112	-0,036685	22,310000	51,390000
2,335056	90,897836	146,262	-0,037657	22,310000	51,390000
2,332030	86,742817	146,412	-0,039411	22,310000	51,390000
2,329088	86,398012	146,562	-0,039556	22,310000	51,390000
2,326024	82,416553	146,712	-0,041236	22,310000	51,390000
2,323036	82,260349	146,862	-0,041302	22,310000	51,390000
2,320039	78,067147	147,012	-0,043072	22,310000	51,390000
2,317099	77,863503	147,162	-0,043158	22,310000	51,390000
2,313989	73,912128	147,312	-0,044825	22,310000	51,390000
2,311091	74,038248	147,462	-0,044772	22,310000	51,390000
2,308020	72,219342	147,613	-0,045540	22,310000	51,390000
2,305078	70,103071	147,763	-0,046433	22,310000	51,390000
2,302008	65,784906	147,913	-0,048255	22,310000	51,390000
2,298992	65,855487	148,063	-0,048225	22,310000	51,390000
2,296049	61,199459	148,213	-0,050190	22,310000	51,390000
2,293047	61,536165	148,364	-0,050048	22,310000	51,390000
2,290035	57,594046	148,514	-0,051711	22,310000	51,390000
2,287053	57,076838	148,664	-0,051930	22,310000	51,390000
2,284115	54,936269	148,815	-0,052833	22,310000	51,390000
2,281046	50,728025	148,966	-0,054609	22,310000	51,390000
2,278031	51,033490	149,116	-0,054480	22,310000	51,390000
2,275073	46,424902	149,266	-0,056425	22,310000	51,390000
2,272094	46,346221	149,416	-0,056458	22,300000	51,375000
2,269088	44,669635	149,567	-0,057166	22,300000	51,375000
2,266037	42,262941	149,717	-0,058181	22,300000	51,375000
2,263062	40,248491	149,867	-0,059031	22,300000	51,375000
2,260082	37,168385	150,018	-0,060331	22,300000	51,375000
2,257097	36,078430	150,168	-0,060791	22,300000	51,375000
2,254119	34,221342	150,318	-0,061575	22,300000	51,375000
2,251097	29,627795	150,469	-0,063513	22,300000	51,375000
2,248030	27,683927	150,619	-0,064333	22,300000	51,375000
2,245027	25,442693	150,770	-0,065279	22,300000	51,375000
2,242073	25,849980	150,920	-0,065107	22,300000	51,375000
2,239102	21,374454	151,070	-0,066996	22,300000	51,375000
2,236059	21,648678	151,220	-0,066880	22,300000	51,375000
2,233043	19,727951	151,370	-0,067691	22,300000	51,375000
2,230082	15,245483	151,520	-0,069583	22,300000	51,375000
2,227059	13,372195	151,671	-0,070373	22,300000	51,375000
2,224089	10,950459	151,821	-0,071395	22,300000	51,375000
2,221041	10,417052	151,972	-0,071620	22,300000	51,375000
2,218077	9,382637	152,123	-0,072057	22,300000	51,375000
2,215030	5,071414	152,273	-0,073876	22,300000	51,375000
2,212108	5,095712	152,423	-0,073866	22,300000	51,375000
2,209059	2,923902	152,573	-0,074782	22,300000	51,375000
2,206039	-1,402362	152,723	-0,076608	22,300000	51,375000
2,203104	-1,528482	152,873	-0,076661	22,300000	51,375000
2,200092	-5,697386	153,023	-0,078420	22,300000	51,375000
2,197007	-6,912304	153,173	-0,078933	22,300000	51,375000
2,194077	-7,296449	153,324	-0,079095	22,310000	51,365000
2,190937	-9,883646	153,475	-0,080187	22,310000	51,365000
2,188035	-13,841963	153,625	-0,081857	22,310000	51,365000
2,185036	-14,539673	153,775	-0,082152	22,310000	51,365000
2,182012	-18,214511	153,925	-0,083703	22,310000	51,365000
2,179057	-17,564240	154,075	-0,083428	22,310000	51,365000
2,176057	-22,313990	154,225	-0,085433	22,310000	51,365000
2,173041	-22,776816	154,375	-0,085628	22,310000	51,365000
2,170033	-24,156037	154,526	-0,086210	22,310000	51,365000
2,167052	-26,382229	154,676	-0,087149	22,310000	51,365000
2,163995	-30,504850	154,826	-0,088889	22,310000	51,365000
2,161091	-30,427327	154,976	-0,088856	22,310000	51,365000
2,158113	-34,556891	155,127	-0,090599	22,310000	51,365000
2,155110	-36,618780	155,277	-0,091469	22,310000	51,365000
2,152120	-38,741993	155,427	-0,092365	22,310000	51,365000
2,149032	-38,452727	155,577	-0,092243	22,310000	51,365000
2,146010	-40,921903	155,727	-0,093285	22,310000	51,365000
2,143066	-42,747751	155,877	-0,094056	22,310000	51,365000
2,140102	-46,760451	156,027	-0,095749	22,310000	51,365000
2,137049	-49,183344	156,177	-0,096771	22,310000	51,365000
2,134053	-51,063574	156,327	-0,097565	22,310000	51,365000
2,131035	-51,196636	156,477	-0,097621	22,310000	51,365000
2,128045	-55,532157	156,627	-0,099451	22,310000	51,365000
2,125037	-55,210493	156,777	-0,099315	22,310000	51,365000
2,122020	-57,326764	156,928	-0,100208	22,310000	51,365000
2,119028	-61,676170	157,078	-0,102043	22,310000	51,365000
2,116054	-61,762950	157,228	-0,102080	22,310000	51,365000
2,113062	-63,243993	157,378	-0,102705	22,310000	51,375000
2,110097	-67,437195	157,528	-0,104475	22,310000	51,375000
2,107044	-67,312232	157,678	-0,104422	22,310000	51,375000
2,104103	-71,559816	157,829	-0,106214	22,310000	51,375000
2,101096	-73,989651	157,979	-0,107240	22,310000	51,375000
2,098044	-73,825348	158,130	-0,107170	22,310000	51,375000
2,095029	-75,401270	158,280	-0,107835	22,310000	51,375000
2,092012	-78,865521	158,430	-0,109297	22,310000	51,375000
2,089013	-81,507100	158,580	-0,110412	22,310000	51,375000
2,086059	-81,561482	158,730	-0,110435	22,310000	51,375000
2,083076	-83,779575	158,881	-0,111371	22,310000	51,375000
2,080024	-86,820340	159,031	-0,112654	22,310000	51,375000
2,077053	-89,939786	159,182	-0,113971	22,310000	51,375000
2,074016	-89,634321	159,332	-0,113842	22,310000	51,375000
2,071076	-91,758692	159,482	-0,114738	22,310000	51,375000
2,068113	-93,953643	159,632	-0,115665	22,310000	51,375000
2,065094	-95,976192	159,783	-0,116518	22,310000	51,375000
2,062027	-98,248667	159,933	-0,117477	22,310000	51,375000
2,059054	-99,918311	160,084	-0,118182	22,310000	51,375000
2,056042	-104,134655	160,234	-0,119961	22,310000	51,375000
2,053121	-106,290266	160,384	-0,120871	22,310000	51,375000
2,050024	-106,549448	160,534	-0,120980	22,310000	51,375000
2,047045	-107,889329	160,684	-0,121545	22,310000	51,375000
2,044103	-110,444128	160,834	-0,122624	22,310000	51,375000
2,041047	-111,972610	160,984	-0,123269	22,310000	51,375000
2,038039	-114,175661	161,134	-0,124198	22,310000	51,375000
2,035059	-115,993409	161,284	-0,124965	22,310000	51,375000
2,032063	-120,736217	161,434	-0,126967	22,310000	51,390000
2,029110	-122,530824	161,584	-0,127724	22,310000	51,390000
2,026050	-122,437102	161,735	-0,127685	22,310000	51,390000
2,023005	-126,975109	161,885	-0,129600	22,310000	51,390000
2,020020	-126,527325	162,035	-0,129411	22,310000	51,390000
2,017056	-131,050291	162,185	-0,131319	22,310000	51,390000
2,014102	-130,619863	162,335	-0,131138	22,310000	51,390000
2,011088	-132,618113	162,485	-0,131981	22,310000	51,390000
2,008046	-137,078597	162,636	-0,133863	22,310000	51,390000
2,005097	-137,234801	162,786	-0,133929	22,310000	51,390000
2,002112	-141,631646	162,936	-0,135785	22,310000	51,390000
1,999089	-142,800281	163,086	-0,136278	22,310000	51,390000
1,996107	-143,278149	163,236	-0,136479	22,310000	51,390000
1,993101	-146,922902	163,386	-0,138018	22,310000	51,390000
1,990020	-147,118446	163,536	-0,138100	22,310000	51,390000
1,987100	-150,873121	163,686	-0,139685	22,310000	51,390000
1,984062	-153,741484	163,836	-0,140895	22,310000	51,390000
1,981046	-154,995742	163,986	-0,141424	22,310000	51,390000
1,978043	-156,304382	164,136	-0,141977	22,310000	51,390000
1,975052	-157,315656	164,286	-0,142403	22,310000	51,390000
1,972039	-159,133405	164,436	-0,143170	22,310000	51,390000
1,969027	-163,743150	164,586	-0,145116	22,310000	51,390000
1,966008	-163,507109	164,736	-0,145016	22,310000	51,390000
1,963089	-166,368530	164,886	-0,146224	22,310000	51,390000
1,960074	-169,652279	165,037	-0,147609	22,310000	51,390000
1,957138	-169,589797	165,188	-0,147583	22,310000	51,390000
1,954131	-173,924161	165,338	-0,149412	22,320000	51,365000
1,951070	-174,088465	165,489	-0,149481	22,320000	51,365000
1,948036	-177,718176	165,639	-0,151013	22,320000	51,365000
1,945081	-177,693878	165,790	-0,151003	22,320000	51,365000
1,942088	-179,410962	165,940	-0,151728	22,320000	51,365000
1,939032	-181,605913	166,090	-0,152654	22,320000	51,365000
1,936106	-183,471101	166,240	-0,153441	22,320000	51,365000
1,933101	-187,899187	166,391	-0,155310	22,320000	51,365000
1,930035	-189,583873	166,541	-0,156021	22,320000	51,365000
1,927112	-189,066665	166,691	-0,155802	22,320000	51,365000
1,924069	-193,331605	166,842	-0,157602	22,320000	51,365000
1,921094	-193,425328	166,992	-0,157642	22,320000	51,365000
1,918076	-197,344305	167,142	-0,159295	22,320000	51,365000
1,915041	-197,257526	167,292	-0,159259	22,300000	51,375000
1,912062	-201,890412	167,442	-0,161214	22,300000	51,375000
1,909097	-201,176503	167,592	-0,160913	22,300000	51,375000
1,906094	-205,331522	167,742	-0,162666	22,300000	51,375000
1,903032	-204,939277	167,892	-0,162500	22,300000	51,375000
1,900103	-206,937528	168,042	-0,163344	22,300000	51,375000
1,897067	-211,193211	168,192	-0,165140	22,300000	51,375000
1,894091	-212,690453	168,342	-0,165771	22,300000	51,375000
1,891057	-212,737892	168,492	-0,165792	22,300000	51,375000
1,888051	-216,852414	168,642	-0,167528	22,300000	51,375000
1,885092	-216,617530	168,792	-0,167429	22,300000	51,375000
1,882024	-219,831855	168,942	-0,168785	22,300000	51,375000
1,879072	-220,411545	169,092	-0,169030	22,300000	51,375000
1,876086	-223,020725	169,242	-0,170131	22,300000	51,375000
1,873095	-224,627888	169,392	-0,170809	22,310000	51,405000
1,870050	-228,187019	169,542	-0,172311	22,310000	51,405000
1,867082	-228,374463	169,692	-0,172390	22,310000	51,405000
1,864100	-232,771309	169,842	-0,174246	22,310000	51,405000
1,861023	-234,785758	169,992	-0,175096	22,310000	51,405000
1,858021	-235,985634	170,143	-0,175602	22,310000	51,405000
1,855052	-238,853997	170,293	-0,176813	22,310000	51,405000
1,852059	-238,602914	170,444	-0,176707	22,310000	51,405000
1,849098	-240,100156	170,594	-0,177338	22,310000	51,405000
1,846114	-241,879721	170,745	-0,178089	22,310000	51,405000
1,843053	-244,238975	170,895	-0,179085	22,310000	51,405000
1,840125	-245,915562	171,045	-0,179792	22,310000	51,405000
1,837094	-248,096629	171,196	-0,180713	22,310000	51,405000
1,834035	-249,929419	171,346	-0,181486	22,310000	51,405000
1,831078	-251,645346	171,497	-0,182210	22,310000	51,405000
1,828046	-253,809057	171,648	-0,183124	22,310000	51,405000
1,825091	-256,739901	171,799	-0,184360	22,310000	51,405000
1,822083	-257,493150	171,949	-0,184678	22,310000	51,405000
1,819099	-261,858755	172,099	-0,186521	22,310000	51,405000
1,816087	-264,037507	172,250	-0,187440	22,310000	51,405000
1,813094	-264,280491	172,400	-0,187542	22,310000	51,405000
1,810123	-268,363772	172,550	-0,189266	22,310000	51,405000
1,807068	-269,327607	172,700	-0,189672	22,310000	51,405000
1,804020	-269,892254	172,850	-0,189911	22,310000	51,405000
1,801081	-271,576940	173,000	-0,190622	22,310000	51,405000
1,798129	-276,460910	173,150	-0,192683	22,310000	51,405000
1,795067	-275,738901	173,300	-0,192378	22,300000	51,390000
1,792111	-280,348647	173,450	-0,194323	22,300000	51,390000
1,789096	-280,575431	173,600	-0,194419	22,300000	51,390000
1,786062	-281,985893	173,750	-0,195014	22,300000	51,390000
1,783108	-283,961002	173,900	-0,195848	22,300000	51,390000
1,780109	-286,077273	174,050	-0,196741	22,300000	51,390000
1,777055	-288,045440	174,201	-0,197571	22,300000	51,390000
1,774097	-289,816906	174,352	-0,198319	22,300000	51,390000
1,771061	-292,645929	174,502	-0,199513	22,300000	51,390000
1,768110	-293,939527	174,652	-0,200059	22,300000	51,390000
1,765105	-296,549865	174,803	-0,201160	22,300000	51,390000
1,762078	-299,810473	174,953	-0,202536	22,300000	51,390000
1,759094	-299,794274	175,104	-0,202529	22,300000	51,390000
1,756124	-303,846314	175,254	-0,204239	22,310000	51,405000
1,753078	-305,657120	175,404	-0,205003	22,310000	51,405000
1,750063	-307,584790	175,554	-0,205817	22,310000	51,405000
1,747078	-307,256183	175,704	-0,205678	22,310000	51,405000
1,744144	-308,972110	175,855	-0,206402	22,310000	51,405000
1,741147	-310,767874	176,005	-0,207160	22,310000	51,405000
1,738037	-314,968019	176,155	-0,208933	22,310000	51,405000
1,735051	-314,741234	176,305	-0,208837	22,310000	51,405000
1,732052	-318,612772	176,455	-0,210471	22,310000	51,405000
1,729076	-318,417228	176,605	-0,210388	22,310000	51,405000
1,726064	-320,541599	176,755	-0,211285	22,310000	51,405000
1,722993	-322,242484	176,905	-0,212002	22,310000	51,405000
1,720065	-325,619955	177,055	-0,213428	22,310000	51,405000
1,717076	-326,215843	177,205	-0,213679	22,310000	51,405000
1,714096	-328,928003	177,355	-0,214824	22,310000	51,350000
1,711084	-329,742576	177,506	-0,215167	22,310000	51,350000
1,708075	-331,538340	177,656	-0,215925	22,310000	51,350000
1,705035	-335,794024	177,807	-0,217721	22,310000	51,350000
1,702062	-335,856505	177,957	-0,217748	22,310000	51,350000
1,699067	-339,070831	178,108	-0,219104	22,310000	51,350000
1,696066	-338,192619	178,258	-0,218733	22,310000	51,350000
1,693069	-342,605663	178,408	-0,220596	22,310000	51,350000
1,690081	-344,470851	178,558	-0,221383	22,310000	51,350000
1,687072	-346,312898	178,708	-0,222160	22,310000	51,350000
1,684098	-345,669570	178,859	-0,221889	22,310000	51,350000
1,681073	-349,902112	179,010	-0,223675	22,310000	51,350000
1,678083	-349,635987	179,160	-0,223562	22,310000	51,350000
1,675121	-351,203810	179,310	-0,224224	22,300000	51,390000
1,672123	-352,551790	179,461	-0,224793	22,300000	51,390000
1,669060	-357,081698	179,611	-0,226705	22,300000	51,390000
1,666075	-358,179752	179,761	-0,227168	22,300000	51,390000
1,663076	-360,404787	179,911	-0,228107	22,300000	51,390000
1,660088	-362,921403	180,062	-0,229169	22,300000	51,390000
1,657141	-364,724110	180,212	-0,229930	22,300000	51,390000
1,654082	-366,996584	180,363	-0,230889	22,300000	51,390000
1,651119	-366,676077	180,513	-0,230753	22,300000	51,390000
1,648131	-368,165220	180,663	-0,231382	22,300000	51,390000
1,645092	-371,700052	180,813	-0,232874	22,300000	51,390000
1,642082	-371,793774	180,963	-0,232913	22,300000	51,390000
1,639175	-374,866938	181,113	-0,234210	22,300000	51,390000
1,636069	-377,711002	181,263	-0,235410	22,300000	51,390000
1,633071	-378,973360	181,413	-0,235943	22,300000	51,390000
1,630061	-378,988402	181,563	-0,235949	22,300000	51,390000
1,627091	-382,327690	181,713	-0,237358	22,300000	51,390000
1,624059	-385,133572	181,863	-0,238542	22,300000	51,390000
1,621108	-384,726285	182,014	-0,238371	22,300000	51,390000
1,618114	-386,310306	182,164	-0,239039	22,300000	51,390000
1,615148	-388,574682	182,314	-0,239995	22,300000	51,390000
1,612089	-392,133812	182,464	-0,241497	22,300000	51,390000
1,609101	-393,113846	182,614	-0,241910	22,300000	51,390000
1,606072	-395,824848	182,764	-0,243054	22,300000	51,390000
1,603081	-397,683094	182,914	-0,243838	22,300000	51,390000
1,600125	-397,322090	183,064	-0,243686	22,300000	51,390000
1,597116	-399,093556	183,214	-0,244434	22,300000	51,390000
1,594162	-400,974943	183,364	-0,245228	22,310000	51,350000
1,591097	-403,365438	183,514	-0,246236	22,310000	51,350000
1,588094	-405,512950	183,665	-0,247143	22,310000	51,350000
1,585142	-406,296283	183,815	-0,247473	22,310000	51,350000
1,582090	-410,215260	183,965	-0,249127	22,310000	51,350000
1,579059	-412,229710	184,116	-0,249977	22,310000	51,350000
1,576046	-413,986134	184,266	-0,250718	22,310000	51,350000
1,573083	-414,337881	184,416	-0,250867	22,310000	51,350000
1,570101	-415,388496	184,566	-0,251310	22,310000	51,350000
1,567155	-417,567249	184,716	-0,252229	22,310000	51,350000
1,564091	-418,374880	184,866	-0,252570	22,310000	51,350000
1,561082	-421,188861	185,016	-0,253758	22,310000	51,350000
1,558120	-424,331448	185,166	-0,255084	22,310000	51,350000
1,555096	-423,438194	185,317	-0,254707	22,310000	51,365000
1,552137	-425,641245	185,467	-0,255637	22,310000	51,365000
1,549114	-427,342130	185,617	-0,256354	22,310000	51,365000
1,546094	-429,363522	185,767	-0,257208	22,310000	51,365000
1,543116	-432,600989	185,917	-0,258574	22,310000	51,365000
1,540128	-434,615438	186,068	-0,259424	22,310000	51,365000
1,537072	-433,807807	186,218	-0,259083	22,310000	51,365000
1,534071	-437,749926	186,368	-0,260747	22,310000	51,365000
1,531128	-437,240818	186,518	-0,260532	22,310000	51,365000
1,528092	-438,800541	186,668	-0,261190	22,310000	51,365000
1,525087	-440,846231	186,818	-0,262053	22,310000	51,365000
1,522102	-444,507183	186,968	-0,263598	22,310000	51,365000
1,519093	-444,216760	187,118	-0,263476	22,310000	51,365000
1,516176	-447,822173	187,269	-0,264997	22,320000	51,390000
1,513144	-447,438028	187,420	-0,264835	22,320000	51,390000
1,510122	-451,184603	187,570	-0,266416	22,320000	51,390000
1,507076	-450,721777	187,721	-0,266221	22,320000	51,390000
1,504173	-452,814907	187,871	-0,267104	22,320000	51,390000
1,501086	-454,513477	188,022	-0,267821	22,320000	51,390000
1,498135	-456,028075	188,173	-0,268460	22,320000	51,390000
1,495117	-460,339298	188,323	-0,270279	22,320000	51,390000
1,492087	-460,166895	188,473	-0,270207	22,320000	51,390000
1,489102	-463,373121	188,623	-0,271560	22,320000	51,390000
1,486096	-463,521225	188,773	-0,271622	22,320000	51,390000
1,483129	-465,034666	188,924	-0,272261	22,320000	51,390000
1,480156	-468,929345	189,074	-0,273904	22,320000	51,390000
1,477123	-469,024224	189,224	-0,273944	22,320000	51,390000
1,474140	-470,920653	189,375	-0,274745	22,310000	51,350000
1,471080	-474,511025	189,525	-0,276260	22,310000	51,350000
1,468094	-474,181261	189,675	-0,276121	22,310000	51,350000
1,465133	-478,131480	189,826	-0,277788	22,310000	51,350000
1,462125	-480,200311	189,976	-0,278661	22,310000	51,350000
1,459151	-481,259025	190,126	-0,279107	22,310000	51,350000
1,456134	-481,768134	190,277	-0,279322	22,310000	51,350000
1,453117	-483,234134	190,427	-0,279941	22,310000	51,350000
1,450126	-487,506017	190,578	-0,281744	22,310000	51,350000
1,447153	-487,231792	190,728	-0,281628	22,310000	51,350000
1,444076	-491,032750	190,879	-0,283232	22,310000	51,350000
1,441102	-491,009608	191,029	-0,283222	22,310000	51,350000
1,438150	-492,796116	191,180	-0,283976	22,310000	51,350000
1,435150	-494,419478	191,330	-0,284661	22,320000	51,390000
1,432131	-495,688777	191,480	-0,285197	22,320000	51,390000
1,429052	-498,220435	191,630	-0,286265	22,320000	51,390000
1,426107	-501,394263	191,780	-0,287604	22,320000	51,390000
1,423153	-501,175578	191,931	-0,287512	22,320000	51,390000
1,420145	-504,114522	192,081	-0,288752	22,320000	51,390000
1,417085	-506,795440	192,231	-0,289884	22,320000	51,390000
1,414143	-506,152112	192,382	-0,289612	22,320000	51,390000
1,411074	-508,323923	192,532	-0,290529	22,320000	51,390000
1,408107	-510,604497	192,683	-0,291491	22,320000	51,390000
1,405130	-511,356589	192,834	-0,291809	22,320000	51,390000
1,402083	-513,042432	192,984	-0,292520	22,320000	51,390000
1,399112	-514,710919	193,134	-0,293224	22,320000	51,390000
1,396116	-518,795357	193,284	-0,294948	22,300000	51,365000
1,393080	-518,027066	193,435	-0,294624	22,300000	51,365000
1,390096	-519,884155	193,586	-0,295407	22,300000	51,365000
1,387110	-521,804882	193,736	-0,296218	22,300000	51,365000
1,384097	-523,944294	193,887	-0,297121	22,300000	51,365000
1,381149	-526,703893	194,037	-0,298285	22,300000	51,365000
1,378091	-526,562731	194,188	-0,298226	22,300000	51,365000
1,375125	-528,114355	194,338	-0,298880	22,300000	51,365000
1,372064	-530,606672	194,488	-0,299932	22,300000	51,365000
1,369093	-533,420653	194,639	-0,301120	22,300000	51,365000
1,366089	-533,671736	194,789	-0,301226	22,300000	51,365000
1,363103	-534,863513	194,939	-0,301729	22,300000	51,365000
1,360143	-537,605756	195,089	-0,302886	22,300000	51,365000
1,357079	-537,919320	195,239	-0,303018	22,300000	51,365000
1,354126	-539,690786	195,390	-0,303766	22,300000	51,365000
1,351053	-543,374880	195,540	-0,305320	22,300000	51,365000
1,348139	-542,473526	195,690	-0,304940	22,300000	51,365000
1,345105	-546,321923	195,841	-0,306564	22,300000	51,365000
1,342104	-546,070840	195,992	-0,306458	22,300000	51,365000
1,339165	-549,496908	196,142	-0,307904	22,300000	51,365000
1,336103	-551,244076	196,293	-0,308641	22,300000	51,365000
1,333122	-551,370196	196,443	-0,308694	22,300000	51,365000
1,330099	-554,512783	196,593	-0,310021	22,300000	51,365000
1,327123	-555,609680	196,743	-0,310483	22,300000	51,365000
1,324082	-555,264875	196,894	-0,310338	22,300000	51,365000
1,321109	-558,957068	197,044	-0,311896	22,300000	51,365000
1,318135	-558,267458	197,194	-0,311605	22,300000	51,365000
1,315115	-559,615438	197,344	-0,312174	22,300000	51,390000
1,312115	-561,065240	197,494	-0,312786	22,300000	51,390000
1,309179	-563,808640	197,644	-0,313943	22,300000	51,390000
1,306138	-565,823089	197,795	-0,314793	22,300000	51,390000
1,303096	-565,956152	197,945	-0,314850	22,300000	51,390000
1,300131	-569,302383	198,095	-0,316262	22,300000	51,390000
1,297117	-570,377296	198,246	-0,316715	22,300000	51,390000
1,294050	-569,742067	198,396	-0,316447	22,300000	51,390000
1,291130	-573,418061	198,546	-0,317999	22,300000	51,390000
1,288075	-574,852821	198,697	-0,318604	22,300000	51,390000
1,285091	-574,961585	198,847	-0,318650	22,300000	51,390000
1,282078	-576,514366	198,997	-0,319305	22,300000	51,390000
1,279152	-578,520716	199,147	-0,320152	22,300000	51,390000
1,276089	-580,753851	199,297	-0,321094	22,310000	51,375000
1,273109	-582,807640	199,448	-0,321961	22,310000	51,375000
1,270097	-583,983218	199,598	-0,322457	22,310000	51,375000
1,267086	-585,245575	199,748	-0,322990	22,310000	51,375000
1,264159	-584,147521	199,898	-0,322526	22,310000	51,375000
1,261117	-588,223860	200,048	-0,324247	22,310000	51,375000
1,258107	-589,540599	200,199	-0,324802	22,310000	51,375000
1,255111	-589,077773	200,349	-0,324607	22,310000	51,375000
1,252169	-592,651946	200,499	-0,326115	22,310000	51,375000
1,249122	-594,485893	200,649	-0,326889	22,310000	51,375000
1,246137	-593,765042	200,799	-0,326585	22,310000	51,375000
1,243150	-594,917478	200,949	-0,327071	22,310000	51,375000
1,240138	-596,186778	201,099	-0,327607	22,310000	51,375000
1,237135	-597,488476	201,249	-0,328156	22,310000	51,375000
1,234134	-600,051374	201,399	-0,329238	22,310000	51,375000
1,231128	-599,619789	201,549	-0,329056	22,310000	51,375000
1,228125	-602,998417	201,700	-0,330481	22,310000	51,375000
1,225133	-602,699894	201,851	-0,330355	22,310000	51,375000
1,222157	-605,295190	202,002	-0,331451	22,310000	51,375000
1,219134	-607,779408	202,153	-0,332499	22,310000	51,375000
1,216086	-606,956735	202,303	-0,332152	22,310000	51,375000
1,213105	-610,225442	202,454	-0,333531	22,310000	51,375000
1,210129	-610,122464	202,604	-0,333488	22,310000	51,375000
1,207076	-610,429086	202,755	-0,333617	22,310000	51,375000
1,204139	-614,261284	202,905	-0,335234	22,310000	51,375000
1,201170	-616,040849	203,055	-0,335985	22,310000	51,375000
1,198078	-617,341390	203,206	-0,336534	22,310000	51,375000
1,195112	-618,493826	203,357	-0,337021	22,310000	51,375000
1,192155	-617,341390	203,507	-0,336534	22,310000	51,375000
1,189137	-620,908620	203,657	-0,338040	22,310000	51,375000
1,186125	-620,100989	203,807	-0,337699	22,310000	51,375000
1,183146	-623,149854	203,957	-0,338985	22,310000	51,375000
1,180074	-622,734468	204,107	-0,338810	22,310000	51,375000
1,177145	-626,269300	204,257	-0,340302	22,310000	51,375000
1,174122	-625,446627	204,407	-0,339955	22,310000	51,375000
1,171125	-628,574172	204,557	-0,341274	22,310000	51,375000
1,168119	-628,001426	204,707	-0,341033	22,310000	51,375000
1,165159	-630,815407	204,858	-0,342220	22,310000	51,375000
1,162099	-630,345638	205,009	-0,342022	22,310000	51,375000
1,159135	-633,158462	205,159	-0,343209	22,310000	51,375000
1,156135	-632,979117	205,309	-0,343133	22,310000	51,405000
1,153214	-634,671903	205,459	-0,343848	22,310000	51,405000
1,150092	-634,381480	205,610	-0,343725	22,310000	51,405000
1,147134	-636,788174	205,760	-0,344741	22,310000	51,405000
1,144051	-636,795116	205,910	-0,344744	22,310000	51,405000
1,141135	-639,272392	206,061	-0,345789	22,310000	51,405000
1,138097	-639,476035	206,211	-0,345875	22,310000	51,405000
1,135117	-641,631646	206,361	-0,346785	22,310000	51,405000
1,132149	-644,155204	206,511	-0,347850	22,310000	51,405000
1,129135	-645,456902	206,661	-0,348399	22,310000	51,405000
1,126147	-644,711752	206,811	-0,348084	22,310000	51,405000
1,123165	-646,138413	206,962	-0,348687	22,310000	51,405000
1,120078	-647,220268	207,112	-0,349143	22,310000	51,405000
1,117080	-648,167904	207,263	-0,349543	22,310000	51,405000
1,114131	-650,316573	207,413	-0,350450	22,310000	51,405000
1,111166	-650,112930	207,564	-0,350364	22,310000	51,405000
1,108090	-652,682770	207,714	-0,351448	22,310000	51,405000
1,105139	-654,188111	207,864	-0,352083	22,310000	51,405000
1,102109	-654,619696	208,014	-0,352266	22,310000	51,405000
1,099127	-657,143254	208,164	-0,353331	22,310000	51,405000
1,096122	-658,138329	208,314	-0,353750	22,310000	51,405000
1,093116	-659,589288	208,464	-0,354363	22,310000	51,405000
1,090132	-659,533749	208,614	-0,354339	22,310000	51,405000
1,087128	-660,034758	208,765	-0,354551	22,310000	51,405000
1,084109	-662,214668	208,915	-0,355471	22,310000	51,405000
1,081122	-662,472693	209,065	-0,355580	22,310000	51,405000
1,078078	-665,498417	209,215	-0,356856	22,310000	51,405000
1,075105	-666,015625	209,365	-0,357075	22,310000	51,390000
1,072137	-666,156787	209,515	-0,357134	22,310000	51,390000
1,069106	-669,268134	209,666	-0,358447	22,310000	51,390000
1,066116	-669,942702	209,816	-0,358732	22,310000	51,390000
1,063176	-669,699719	209,966	-0,358629	22,310000	51,390000
1,060092	-670,835956	210,117	-0,359109	22,310000	51,390000
1,057167	-672,144596	210,267	-0,359661	22,310000	51,390000
1,054152	-674,927336	210,417	-0,360835	22,310000	51,390000
1,051107	-676,181594	210,567	-0,361365	22,310000	51,390000
1,048162	-675,616947	210,718	-0,361126	22,310000	51,390000
1,045067	-679,284842	210,869	-0,362674	22,310000	51,390000
1,042114	-678,665812	211,020	-0,362413	22,310000	51,390000
1,039106	-680,358597	211,171	-0,363127	22,310000	51,390000
1,036115	-683,548624	211,321	-0,364474	22,310000	51,390000
1,033139	-682,522308	211,471	-0,364041	22,310000	51,390000
1,030125	-685,791016	211,621	-0,365420	22,310000	51,390000
1,027090	-686,519966	211,771	-0,365728	22,310000	51,390000
1,024103	-685,767874	211,921	-0,365410	22,310000	51,390000
1,021084	-689,545690	212,071	-0,367004	22,310000	51,390000
1,018158	-688,275233	212,221	-0,366468	22,310000	51,390000
1,015071	-690,956152	212,371	-0,367600	22,310000	51,390000
1,012100	-690,077940	212,522	-0,367229	22,310000	51,390000
1,009114	-692,594555	212,672	-0,368291	22,310000	51,390000
1,006137	-691,865605	212,822	-0,367983	22,310000	51,390000
1,003161	-692,162970	212,972	-0,368109	22,310000	51,390000
1,000141	-690,901770	213,123	-0,367577	22,310000	51,390000
0,997076	-693,471610	213,274	-0,368661	22,300000	51,365000
0,994086	-693,111763	213,425	-0,368509	22,300000	51,365000
0,991127	-694,671486	213,575	-0,369167	22,300000	51,365000
0,988088	-696,983301	213,725	-0,370143	22,300000	51,365000
0,985081	-697,579189	213,876	-0,370395	22,300000	51,365000
0,982115	-698,590464	214,026	-0,370821	22,300000	51,365000
0,979102	-698,731626	214,176	-0,370881	22,300000	51,365000
0,976111	-698,997751	214,327	-0,370993	22,300000	51,365000
0,973096	-697,602331	214,478	-0,370404	22,300000	51,365000
0,970059	-699,483718	214,628	-0,371198	22,300000	51,365000
0,967116	-696,795857	214,778	-0,370064	22,300000	51,365000
0,964118	-697,438028	214,928	-0,370335	22,300000	51,365000
0,961151	-700,127046	215,078	-0,371470	22,300000	51,365000
0,958113	-701,097823	215,228	-0,371879	22,300000	51,365000
0,955103	-699,327514	215,378	-0,371132	22,300000	51,365000
0,952136	-700,166386	215,528	-0,371486	22,300000	51,365000
0,949102	-702,713085	215,678	-0,372561	22,300000	51,365000
0,946137	-701,992234	215,829	-0,372257	22,300000	51,365000
0,943161	-699,303216	215,980	-0,371122	22,300000	51,365000
0,940139	-698,362522	216,130	-0,370725	22,300000	51,365000
0,937134	-697,296866	216,280	-0,370275	22,300000	51,365000
0,934122	-698,880887	216,430	-0,370944	22,300000	51,365000
0,931122	-696,717176	216,580	-0,370031	22,300000	51,365000
0,928097	-698,245659	216,730	-0,370676	22,300000	51,365000
0,925131	-697,516708	216,880	-0,370368	22,300000	51,365000
0,922100	-699,444378	217,030	-0,371182	22,300000	51,365000
0,919153	-698,127638	217,181	-0,370626	22,300000	51,365000
0,916122	-697,147604	217,332	-0,370212	22,300000	51,375000
0,913214	-697,602331	217,483	-0,370404	22,300000	51,375000
0,910125	-696,081948	217,633	-0,369763	22,300000	51,375000
0,907123	-693,957577	217,783	-0,368866	22,300000	51,375000
0,904126	-692,445294	217,934	-0,368228	22,300000	51,375000
0,901082	-691,826264	218,084	-0,367967	22,300000	51,375000
0,898085	-690,744409	218,234	-0,367510	22,300000	51,375000
0,895145	-689,106006	218,384	-0,366819	22,300000	51,375000
0,892134	-685,313148	218,535	-0,365218	22,300000	51,375000
0,889144	-681,284249	218,686	-0,363518	22,300000	51,375000
0,886173	-679,301040	218,837	-0,362681	22,300000	51,375000
0,883144	-676,111013	218,987	-0,361335	22,300000	51,375000
0,880087	-669,988985	219,137	-0,358751	22,300000	51,375000
0,877163	-662,151029	219,288	-0,355444	22,300000	51,375000
0,874144	-644,821673	219,438	-0,348131	22,300000	51,375000
0,871110	-1,456744	219,589	-0,076631	22,300000	51,375000
0,868109	-0,963835	219,739	-0,076423	22,300000	51,375000
0,865091	-0,485967	219,889	-0,076221	22,300000	51,375000
0,862079	-0,799532	220,040	-0,076354	22,300000	51,375000
0,859210	-0,642171	220,191	-0,076287	22,300000	51,375000
0,856103	-0,556548	220,341	-0,076251	22,300000	51,375000
0,853168	-0,532250	220,491	-0,076241	22,300000	51,375000
0,850103	-0,610930	220,642	-0,076274	22,300000	51,375000
0,847053	-0,509108	220,792	-0,076231	22,300000	51,375000
0,844126	-0,477868	220,942	-0,076218	22,300000	51,375000
0,841108	-0,179345	221,092	-0,076092	22,300000	51,375000
0,838149	-0,249926	221,242	-0,076122	22,300000	51,375000
0,835125	-0,517208	221,392	-0,076234	22,320000	51,390000
0,832148	0,008099	221,542	-0,076013	22,320000	51,390000
0,829128	-0,399187	221,692	-0,076185	22,320000	51,390000
0,826134	-0,602831	221,842	-0,076271	22,320000	51,390000
0,823097	-0,422329	221,992	-0,076194	22,320000	51,390000
0,820129	-0,469768	222,142	-0,076214	22,320000	51,390000
0,817151	-0,446627	222,292	-0,076205	22,320000	51,390000
0,814108	-0,289266	222,442	-0,076138	22,320000	51,390000
0,811133	-0,509108	222,592	-0,076231	22,320000	51,390000
0,808105	-0,305465	222,742	-0,076145	22,320000	51,390000
0,805152	-0,281167	222,892	-0,076135	22,320000	51,390000
0,802162	-0,328606	223,042	-0,076155	22,320000	51,390000
0,799123	-0,376046	223,192	-0,076175	22,320000	51,390000
0,796068	-0,249926	223,342	-0,076122	22,300000	51,375000
0,793105	-0,289266	223,492	-0,076138	22,300000	51,375000
0,790091	-0,430428	223,642	-0,076198	22,300000	51,375000
0,787120	-0,359847	223,792	-0,076168	22,300000	51,375000
0,784152	-0,274224	223,943	-0,076132	22,300000	51,375000
0,781136	-0,266125	224,093	-0,076128	22,300000	51,375000
0,778120	-0,532250	224,243	-0,076241	22,300000	51,375000
0,775095	-0,391088	224,393	-0,076181	22,300000	51,375000
0,772086	-0,258025	224,543	-0,076125	22,300000	51,375000
0,769102	-0,344805	224,693	-0,076162	22,300000	51,375000
0,766149	-0,336706	224,843	-0,076158	22,300000	51,375000
0,763126	-0,344805	224,993	-0,076162	22,300000	51,375000
0,760122	-0,141162	225,143	-0,076076	22,300000	51,375000
0,757069	-0,587789	225,293	-0,076264	22,300000	51,375000
0,754117	-0,289266	225,443	-0,076138	22,300000	51,375000
0,751098	-0,156204	225,593	-0,076082	22,300000	51,375000
0,748144	-0,297366	225,743	-0,076142	22,300000	51,375000
0,745116	-0,352905	225,894	-0,076165	22,300000	51,375000
0,742097	-0,305465	226,045	-0,076145	22,300000	51,375000
0,739163	-0,101822	226,195	-0,076059	22,300000	51,375000
0,736117	-0,070581	226,346	-0,076046	22,300000	51,375000
0,733160	-0,210586	226,496	-0,076105	22,300000	51,375000
0,730128	-0,046283	226,646	-0,076036	22,300000	51,375000
0,727142	-0,501009	226,796	-0,076228	22,300000	51,375000
0,724097	-0,226785	226,947	-0,076112	22,300000	51,375000
0,721123	-0,407287	227,098	-0,076188	22,300000	51,375000
0,718162	-0,274224	227,248	-0,076132	22,300000	51,375000
0,715133	-0,187444	227,398	-0,076095	22,310000	51,430000
0,712115	-0,305465	227,548	-0,076145	22,310000	51,430000
0,709120	-0,352905	227,698	-0,076165	22,310000	51,430000
0,706097	-0,391088	227,848	-0,076181	22,310000	51,430000
0,703125	-0,359847	227,999	-0,076168	22,310000	51,430000
0,700090	-0,359847	228,150	-0,076168	22,310000	51,430000
0,697090	-0,415386	228,300	-0,076191	22,310000	51,430000
0,694176	-0,179345	228,450	-0,076092	22,310000	51,430000
0,691153	-0,156204	228,600	-0,076082	22,310000	51,430000
0,688112	-0,210586	228,751	-0,076105	22,310000	51,430000
0,685156	-0,218685	228,903	-0,076108	22,310000	51,430000
0,682144	-0,382988	229,053	-0,076178	22,310000	51,430000
0,679122	-0,187444	229,203	-0,076095	22,310000	51,430000
0,676119	-0,297366	229,353	-0,076142	22,310000	51,350000
0,673105	-0,320507	229,503	-0,076151	22,310000	51,350000
0,670114	-0,148104	229,654	-0,076079	22,310000	51,350000
0,667094	-0,313564	229,804	-0,076148	22,310000	51,350000
0,664158	-0,297366	229,955	-0,076142	22,310000	51,350000
0,661145	-0,313564	230,105	-0,076148	22,310000	51,350000
0,658115	-0,124963	230,255	-0,076069	22,310000	51,350000
0,655153	0,211743	230,406	-0,075927	22,310000	51,350000
0,652094	-0,101822	230,556	-0,076059	22,310000	51,350000
