Quasi static measurement routine
Tip parameters (shape,radius, material...) 
11.07.2022

Piezo position[nm]	MEMS displ.[nm]	Time[ms]	Cap [pf]
eoh
2,343871	0,000000	0,212	-0,098594
2,345917	0,121508	0,262	-0,098541
2,347894	-0,488281	0,314	-0,098806
2,349880	0,183387	0,382	-0,098514
2,351814	0,121508	0,433	-0,098541
2,353873	-0,121508	0,483	-0,098646
2,355856	-0,609789	0,533	-0,098858
2,357889	-0,183387	0,583	-0,098673
2,359873	-0,670543	0,634	-0,098885
2,361872	-0,731297	0,684	-0,098911
2,363922	-0,488281	0,734	-0,098806
2,365910	-0,793176	0,784	-0,098938
2,367813	-0,549035	0,835	-0,098832
2,369892	-0,549035	0,885	-0,098832
2,371890	-0,793176	0,936	-0,098938
2,373906	-0,670543	0,987	-0,098885
2,375908	-0,793176	1,037	-0,098938
2,377888	-0,670543	1,088	-0,098885
2,379874	-0,731297	1,138	-0,098911
2,381927	-0,731297	1,188	-0,098911
2,383849	-0,914684	1,238	-0,098991
2,385902	-0,975437	1,289	-0,099017
2,387896	-0,914684	1,340	-0,098991
2,389866	-1,036191	1,390	-0,099043
2,391861	-1,645980	1,440	-0,099308
2,393845	-1,158824	1,490	-0,099097
2,395872	-1,280332	1,540	-0,099149
2,397898	-1,524473	1,590	-0,099255
2,399922	-1,158824	1,640	-0,099097
2,401917	-1,585226	1,690	-0,099282
2,403898	-1,706734	1,741	-0,099334
2,405907	-1,829367	1,791	-0,099388
2,407878	-2,134262	1,842	-0,099520
2,409877	-1,950875	1,893	-0,099440
2,411914	-1,645980	1,943	-0,099308
2,413941	-2,134262	1,994	-0,099520
2,415880	-1,950875	2,044	-0,099440
2,417934	-2,439156	2,094	-0,099652
2,419900	-2,255769	2,144	-0,099573
2,421874	-2,439156	2,194	-0,099652
2,423887	-2,316523	2,244	-0,099599
2,425881	-2,560664	2,295	-0,099705
2,427920	-2,560664	2,345	-0,099705
2,429835	-2,804805	2,396	-0,099811
2,431908	-2,011629	2,446	-0,099467
2,433850	-2,865558	2,497	-0,099837
2,435905	-2,682172	2,547	-0,099758
2,437884	-2,560664	2,599	-0,099705
2,439872	-2,682172	2,649	-0,099758
2,441864	-2,744051	2,700	-0,099785
2,443883	-2,072383	2,750	-0,099493
2,445894	-2,560664	2,800	-0,099705
2,447878	-2,804805	2,850	-0,099811
2,449871	-2,499910	2,900	-0,099679
2,451898	-3,048945	2,950	-0,099917
2,453899	-2,865558	3,000	-0,099837
2,455922	-3,414594	3,050	-0,100076
2,457875	-2,926312	3,100	-0,099864
2,459826	-4,145890	3,159	-0,100393
2,461905	-3,231207	3,209	-0,099996
2,463895	-3,048945	3,260	-0,099917
2,465882	-3,353840	3,310	-0,100049
2,467932	-3,353840	3,360	-0,100049
2,469858	-3,596855	3,411	-0,100155
2,471840	-3,536101	3,461	-0,100128
2,473888	-3,840996	3,511	-0,100261
2,475839	-3,719488	3,591	-0,100208
2,477847	-4,206644	3,641	-0,100419
2,479919	-4,024383	3,691	-0,100340
2,481888	-4,145890	3,741	-0,100393
2,483892	-4,145890	3,791	-0,100393
2,485873	-4,024383	3,841	-0,100340
2,487858	-4,390031	3,892	-0,100499
2,489889	-4,511539	3,953	-0,100552
2,491881	-4,572293	4,004	-0,100578
2,493828	-4,145890	4,054	-0,100393
2,495844	-4,511539	4,105	-0,100552
2,497920	-4,390031	4,156	-0,100499
2,499892	-4,206644	4,206	-0,100419
2,501819	-4,572293	4,257	-0,100578
2,503882	-5,243961	4,308	-0,100870
2,505858	-5,121328	4,358	-0,100816
2,507846	-5,486976	4,408	-0,100975
2,509884	-5,486976	4,458	-0,100975
2,511832	-5,548855	4,509	-0,101002
2,513879	-5,426222	4,559	-0,100949
2,515915	-6,096765	4,610	-0,101240
2,517877	-6,280152	4,662	-0,101319
2,519848	-6,401660	4,712	-0,101372
2,521816	-6,524293	4,782	-0,101425
2,523869	-6,768433	4,832	-0,101531
2,525883	-6,158644	4,883	-0,101267
2,527874	-6,950695	4,933	-0,101610
2,529866	-8,475167	4,984	-0,102272
2,531832	-8,840816	5,034	-0,102431
2,533864	-8,901570	5,085	-0,102457
2,535868	-9,206464	5,159	-0,102589
2,537853	-9,693620	5,222	-0,102801
2,539877	-9,450605	5,272	-0,102695
2,541892	-9,572113	5,323	-0,102748
2,543897	-9,816253	5,373	-0,102854
2,545877	-11,035831	5,423	-0,103383
2,547837	-11,645620	5,474	-0,103648
2,549843	-11,827882	5,524	-0,103727
2,551891	-10,975077	5,596	-0,103357
2,553864	-11,401480	5,647	-0,103542
2,555879	-11,645620	5,697	-0,103648
2,557860	-11,583741	5,747	-0,103621
2,559861	-11,522987	5,797	-0,103595
2,561880	-11,706374	5,848	-0,103674
2,563843	-12,132776	5,899	-0,103859
2,565866	-12,559179	5,949	-0,104044
2,567892	-12,559179	6,000	-0,104044
2,569853	-12,193530	6,051	-0,103886
2,571867	-11,827882	6,103	-0,103727
2,573828	-10,426042	6,153	-0,103119
2,575854	-9,327972	6,203	-0,102642
2,577838	-8,414414	6,254	-0,102246
2,579883	-7,255589	6,304	-0,101743
2,581882	-6,219398	6,354	-0,101293
2,583828	-4,572293	6,406	-0,100578
2,585863	-3,719488	6,456	-0,100208
2,587835	-1,829367	6,507	-0,099388
2,589869	-0,975437	6,557	-0,099017
2,591865	0,426402	6,607	-0,098409
2,593879	1,158824	6,657	-0,098091
2,595869	2,744051	6,707	-0,097403
2,597881	4,267398	6,757	-0,096742
2,599832	5,304715	6,807	-0,096292
2,601880	7,499730	6,858	-0,095339
2,603880	9,327972	6,909	-0,094545
2,605869	10,303409	6,959	-0,094122
2,607880	11,157339	7,009	-0,093751
2,609897	12,864073	7,060	-0,093011
2,611816	13,108214	7,111	-0,092905
2,613872	15,059089	7,185	-0,092058
2,615833	16,888456	7,236	-0,091264
2,617855	18,534436	7,286	-0,090550
2,619853	19,814768	7,336	-0,089994
2,621901	20,790206	7,386	-0,089571
2,623877	23,168608	7,437	-0,088539
2,625892	24,022537	7,487	-0,088168
2,627832	24,632326	7,570	-0,087903
2,629910	27,253744	7,620	-0,086766
2,631874	27,863533	7,670	-0,086501
2,633867	29,204619	7,721	-0,085919
2,635894	29,814408	7,771	-0,085654
2,637870	31,094740	7,822	-0,085099
2,639839	33,106369	7,873	-0,084226
2,641865	33,655404	7,923	-0,083987
2,643857	35,545525	7,984	-0,083167
2,645885	36,825857	8,035	-0,082611
2,647887	37,984681	8,085	-0,082108
2,649892	38,532591	8,135	-0,081871
2,651889	40,727607	8,186	-0,080918
2,653879	41,825677	8,236	-0,080441
2,655859	43,227517	8,286	-0,079833
2,657829	44,263708	8,360	-0,079383
2,659888	45,483286	8,412	-0,078854
2,661844	46,153829	8,463	-0,078563
2,663926	47,983196	8,513	-0,077769
2,665886	49,081266	8,563	-0,077292
2,667902	48,715618	8,614	-0,077451
2,669888	50,971387	8,665	-0,076472
2,671836	52,617368	8,716	-0,075758
2,673922	53,532051	8,770	-0,075361
2,675972	55,238785	8,820	-0,074620
2,677828	56,153469	8,870	-0,074223
2,679850	57,312293	8,921	-0,073720
2,681844	58,409238	8,972	-0,073244
2,683850	59,568062	9,022	-0,072741
2,685878	61,458183	9,073	-0,071921
2,687901	62,189480	9,124	-0,071604
2,689876	63,469812	9,190	-0,071048
2,691871	64,994285	9,240	-0,070386
2,693825	65,481441	9,291	-0,070175
2,695811	66,640265	9,342	-0,069672
2,697911	68,164738	9,392	-0,069010
2,699854	69,505823	9,442	-0,068428
2,701875	70,420507	9,493	-0,068031
2,703883	70,969542	9,564	-0,067793
2,705866	72,737030	9,615	-0,067026
2,707890	73,590960	9,665	-0,066655
2,709873	74,810538	9,715	-0,066126
2,711890	76,030116	9,765	-0,065597
2,713850	77,187815	9,815	-0,065094
2,715858	77,797604	9,865	-0,064830
2,717880	79,443584	9,915	-0,064115
2,719831	80,602409	9,965	-0,063612
2,721857	81,517092	10,015	-0,063215
2,723880	81,089565	10,066	-0,063401
2,725838	84,138510	10,116	-0,062078
2,727923	84,931686	10,167	-0,061733
2,729858	86,821807	10,217	-0,060913
2,731853	88,101013	10,267	-0,060358
2,733891	88,894189	10,317	-0,060014
2,735844	91,210712	10,390	-0,059008
2,737852	91,028451	10,441	-0,059087
2,739888	92,248029	10,491	-0,058558
2,741860	93,040080	10,541	-0,058214
2,743848	94,138150	10,592	-0,057738
2,745882	95,479236	10,642	-0,057156
2,747837	95,905638	10,693	-0,056971
2,749861	97,064462	10,744	-0,056468
2,751906	98,831950	10,794	-0,055701
2,753881	99,625126	10,844	-0,055356
2,755855	101,331860	10,894	-0,054616
2,757916	102,551438	10,944	-0,054086
2,759856	103,649509	10,995	-0,053610
2,761935	104,136665	11,045	-0,053398
2,763877	105,661137	11,095	-0,052737
2,765879	107,002223	11,160	-0,052155
2,767845	108,953098	11,211	-0,051308
2,769848	109,562887	11,261	-0,051043
2,771867	110,416817	11,312	-0,050673
2,773831	111,574516	11,362	-0,050170
2,775843	112,733340	11,413	-0,049667
2,777870	113,952918	11,463	-0,049138
2,779841	115,416637	11,513	-0,048503
2,781868	116,330195	11,563	-0,048106
2,783858	118,342949	11,613	-0,047233
2,785840	119,136125	11,664	-0,046889
2,787867	119,988929	11,714	-0,046519
2,789834	122,123191	11,764	-0,045592
2,791854	122,549593	11,814	-0,045407
2,793847	124,134820	11,865	-0,044719
2,795834	125,598538	11,916	-0,044084
2,797890	126,085694	11,989	-0,043873
2,799866	127,792429	12,040	-0,043132
2,801849	129,439534	12,090	-0,042417
2,803919	130,964007	12,140	-0,041755
2,805869	131,451163	12,192	-0,041544
2,807837	133,097143	12,242	-0,040830
2,809860	133,767686	12,292	-0,040539
2,811839	134,621616	12,343	-0,040168
2,813846	135,719686	12,394	-0,039691
2,815857	136,450983	12,444	-0,039374
2,817866	137,670561	12,495	-0,038845
2,819892	138,523365	12,545	-0,038475
2,821870	139,377295	12,596	-0,038104
2,823824	139,865576	12,646	-0,037892
2,825841	140,291979	12,696	-0,037707
2,827865	140,841014	12,746	-0,037469
2,829835	142,182100	12,796	-0,036887
2,831839	142,486994	12,846	-0,036754
2,833867	143,157537	12,897	-0,036463
2,835801	144,682010	12,947	-0,035802
2,837848	145,291799	12,997	-0,035537
2,839836	147,059287	13,047	-0,034770
2,841850	146,754392	13,097	-0,034902
2,843871	148,218111	13,170	-0,034267
2,845844	149,681830	13,221	-0,033632
2,847875	150,596513	13,272	-0,033235
2,849810	151,937599	13,322	-0,032653
2,851928	153,522825	13,372	-0,031965
2,853847	154,680525	13,423	-0,031462
2,855862	155,534454	13,473	-0,031092
2,857891	156,204997	13,523	-0,030801
2,859865	157,424575	13,593	-0,030271
2,861846	158,765661	13,644	-0,029689
2,863876	159,924485	13,694	-0,029187
2,865861	161,204817	13,744	-0,028631
2,867861	162,545903	13,794	-0,028049
2,869880	163,826235	13,844	-0,027493
2,871876	164,985059	13,894	-0,026990
2,873859	166,448778	13,946	-0,026355
2,875852	167,118196	13,996	-0,026064
2,877858	168,337774	14,046	-0,025535
2,879802	169,924125	14,096	-0,024847
2,881870	170,655422	14,146	-0,024529
2,883872	171,265211	14,197	-0,024265
2,885853	172,179895	14,247	-0,023868
2,887820	173,337594	14,297	-0,023365
2,889841	174,801312	14,349	-0,022730
2,891839	175,532609	14,399	-0,022413
2,893858	176,752187	14,449	-0,021883
2,895831	177,057082	14,500	-0,021751
2,897837	179,129464	14,550	-0,020852
2,899852	179,756129	14,601	-0,020580
2,901854	180,837324	14,651	-0,020110
2,903810	181,873515	14,701	-0,019661
2,905846	183,214601	14,766	-0,019079
2,907879	184,556812	14,822	-0,018496
2,909867	185,897897	14,872	-0,017914
2,911875	186,689948	14,922	-0,017570
2,913800	188,397807	14,973	-0,016829
2,915884	189,007596	15,023	-0,016564
2,917855	190,714331	15,074	-0,015824
2,919880	191,019225	15,124	-0,015691
2,921850	193,091608	15,175	-0,014792
2,923789	193,640643	15,226	-0,014554
2,925885	194,555327	15,276	-0,014157
2,927834	196,019045	15,326	-0,013521
2,929872	196,750342	15,377	-0,013204
2,931821	197,176744	15,427	-0,013019
2,933853	198,212936	15,477	-0,012569
2,935858	198,701217	15,527	-0,012357
2,937858	200,164936	15,577	-0,011722
2,939866	201,445267	15,627	-0,011167
2,941826	202,298072	15,677	-0,010796
2,943856	202,602967	15,728	-0,010664
2,945835	203,944052	15,779	-0,010082
2,947832	205,530404	15,830	-0,009394
2,949880	206,261701	15,880	-0,009076
2,951834	206,809611	15,960	-0,008838
2,953858	208,943872	16,010	-0,007912
2,955839	208,943872	16,060	-0,007912
2,957837	209,553661	16,111	-0,007647
2,959873	210,407591	16,161	-0,007277
2,961859	211,505661	16,212	-0,006800
2,963841	212,175079	16,262	-0,006510
2,965874	213,151642	16,313	-0,006086
2,967867	214,431974	16,363	-0,005530
2,969847	215,102517	16,414	-0,005239
2,971849	216,077954	16,465	-0,004816
2,973813	217,236778	16,516	-0,004313
2,975868	218,394477	16,566	-0,003811
2,977853	219,736688	16,617	-0,003228
2,979859	221,199282	16,667	-0,002593
2,981902	222,235473	16,717	-0,002144
2,983816	223,394297	16,770	-0,001641
2,985835	224,613875	16,820	-0,001111
2,987843	225,894207	16,870	-0,000556
2,989845	226,015715	16,920	-0,000503
2,991847	228,576379	16,971	0,000608
2,993794	228,637133	17,021	0,000635
2,995766	229,369555	17,071	0,000953
2,997789	230,649887	17,122	0,001508
2,999835	231,686078	17,173	0,001958
3,001871	233,148672	17,223	0,002593
3,003873	233,941847	17,274	0,002937
3,005856	234,673144	17,324	0,003254
3,007819	235,954601	17,375	0,003811
3,009797	236,807406	17,425	0,004181
3,011884	238,331878	17,475	0,004842
3,013839	239,063175	17,525	0,005160
3,015849	240,404261	17,578	0,005742
3,017852	241,623839	17,629	0,006271
3,019840	242,051366	17,680	0,006457
3,021791	242,966050	17,730	0,006854
3,023848	244,428643	17,780	0,007488
3,025860	246,013870	17,831	0,008176
3,027858	246,807046	17,881	0,008521
3,029857	247,599096	17,931	0,008864
3,031859	248,697167	17,981	0,009341
3,033820	249,915620	18,031	0,009870
3,035863	250,891057	18,081	0,010293
3,037864	251,562725	18,131	0,010584
3,039815	253,025319	18,181	0,011219
3,041835	253,940002	18,231	0,011616
3,043870	254,489037	18,282	0,011854
3,045878	255,708615	18,332	0,012384
3,047816	255,708615	18,403	0,012384
3,049828	256,622174	18,453	0,012780
3,051825	256,744807	18,503	0,012833
3,053853	258,330033	18,553	0,013521
3,055807	259,061330	18,604	0,013839
3,057856	260,585802	18,655	0,014500
3,059856	261,134838	18,706	0,014739
3,061827	261,561240	18,757	0,014924
3,063850	263,695502	18,808	0,015850
3,065840	264,792447	18,859	0,016326
3,067786	265,829763	18,909	0,016776
3,069830	266,865954	18,960	0,017226
3,071824	267,841392	19,010	0,017649
3,073836	269,305111	19,061	0,018285
3,075801	269,792267	19,112	0,018496
3,077803	271,377493	19,162	0,019184
3,079805	272,414810	19,212	0,019634
3,081827	273,206860	19,262	0,019978
3,083815	274,426438	19,312	0,020507
3,085812	275,280368	19,362	0,020878
3,087831	276,682208	19,413	0,021486
3,089841	277,352751	19,464	0,021777
3,091854	278,754590	19,515	0,022386
3,093777	279,974168	19,565	0,022915
3,095830	280,949606	19,616	0,023338
3,097798	281,864289	19,667	0,023735
3,099849	282,839727	19,718	0,024159
3,101804	283,877043	19,768	0,024609
3,103830	284,852481	19,818	0,025032
3,105831	285,705285	19,869	0,025402
3,107794	286,864109	19,919	0,025905
3,109843	288,510090	19,977	0,026620
3,111809	288,875738	20,027	0,026778
3,113822	290,644351	20,077	0,027546
3,115820	291,314894	20,128	0,027837
3,117817	292,839367	20,178	0,028499
3,119794	293,692171	20,228	0,028869
3,121811	294,850995	20,279	0,029372
3,123771	295,278523	20,329	0,029557
3,125794	296,619609	20,382	0,030139
3,127848	297,472413	20,432	0,030509
3,129813	298,691991	20,482	0,031039
3,131842	299,667429	20,532	0,031462
3,133797	300,399851	20,582	0,031780
3,135812	302,045831	20,632	0,032494
3,137820	303,752565	20,683	0,033235
3,139824	304,728003	20,733	0,033658
3,141876	306,313229	20,809	0,034346
3,143858	307,167159	20,859	0,034717
3,145818	306,862264	20,909	0,034584
3,147794	308,447491	20,959	0,035272
3,149825	309,362174	21,009	0,035669
3,151841	309,544436	21,060	0,035749
3,153819	311,373803	21,110	0,036542
3,155809	311,557190	21,160	0,036622
3,157831	312,837522	21,211	0,037178
3,159758	313,019783	21,263	0,037257
3,161798	314,361994	21,314	0,037839
3,163809	315,337432	21,365	0,038263
3,165790	314,544256	21,415	0,037918
3,167807	313,447311	21,465	0,037442
3,169779	313,263924	21,515	0,037363
3,171819	314,727643	21,567	0,037998
3,173804	315,885342	21,617	0,038500
3,175834	316,495131	21,667	0,038765
3,177818	317,227553	21,717	0,039083
3,179838	318,324498	21,767	0,039559
3,181848	320,519513	21,817	0,040512
3,183857	320,336127	21,868	0,040432
3,185827	322,470388	21,918	0,041358
3,187836	323,750720	21,968	0,041914
3,189782	324,055615	22,018	0,042046
3,191810	326,372138	22,069	0,043052
3,193843	326,860419	22,119	0,043264
3,195827	328,262259	22,169	0,043872
3,197821	329,665224	22,219	0,044481
3,199796	331,798360	22,270	0,045407
3,201801	332,165134	22,320	0,045566
3,203872	332,835676	22,370	0,045857
3,205790	334,176762	22,421	0,046439
3,207775	335,701235	22,471	0,047101
3,209807	336,127637	22,522	0,047286
3,211790	337,957004	22,572	0,048080
3,213816	339,298090	22,623	0,048662
3,215769	340,335406	22,673	0,049112
3,217815	342,224402	22,723	0,049932
3,219801	343,748875	22,774	0,050593
3,221822	344,724312	22,824	0,051017
3,223785	345,822383	22,875	0,051493
3,225772	347,712504	22,925	0,052313
3,227764	347,773257	22,976	0,052340
3,229773	349,114343	23,026	0,052922
3,231821	350,578062	23,076	0,053557
3,233792	352,101409	23,126	0,054218
3,235816	353,260234	23,179	0,054721
3,237741	354,906214	23,229	0,055436
3,239794	356,553319	23,280	0,056150
3,241804	357,771772	23,330	0,056679
3,243813	358,625702	23,380	0,057050
3,245826	360,089421	23,430	0,057685
3,247820	361,247120	23,481	0,058188
3,249818	363,015733	23,546	0,058955
3,251805	363,869663	23,597	0,059326
3,253820	364,966608	23,647	0,059802
3,255781	366,430327	23,698	0,060437
3,257771	368,197815	23,749	0,061204
3,259791	369,112498	23,799	0,061601
3,261743	370,515463	23,849	0,062210
3,263803	371,490900	23,899	0,062633
3,265809	372,282951	23,952	0,062977
3,267828	374,173072	24,003	0,063797
3,269837	375,087756	24,053	0,064194
3,271805	375,819052	24,104	0,064512
3,273810	376,428841	24,154	0,064776
3,275797	377,161263	24,204	0,065094
3,277841	375,087756	24,255	0,064194
3,279772	367,892920	24,305	0,061072
3,281804	368,807604	24,355	0,061469
3,283808	368,930237	24,405	0,061522
3,285755	369,234006	24,455	0,061654
3,287816	371,429021	24,505	0,062606
3,289773	371,856549	24,555	0,062792
3,291795	372,771232	24,606	0,063189
3,293804	373,807424	24,657	0,063639
3,295805	375,271142	24,707	0,064274
3,297787	375,879806	24,762	0,064538
3,299783	377,404279	24,812	0,065200
3,301825	378,623857	24,862	0,065729
3,303798	379,112138	24,912	0,065941
3,305807	380,269837	24,963	0,066443
3,307790	381,245275	25,013	0,066867
3,309783	382,282591	25,063	0,067317
3,311777	382,830501	25,113	0,067555
3,313827	383,867818	25,176	0,068005
3,315779	384,538360	25,227	0,068296
3,317771	385,269657	25,277	0,068613
3,319789	386,671497	25,327	0,069222
3,321758	387,586181	25,377	0,069619
3,323813	388,745005	25,427	0,070122
3,325813	389,964583	25,478	0,070651
3,327765	391,366422	25,528	0,071259
3,329799	392,525247	25,584	0,071762
3,331821	394,049719	25,635	0,072424
3,333841	394,720262	25,685	0,072715
3,335823	394,292735	25,736	0,072529
3,337793	396,792645	25,786	0,073614
3,339807	398,622012	25,836	0,074408
3,341758	399,048414	25,887	0,074593
3,343740	400,390625	25,938	0,075176
3,345788	400,817027	25,993	0,075361
3,347794	402,341500	26,043	0,076022
3,349821	402,890535	26,093	0,076261
3,351786	403,621832	26,143	0,076578
3,353749	405,267812	26,193	0,077292
3,355801	405,633461	26,243	0,077451
3,357778	407,097179	26,293	0,078086
3,359803	407,767722	26,343	0,078377
3,361795	409,169562	26,416	0,078986
3,363771	409,962738	26,467	0,079330
3,365780	411,547964	26,517	0,080018
3,367782	412,462648	26,568	0,080415
3,369760	413,377331	26,619	0,080812
3,371796	414,839925	26,669	0,081447
3,373785	415,876116	26,719	0,081896
3,375778	416,730046	26,769	0,082267
3,377775	417,400589	26,820	0,082558
3,379776	418,010378	26,871	0,082823
3,381787	418,376026	26,921	0,082981
3,383771	419,718237	26,971	0,083564
3,385755	419,778991	27,022	0,083590
3,387725	420,693674	27,072	0,083987
3,389768	421,669112	27,122	0,084411
3,391746	422,887565	27,172	0,084939
3,393769	423,559233	27,222	0,085231
3,395733	426,059143	27,273	0,086316
3,397782	426,180651	27,323	0,086369
3,399755	427,765877	27,373	0,087057
3,401733	429,290350	27,423	0,087718
3,403760	430,205033	27,473	0,088115
3,405819	431,546119	27,523	0,088697
3,407775	432,460802	27,573	0,089094
3,409745	433,131345	27,623	0,089385
3,411816	434,350923	27,673	0,089915
3,413763	435,387115	27,723	0,090364
3,415798	435,326361	27,774	0,090338
3,417777	437,826271	27,824	0,091423
3,419752	439,167357	27,874	0,092005
3,421716	439,593759	27,924	0,092190
3,423751	440,326181	27,980	0,092508
3,425771	440,995599	28,030	0,092798
3,427736	441,728021	28,080	0,093116
3,429820	440,629950	28,130	0,092640
3,431779	440,995599	28,181	0,092798
3,433773	440,813337	28,231	0,092719
3,435781	441,483880	28,281	0,093010
3,437786	441,605388	28,331	0,093063
3,439772	443,678895	28,390	0,093963
3,441799	444,472071	28,440	0,094307
3,443763	445,385630	28,490	0,094704
3,445793	446,361067	28,540	0,095127
3,447738	447,398383	28,591	0,095577
3,449791	448,251188	28,641	0,095947
3,451781	449,470766	28,691	0,096477
3,453751	450,263942	28,741	0,096821
3,455812	451,665782	28,798	0,097429
3,457747	453,190254	28,848	0,098091
3,459733	453,678535	28,899	0,098303
3,461726	455,201883	28,949	0,098964
3,463748	456,360707	28,999	0,099467
3,465747	456,847863	29,049	0,099678
3,467747	458,006687	29,099	0,100181
3,469789	459,287019	29,150	0,100737
3,471752	459,957562	29,200	0,101028
3,473718	460,080195	29,251	0,101081
3,475759	461,603543	29,301	0,101742
3,477765	460,872246	29,351	0,101425
3,479768	461,847683	29,401	0,101848
3,481738	463,250648	29,451	0,102457
3,483772	464,409472	29,501	0,102960
3,485768	465,506417	29,558	0,103436
3,487773	466,481855	29,608	0,103859
3,489767	467,883695	29,658	0,104468
3,491765	469,103273	29,709	0,104997
3,493771	469,896448	29,759	0,105341
3,495796	471,542429	29,810	0,106056
3,497727	473,188409	29,860	0,106770
3,499748	472,883515	29,911	0,106638
3,501787	475,139284	29,961	0,107617
3,503747	476,847143	30,011	0,108358
3,505779	478,248983	30,061	0,108966
3,507783	478,980280	30,111	0,109284
3,509764	480,321366	30,161	0,109866
3,511735	481,785084	30,211	0,110501
3,513721	483,614451	30,262	0,111295
3,515779	484,163486	30,313	0,111533
3,517749	485,748713	30,366	0,112221
3,519741	486,906412	30,416	0,112724
3,521757	488,309377	30,466	0,113333
3,523789	490,016111	30,516	0,114073
3,525755	491,601337	30,566	0,114761
3,527740	492,516021	30,617	0,115158
3,529755	494,040494	30,667	0,115820
3,531741	495,807982	30,717	0,116587
3,533771	497,150193	30,769	0,117169
3,535699	498,673540	30,819	0,117831
3,537736	500,258767	30,870	0,118519
3,539760	501,783239	30,920	0,119180
3,541780	502,758677	30,970	0,119604
3,543717	503,794868	31,020	0,120053
3,545754	505,502727	31,071	0,120794
3,547758	507,209461	31,121	0,121535
3,549763	508,429039	31,182	0,122064
3,551759	510,684809	31,232	0,123043
3,553762	511,722125	31,282	0,123494
3,555751	513,123965	31,332	0,124102
3,557742	514,404297	31,382	0,124658
3,559744	516,171785	31,433	0,125425
3,561754	517,453242	31,483	0,125981
3,563712	519,099222	31,533	0,126695
3,565728	520,135414	31,586	0,127145
3,567730	521,415746	31,637	0,127701
3,569742	523,122480	31,687	0,128441
3,571715	524,342058	31,737	0,128971
3,573749	525,440128	31,787	0,129447
3,575735	527,025355	31,837	0,130135
3,577727	528,122300	31,887	0,130611
3,579775	529,951667	31,937	0,131405
3,581763	531,171245	31,993	0,131935
3,583745	533,122120	32,043	0,132781
3,585711	533,671155	32,093	0,133020
3,587712	535,865045	32,144	0,133972
3,589746	537,146502	32,194	0,134528
3,591718	539,097377	32,244	0,135375
3,593716	539,463026	32,294	0,135533
3,595732	542,145197	32,351	0,136697
3,597706	542,694232	32,401	0,136936
3,599731	544,096072	32,451	0,137544
3,601762	545,925439	32,501	0,138338
3,603684	546,840123	32,551	0,138735
3,605778	548,851752	32,601	0,139608
3,607737	549,949822	32,651	0,140084
3,609713	551,169400	32,701	0,140614
3,611810	552,998767	32,762	0,141408
3,613755	554,400607	32,813	0,142016
3,615735	555,741692	32,863	0,142598
3,617735	556,717130	32,914	0,143021
3,619672	558,790638	32,965	0,143921
3,621762	560,680759	33,015	0,144742
3,623772	561,107161	33,066	0,144927
3,625763	562,813895	33,116	0,145667
3,627724	564,338368	33,174	0,146329
3,629736	565,741332	33,227	0,146938
3,631725	567,569574	33,277	0,147731
3,633742	568,789153	33,328	0,148261
3,635732	569,947977	33,378	0,148764
3,637737	572,021484	33,429	0,149664
3,639733	573,300691	33,480	0,150219
3,641762	573,728219	33,531	0,150404
3,643780	575,556461	33,582	0,151198
3,645740	576,044742	33,633	0,151410
3,647727	578,971054	33,683	0,152680
3,649727	580,495527	33,733	0,153341
3,651741	580,556281	33,783	0,153368
3,653716	582,569034	33,833	0,154241
3,655726	584,459155	33,883	0,155062
3,657723	585,068944	33,934	0,155326
3,659712	587,080573	33,986	0,156199
3,661730	588,483538	34,036	0,156808
3,663723	590,311780	34,086	0,157602
3,665742	589,092202	34,136	0,157072
3,667731	592,385288	34,186	0,158501
3,669734	593,360725	34,236	0,158925
3,671757	594,641057	34,287	0,159480
3,673721	595,982143	34,337	0,160062
3,675760	597,445862	34,392	0,160698
3,677744	599,091842	34,442	0,161412
3,679728	599,883893	34,492	0,161756
3,681764	601,347611	34,542	0,162391
3,683737	602,383803	34,592	0,162841
3,685747	603,542627	34,642	0,163344
3,687747	605,249361	34,692	0,164084
3,689786	606,468939	34,743	0,164614
3,691710	607,993412	34,811	0,165275
3,693710	609,760900	34,861	0,166042
3,695751	610,554075	34,911	0,166387
3,697726	612,078548	34,962	0,167048
3,699718	613,175493	35,012	0,167524
3,701718	614,822599	35,062	0,168239
3,703766	615,553895	35,113	0,168557
3,705695	617,321384	35,167	0,169324
3,707732	618,357575	35,217	0,169773
3,709713	619,516399	35,267	0,170276
3,711672	621,345766	35,317	0,171070
3,713695	623,113254	35,367	0,171837
3,715739	624,089817	35,417	0,172261
3,717732	625,613164	35,468	0,172922
3,719749	626,832742	35,519	0,173452
3,721741	627,991566	35,569	0,173955
3,723760	629,150391	35,619	0,174458
3,725692	630,917879	35,669	0,175225
3,727763	632,624613	35,719	0,175965
3,729703	633,296281	35,769	0,176257
3,731727	634,942261	35,819	0,176971
3,733715	636,161839	35,870	0,177500
3,735751	637,137277	35,920	0,177924
3,737729	638,234222	35,974	0,178400
3,739718	640,063589	36,024	0,179194
3,741716	641,648816	36,074	0,179882
3,743779	642,989901	36,124	0,180464
3,745750	644,148726	36,174	0,180967
3,747707	645,976968	36,224	0,181760
3,749724	646,892776	36,275	0,182158
3,751755	648,660264	36,325	0,182925
3,753786	650,001350	36,375	0,183507
3,755689	651,525823	36,425	0,184168
3,757756	652,745401	36,475	0,184698
3,759715	654,025733	36,525	0,185253
3,761721	655,855100	36,575	0,186047
3,763733	656,769783	36,625	0,186444
3,765700	659,207814	36,676	0,187502
3,767715	659,817603	36,726	0,187767
3,769754	661,769603	36,776	0,188614
3,771699	663,415584	36,827	0,189329
3,773738	663,415584	36,877	0,189329
3,775752	663,415584	36,927	0,189329
3,777773	663,415584	36,978	0,189329
3,779748	668,902560	37,028	0,191710
3,781781	670,548540	37,079	0,192424
3,783722	672,804309	37,130	0,193403
3,785734	673,779747	37,180	0,193827
3,787743	674,938571	37,230	0,194330
3,789719	677,010954	37,280	0,195229
3,791709	677,864883	37,330	0,195600
3,793782	679,266723	37,380	0,196208
3,795754	680,791196	37,430	0,196870
3,797735	682,803949	37,481	0,197743
3,799787	683,779387	37,531	0,198167
3,801720	686,095910	37,588	0,199172
3,803710	687,436996	37,638	0,199754
3,805729	689,022222	37,688	0,200442
3,807716	689,876152	37,738	0,200813
3,809760	692,253429	37,789	0,201844
3,811740	692,315308	37,839	0,201871
3,813718	693,717148	37,889	0,202479
3,815742	696,338566	37,939	0,203617
3,817758	697,253249	37,997	0,204014
3,819708	698,046425	38,047	0,204358
3,821706	700,607089	38,098	0,205470
3,823747	701,826667	38,149	0,205999
3,825716	702,802104	38,199	0,206422
3,827754	705,484276	38,250	0,207586
3,829741	706,398960	38,300	0,207983
3,831759	706,947995	38,352	0,208222
3,833726	709,203764	38,402	0,209201
3,835721	710,728237	38,452	0,209862
3,837730	711,276147	38,503	0,210100
3,839766	714,020197	38,553	0,211291
3,841797	715,179021	38,603	0,211794
3,843752	716,580861	38,653	0,212402
3,843716	716,703494	38,704	0,212456
3,843709	716,885756	38,754	0,212535
3,843711	716,520107	38,804	0,212376
3,843718	716,825002	38,854	0,212508
3,843749	716,885756	38,904	0,212535
3,843710	717,372912	38,954	0,212746
3,843741	716,703494	39,005	0,212456
3,843716	716,580861	39,055	0,212402
3,843721	716,641615	39,105	0,212429
3,843679	716,397474	39,168	0,212323
3,843741	716,764248	39,218	0,212482
3,843687	716,397474	39,269	0,212323
3,843658	716,154459	39,319	0,212217
3,843681	716,397474	39,370	0,212323
3,843698	716,154459	39,420	0,212217
3,843668	716,641615	39,470	0,212429
3,843698	715,726932	39,520	0,212032
3,843756	716,093705	39,570	0,212191
3,843727	715,849564	39,620	0,212085
3,843738	716,397474	39,670	0,212323
3,843716	716,946510	39,720	0,212561
3,843687	716,031826	39,771	0,212164
3,843717	716,031826	39,822	0,212164
3,843729	716,154459	39,873	0,212217
3,843690	716,093705	39,924	0,212191
3,843693	716,520107	39,975	0,212376
3,843710	715,849564	40,026	0,212085
3,843725	715,788810	40,077	0,212059
3,843688	715,849564	40,127	0,212085
3,843716	715,971072	40,177	0,212138
3,843717	715,849564	40,227	0,212085
3,843697	715,605424	40,278	0,211979
3,843716	716,093705	40,328	0,212191
3,843701	716,031826	40,393	0,212164
3,843762	716,215213	40,444	0,212244
3,843736	715,361283	40,495	0,211873
3,843678	715,361283	40,545	0,211873
3,843710	716,031826	40,595	0,212164
3,843738	715,300529	40,645	0,211847
3,843734	716,093705	40,696	0,212191
3,843777	715,849564	40,756	0,212085
3,843726	715,605424	40,806	0,211979
3,843714	716,275967	40,857	0,212270
3,843698	715,422037	40,907	0,211899
3,843766	715,910318	40,957	0,212111
3,843719	715,910318	41,008	0,212111
3,843725	715,544670	41,058	0,211953
3,843724	715,666178	41,108	0,212005
3,843703	715,605424	41,164	0,211979
3,843759	715,971072	41,214	0,212138
3,843698	715,179021	41,264	0,211794
3,843701	715,361283	41,315	0,211873
3,843733	715,544670	41,365	0,211953
3,843711	715,971072	41,415	0,212138
3,843685	715,300529	41,465	0,211847
3,843730	715,361283	41,516	0,211873
3,843725	715,482791	41,566	0,211926
3,843706	715,179021	41,617	0,211794
3,843705	715,422037	41,668	0,211899
3,843747	716,031826	41,718	0,212164
3,843677	715,179021	41,769	0,211794
3,843758	715,544670	41,820	0,211953
3,843747	715,726932	41,870	0,212032
3,843691	714,995635	41,920	0,211714
3,843679	715,179021	41,970	0,211794
3,843748	715,179021	42,020	0,211794
3,843755	715,482791	42,071	0,211926
3,843719	715,422037	42,121	0,211899
3,843748	715,482791	42,172	0,211926
3,843724	715,361283	42,222	0,211873
3,843765	715,300529	42,273	0,211847
3,843739	715,544670	42,323	0,211953
3,843672	715,056389	42,374	0,211741
3,843673	714,874127	42,424	0,211662
3,843731	715,544670	42,475	0,211953
3,843745	714,934881	42,525	0,211688
3,843720	714,995635	42,575	0,211714
3,843703	715,361283	42,626	0,211873
3,843743	715,482791	42,677	0,211926
3,843739	715,361283	42,727	0,211873
3,843726	715,422037	42,777	0,211899
3,843691	714,995635	42,827	0,211714
3,843686	715,788810	42,877	0,212059
3,843671	715,361283	42,927	0,211873
3,843763	715,361283	42,977	0,211873
3,843706	715,056389	43,027	0,211741
3,843748	715,056389	43,077	0,211741
3,843750	715,239775	43,127	0,211820
3,843705	714,995635	43,177	0,211714
3,843703	715,239775	43,227	0,211820
3,843760	715,239775	43,278	0,211820
3,843735	715,179021	43,329	0,211794
3,843735	715,179021	43,379	0,211794
3,843746	714,874127	43,429	0,211662
3,843692	715,300529	43,479	0,211847
3,843736	715,422037	43,530	0,211899
3,843743	714,751494	43,580	0,211608
3,843693	715,361283	43,630	0,211873
3,843750	714,874127	43,681	0,211662
3,843743	714,995635	43,731	0,211714
3,841738	714,080951	43,781	0,211317
3,839697	712,495725	43,831	0,210629
3,837722	710,605604	43,881	0,209809
3,835711	710,239955	43,931	0,209650
3,833712	707,862678	43,985	0,208619
3,831708	705,667663	44,035	0,207666
3,829760	704,692225	44,086	0,207243
3,827711	703,289261	44,137	0,206634
3,825687	701,094245	44,187	0,205681
3,823719	699,753159	44,238	0,205099
3,821715	697,802284	44,288	0,204252
3,819677	696,399320	44,339	0,203644
3,817711	695,058234	44,401	0,203062
3,815665	693,290746	44,451	0,202294
3,813705	692,071168	44,502	0,201765
3,811682	690,364433	44,552	0,201024
3,809715	688,535066	44,602	0,200230
3,807712	687,497750	44,652	0,199780
3,805702	685,608754	44,702	0,198960
3,803709	684,571438	44,754	0,198510
3,801749	683,108844	44,804	0,197875
3,799731	680,853075	44,855	0,196896
3,797732	679,999145	44,905	0,196526
3,795766	678,047145	44,956	0,195679
3,793700	676,401165	45,006	0,194964
3,791765	675,243466	45,056	0,194462
3,789822	673,779747	45,107	0,193827
3,787759	671,828872	45,173	0,192980
3,785754	669,817243	45,224	0,192107
3,783741	668,658419	45,274	0,191604
3,781761	667,317333	45,324	0,191022
3,779686	665,183072	45,374	0,190096
3,777687	664,451775	45,424	0,189778
3,775715	662,804669	45,474	0,189063
3,773746	660,915674	45,525	0,188244
3,771740	659,451955	45,575	0,187608
3,769750	657,988236	45,625	0,186973
3,767725	656,464889	45,676	0,186312
3,765692	654,879662	45,726	0,185624
3,763744	653,111049	45,776	0,184856
3,761710	651,830717	45,826	0,184301
3,759680	649,879842	45,876	0,183454
3,757680	648,173108	45,927	0,182713
3,755713	646,586757	45,979	0,182025
3,753739	645,673198	46,030	0,181628
3,751736	643,904585	46,080	0,180861
3,749657	642,440866	46,130	0,180226
3,747705	641,099780	46,180	0,179644
3,745739	639,393046	46,231	0,178903
3,743708	637,319538	46,281	0,178003
3,741712	636,648996	46,331	0,177712
3,739724	635,003015	46,390	0,176998
3,737773	633,234402	46,441	0,176230
3,735722	631,832562	46,491	0,175622
3,733709	630,247336	46,541	0,174934
3,731684	628,234582	46,591	0,174060
3,729740	626,955375	46,641	0,173505
3,727705	626,162199	46,691	0,173161
3,725726	624,272078	46,741	0,172340
3,723699	622,137817	46,799	0,171414
3,721661	621,711415	46,849	0,171229
3,719712	619,455645	46,899	0,170250
3,717739	617,870419	46,949	0,169562
3,715744	616,224438	46,999	0,168848
3,713717	614,882227	47,049	0,168265
3,711732	613,603021	47,099	0,167710
3,709773	612,078548	47,149	0,167048
3,707733	610,737462	47,204	0,166466
3,705691	608,298306	47,254	0,165408
3,703725	607,322869	47,304	0,164984
3,701765	605,981783	47,355	0,164402
3,699697	604,578818	47,405	0,163793
3,697728	602,627943	47,456	0,162947
3,695752	601,226103	47,507	0,162338
3,693743	599,578998	47,557	0,161624
3,691720	597,933018	47,607	0,160909
3,689747	597,080213	47,657	0,160539
3,687718	595,006705	47,708	0,159639
3,685728	593,239217	47,759	0,158872
3,683742	592,690182	47,810	0,158634
3,681765	591,408725	47,861	0,158078
3,679700	589,641237	47,911	0,157311
3,677757	587,934503	47,972	0,156570
3,675763	585,739487	48,022	0,155617
3,673755	585,008191	48,072	0,155300
3,671758	584,031628	48,123	0,154876
3,669736	583,178823	48,173	0,154506
3,667728	580,495527	48,223	0,153341
3,665710	579,154441	48,273	0,152759
3,663741	577,203566	48,323	0,151913
3,661715	577,752601	48,380	0,152151
3,659741	574,642902	48,430	0,150801
3,657728	573,179183	48,480	0,150166
3,655830	571,289062	48,530	0,149346
3,653688	569,521574	48,580	0,148579
3,651765	568,241242	48,630	0,148023
3,649704	566,716770	48,680	0,147361
3,647729	565,497192	48,730	0,146832
3,645739	563,728579	48,785	0,146064
3,643715	562,387493	48,835	0,145482
3,641696	560,741512	48,885	0,144768
3,639734	559,338548	48,936	0,144159
3,637705	557,266165	48,986	0,143260
3,635770	556,595622	49,037	0,142969
3,633758	554,827009	49,087	0,142201
3,631749	552,936888	49,138	0,141381
3,629736	551,839943	49,200	0,140905
3,627798	550,254716	49,250	0,140217
3,625743	548,790998	49,300	0,139582
3,623707	547,694052	49,351	0,139105
3,621739	545,438283	49,401	0,138126
3,619707	544,523600	49,451	0,137729
3,617735	542,023690	49,502	0,136645
3,615768	541,230514	49,552	0,136300
3,613735	539,645287	49,610	0,135612
3,611753	538,304201	49,660	0,135030
3,609734	537,023870	49,710	0,134475
3,607745	535,622030	49,760	0,133866
3,605747	533,427014	49,811	0,132914
3,603757	531,963296	49,861	0,132278
3,601793	530,927104	49,911	0,131829
3,599725	528,976229	49,973	0,130982
3,597719	527,817405	50,023	0,130479
3,595798	526,415566	50,073	0,129871
3,593709	524,830339	50,123	0,129183
3,591757	523,489253	50,173	0,128601
3,589697	521,904027	50,223	0,127913
3,587691	520,135414	50,273	0,127145
3,585745	518,610941	50,324	0,126483
3,583736	517,635504	50,374	0,126060
3,581764	515,623875	50,424	0,125187
3,579764	514,281664	50,474	0,124604
3,577755	512,758317	50,525	0,123943
3,575711	511,112336	50,575	0,123229
3,573770	509,709371	50,625	0,122620
3,571737	508,307532	50,676	0,122012
3,569757	507,332094	50,727	0,121588
3,567792	505,441973	50,780	0,120768
3,565748	503,429219	50,831	0,119895
3,563806	501,783239	50,881	0,119180
3,561738	500,807802	50,931	0,118757
3,559769	498,856927	50,981	0,117910
3,557749	498,002997	51,031	0,117540
3,555755	496,661911	51,081	0,116958
3,553688	494,893298	51,131	0,116190
3,551784	493,125810	51,182	0,115423
3,549789	492,271880	51,232	0,115052
3,547719	490,686654	51,283	0,114364
3,545795	488,796533	51,333	0,113544
3,543754	488,552392	51,384	0,113438
3,541774	487,150553	51,434	0,112830
3,539744	487,150553	51,485	0,112830
3,537748	483,127295	51,536	0,111083
3,535748	481,785084	51,586	0,110501
3,533745	481,785084	51,636	0,110501
3,531773	478,127475	51,686	0,108914
3,529738	476,663756	51,736	0,108278
3,527762	475,749073	51,787	0,107881
3,525751	473,981585	51,838	0,107114
3,523738	472,578620	51,889	0,106505
3,521714	470,871886	51,940	0,105765
3,519765	469,773816	52,006	0,105288
3,517784	468,250468	52,056	0,104627
3,515748	466,725995	52,107	0,103965
3,513790	465,750558	52,157	0,103542
3,511786	464,347593	52,207	0,102933
3,509746	462,091824	52,258	0,101954
3,507796	461,055633	52,309	0,101504
3,505754	459,591914	52,369	0,100869
3,503737	458,129320	52,419	0,100234
3,501735	456,604848	52,470	0,099573
3,499777	455,263762	52,521	0,098991
3,497764	453,190254	52,571	0,098091
3,495763	452,519711	52,621	0,097800
3,493748	450,873731	52,671	0,097085
3,491798	449,288504	52,722	0,096397
3,489728	448,008173	52,780	0,095842
3,487751	446,667087	52,831	0,095260
3,485752	444,959227	52,882	0,094519
3,483746	443,739649	52,933	0,093989
3,481784	442,154423	52,983	0,093301
3,479782	441,118232	53,033	0,092852
3,477783	438,983970	53,083	0,091925
3,475782	438,070412	53,133	0,091529
3,473770	436,850833	53,183	0,091000
3,471763	434,472431	53,233	0,089967
3,469792	433,131345	53,284	0,089385
3,467722	431,972521	53,334	0,088882
3,465783	430,449174	53,384	0,088221
3,463756	430,449174	53,434	0,088221
3,461759	429,167717	53,484	0,087665
3,459741	425,875756	53,534	0,086236
3,457765	425,265967	53,584	0,085972
3,455809	423,315092	53,634	0,085125
3,453733	421,790620	53,684	0,084463
3,451830	420,449534	53,734	0,083881
3,449807	418,315272	53,784	0,082955
3,447747	418,133011	53,835	0,082876
3,445791	415,815362	53,886	0,081870
3,443775	414,656538	53,936	0,081367
3,441767	412,828296	53,998	0,080574
3,439812	411,790980	54,048	0,080124
3,437781	410,877421	54,098	0,079727
3,435761	408,987300	54,148	0,078907
3,433774	407,767722	54,198	0,078377
3,431721	406,059863	54,248	0,077636
3,429787	404,597269	54,298	0,077001
3,427816	402,707148	54,369	0,076181
3,425790	401,121922	54,419	0,075493
3,423781	400,512133	54,469	0,075229
3,421808	398,866152	54,520	0,074514
3,419759	397,585820	54,570	0,073958
3,417771	395,939840	54,620	0,073244
3,415813	394,231981	54,670	0,072503
3,413776	393,500684	54,720	0,072186
3,411768	391,976211	54,780	0,071524
3,409745	389,841950	54,830	0,070598
3,407783	389,171407	54,880	0,070307
3,405847	387,159778	54,930	0,069434
3,403791	386,061708	54,981	0,068957
3,401782	384,476481	55,031	0,068269
3,399798	382,830501	55,081	0,067555
3,397778	382,404099	55,131	0,067370
3,395809	380,269837	55,187	0,066443
3,393801	379,294400	55,237	0,066020
3,391805	377,222017	55,287	0,065121
3,389800	376,368088	55,337	0,064750
3,387818	374,782861	55,387	0,064062
3,385802	373,624037	55,437	0,063559
3,383811	372,222197	55,487	0,062951
3,381844	370,576217	55,537	0,062236
3,379767	368,930237	55,589	0,061522
3,377835	368,258569	55,639	0,061230
3,375784	366,491080	55,690	0,060463
3,373801	364,661713	55,741	0,059669
3,371834	362,771592	55,791	0,058849
3,369784	361,735401	55,841	0,058399
3,367805	360,820718	55,891	0,058002
3,365778	359,296245	55,941	0,057341
3,363798	357,650265	56,009	0,056626
3,361782	356,979722	56,059	0,056335
3,359857	355,028847	56,109	0,055489
3,357831	353,565128	56,159	0,054854
3,355780	351,735761	56,209	0,054060
3,353781	350,822203	56,260	0,053663
3,351790	348,809449	56,310	0,052790
3,349771	347,407609	56,360	0,052181
3,347822	347,529117	56,410	0,052234
3,345862	345,089961	56,460	0,051175
3,343822	343,443980	56,510	0,050461
3,341781	342,224402	56,560	0,049932
3,339820	340,456914	56,612	0,049165
3,337802	339,115828	56,662	0,048583
3,335787	337,712864	56,712	0,047974
3,333859	336,555165	56,779	0,047471
3,331839	335,273708	56,830	0,046915
3,329829	334,055255	56,880	0,046386
3,327791	332,470028	56,931	0,045698
3,325755	330,335766	56,981	0,044772
3,323788	328,140751	57,031	0,043819
3,321780	327,896610	57,081	0,043713
3,319816	326,372138	57,131	0,043052
3,317787	324,848790	57,186	0,042391
3,315820	323,385072	57,236	0,041755
3,313842	323,140931	57,287	0,041649
3,311811	320,336127	57,338	0,040432
3,309858	320,519513	57,388	0,040512
3,307801	318,263744	57,438	0,039533
3,305829	316,555885	57,488	0,038792
3,303899	315,275553	57,538	0,038236
3,301858	313,508065	57,588	0,037469
3,299818	312,349240	57,638	0,036966
3,297779	311,313049	57,688	0,036516
3,295777	309,971963	57,738	0,035934
3,293804	309,118034	57,789	0,035563
3,291813	308,447491	57,839	0,035272
3,289828	307,716194	57,889	0,034955
3,287843	304,362354	57,939	0,033500
3,285817	303,203530	58,008	0,032997
3,283844	301,496796	58,058	0,032256
3,281810	300,277218	58,108	0,031727
3,279834	298,447851	58,158	0,030933
3,277811	297,167519	58,208	0,030377
3,275833	296,375468	58,258	0,030033
3,273787	294,363839	58,308	0,029160
3,271782	293,265769	58,358	0,028684
3,269845	291,436402	58,418	0,027890
3,267812	290,278703	58,468	0,027387
3,265820	288,998371	58,518	0,026832
3,263754	287,778793	58,568	0,026302
3,261841	286,070934	58,618	0,025561
3,259819	284,180813	58,668	0,024741
3,257810	282,657465	58,719	0,024080
3,255843	281,742782	58,770	0,023683
3,253857	280,462450	58,820	0,023127
3,251835	278,816469	58,871	0,022413
3,249832	277,291997	58,921	0,021751
3,247825	275,767524	58,972	0,021089
3,245797	273,572509	59,023	0,020137
3,243861	273,023474	59,073	0,019898
3,241805	271,499001	59,123	0,019237
3,239815	270,341302	59,191	0,018734
3,237844	268,877583	59,241	0,018099
3,235798	266,743322	59,291	0,017173
3,233827	266,195412	59,341	0,016935
3,231822	263,939642	59,391	0,015956
3,229868	262,415170	59,442	0,015294
3,227853	261,318224	59,493	0,014818
3,225827	260,341662	59,543	0,014395
3,223836	258,634928	59,617	0,013654
3,221840	257,354596	59,667	0,013098
3,219819	255,769369	59,718	0,012410
3,217880	254,184143	59,768	0,011722
3,215805	253,087198	59,818	0,011246
3,213801	251,440092	59,868	0,010531
3,211811	249,794112	59,918	0,009817
3,209817	249,184323	59,968	0,009552
3,207802	247,111940	60,019	0,008653
3,205852	245,526714	60,069	0,007965
3,203835	244,612030	60,119	0,007568
3,201830	243,148311	60,169	0,006933
3,199851	240,831788	60,220	0,005927
3,197846	239,917105	60,270	0,005530
3,195806	239,428823	60,320	0,005318
3,193843	237,661335	60,379	0,004551
3,191827	236,807406	60,430	0,004181
3,189850	234,490882	60,480	0,003175
3,187803	233,454691	60,531	0,002726
3,185849	232,417375	60,581	0,002275
3,183810	230,710640	60,631	0,001535
3,181823	229,186168	60,681	0,000873
3,179815	228,454871	60,731	0,000556
3,177842	224,979524	60,781	-0,000953
3,175846	225,284418	60,831	-0,000820
3,173847	224,186348	60,881	-0,001297
3,171831	222,418860	60,931	-0,002064
3,169859	220,772879	60,981	-0,002778
3,167822	219,187653	61,032	-0,003466
3,165845	217,845442	61,083	-0,004049
3,163814	216,443602	61,133	-0,004657
3,161830	214,736868	61,183	-0,005398
3,159847	213,456536	61,234	-0,005954
3,157836	212,297712	61,285	-0,006457
3,155823	210,651732	61,336	-0,007171
3,153832	210,956626	61,386	-0,007039
3,151810	208,273329	61,437	-0,008203
3,149838	206,809611	61,487	-0,008838
3,147825	205,225509	61,537	-0,009526
3,145828	204,188193	61,588	-0,009976
3,143850	202,542213	61,638	-0,010690
3,141838	201,018865	61,688	-0,011352
3,139816	199,981549	61,738	-0,011802
3,137848	198,335568	61,788	-0,012516
3,135871	196,871850	61,838	-0,013151
3,133839	195,165116	61,888	-0,013892
3,131829	194,433819	61,939	-0,014209
3,129843	192,360311	61,989	-0,015109
3,127855	191,079979	62,039	-0,015665
3,125828	189,494753	62,089	-0,016353
3,123832	187,422370	62,140	-0,017252
3,121844	186,689948	62,190	-0,017570
3,119828	185,043968	62,240	-0,018285
3,117820	184,251917	62,290	-0,018628
3,115861	182,666691	62,340	-0,019316
3,113835	181,202972	62,393	-0,019952
3,111800	180,104902	62,443	-0,020428
3,109839	177,971765	62,493	-0,021354
3,107836	176,873695	62,544	-0,021831
3,105854	174,922820	62,594	-0,022677
3,103852	173,825875	62,645	-0,023153
3,101819	172,422910	62,696	-0,023762
3,099884	171,265211	62,746	-0,024265
3,097819	170,289774	62,807	-0,024688
3,095845	167,911371	62,857	-0,025720
3,093848	166,326145	62,907	-0,026408
3,091834	165,045813	62,957	-0,026964
3,089881	163,886989	63,007	-0,027467
3,087828	163,460586	63,058	-0,027652
3,085875	160,960676	63,109	-0,028737
3,083847	159,680345	63,159	-0,029292
3,081850	157,973610	63,220	-0,030033
3,079907	157,058927	63,270	-0,030430
3,077871	155,229560	63,321	-0,031224
3,075873	153,522825	63,372	-0,031965
3,073832	152,242494	63,423	-0,032521
3,071865	151,144423	63,473	-0,032997
3,069867	149,132794	63,524	-0,033870
3,067865	148,034724	63,589	-0,034347
3,065812	147,121166	63,640	-0,034743
3,063860	145,413306	63,690	-0,035484
3,061847	143,888834	63,740	-0,036146
3,059856	142,365486	63,790	-0,036807
3,057856	141,388924	63,841	-0,037231
3,055882	140,536119	63,891	-0,037601
3,053828	138,645998	63,941	-0,038421
3,051914	137,000018	63,995	-0,039136
3,049815	135,231405	64,045	-0,039903
3,047829	134,316721	64,095	-0,040300
3,045832	133,402038	64,145	-0,040697
3,043856	131,207022	64,196	-0,041650
3,041881	130,049323	64,246	-0,042152
3,039834	128,524851	64,296	-0,042814
3,037854	127,183765	64,346	-0,043396
3,035837	125,293644	64,396	-0,044216
3,033846	124,195574	64,446	-0,044693
3,031829	122,854488	64,496	-0,045275
3,029887	122,061312	64,546	-0,045619
3,027838	119,744789	64,596	-0,046625
3,025885	119,867422	64,646	-0,046571
3,023852	117,123371	64,697	-0,047762
3,021833	115,782285	64,747	-0,048344
3,019860	114,380445	64,812	-0,048953
3,017828	112,002043	64,862	-0,049985
3,015861	111,697149	64,913	-0,050117
3,013873	109,990414	64,963	-0,050858
3,011833	108,405188	65,014	-0,051546
3,009813	107,612012	65,065	-0,051890
3,007817	106,758083	65,115	-0,052261
3,005850	104,197419	65,165	-0,053372
3,003854	103,100473	65,230	-0,053848
3,001866	102,002403	65,280	-0,054325
2,999850	100,905458	65,331	-0,054801
2,997820	98,771196	65,381	-0,055727
2,995844	98,284040	65,432	-0,055938
2,993825	95,905638	65,482	-0,056971
2,991846	94,198904	65,532	-0,057711
2,989863	92,248029	65,599	-0,058558
2,987816	92,308783	65,650	-0,058532
2,985843	90,297154	65,700	-0,059405
2,983845	89,077576	65,751	-0,059934
2,981878	87,979506	65,801	-0,060411
2,979837	86,455033	65,851	-0,061072
2,977869	85,297334	65,901	-0,061575
2,975840	84,626791	65,951	-0,061866
2,973902	83,956248	66,001	-0,062157
2,971906	82,979686	66,052	-0,062581
2,969860	82,918932	66,102	-0,062607
2,967846	82,614037	66,152	-0,062739
2,965859	81,577846	66,202	-0,063189
2,963857	80,053373	66,252	-0,063851
2,961834	79,931866	66,302	-0,063903
2,959837	78,712288	66,352	-0,064433
2,957863	78,102499	66,427	-0,064697
2,955854	77,005553	66,477	-0,065173
2,953851	76,517272	66,528	-0,065385
2,951868	75,481081	66,578	-0,065835
2,949888	74,992800	66,629	-0,066047
2,947857	74,810538	66,680	-0,066126
2,945863	73,286065	66,730	-0,066788
2,943847	73,346819	66,790	-0,066761
2,941891	71,944979	66,840	-0,067370
2,939839	70,969542	66,890	-0,067793
2,937838	71,335190	66,940	-0,067634
2,935861	70,298999	66,991	-0,068084
2,933837	70,176366	67,041	-0,068137
2,931835	69,505823	67,091	-0,068428
2,929839	70,176366	67,142	-0,068137
2,927861	69,261683	67,199	-0,068534
2,925819	68,103984	67,250	-0,069037
2,923879	68,042105	67,300	-0,069063
2,921811	67,127421	67,350	-0,069460
2,919823	66,945159	67,401	-0,069540
2,917857	66,213863	67,451	-0,069857
2,915889	65,542195	67,502	-0,070148
2,913843	64,201109	67,552	-0,070730
2,911888	64,261863	67,602	-0,070704
2,909882	63,652074	67,653	-0,070969
2,907869	64,261863	67,704	-0,070704
2,905861	62,860023	67,754	-0,071313
2,903881	62,981531	67,804	-0,071260
2,901871	62,981531	67,854	-0,071260
2,899854	63,591320	67,904	-0,070995
2,897843	62,128726	67,954	-0,071630
2,895860	62,128726	68,022	-0,071630
2,893871	61,335550	68,073	-0,071974
2,891797	61,396304	68,123	-0,071948
2,889826	60,360113	68,174	-0,072397
2,887789	58,836766	68,225	-0,073059
2,885860	58,165098	68,275	-0,073350
2,883885	57,494555	68,325	-0,073641
2,881852	57,677941	68,375	-0,073562
2,879840	57,128906	68,431	-0,073800
2,877879	56,702504	68,481	-0,073985
2,875873	55,665188	68,532	-0,074435
2,873893	55,543680	68,582	-0,074488
2,871852	55,178031	68,632	-0,074646
2,869859	55,604434	68,682	-0,074461
2,867909	55,604434	68,733	-0,074461
2,865866	55,055399	68,800	-0,074700
2,863860	53,775067	68,850	-0,075255
2,861904	52,861508	68,900	-0,075652
2,859839	52,433981	68,950	-0,075837
2,857877	52,617368	69,001	-0,075758
2,855838	52,861508	69,052	-0,075652
2,853851	51,032141	69,102	-0,076446
2,851892	50,909508	69,153	-0,076499
2,849872	50,971387	69,207	-0,076472
2,847928	50,361598	69,257	-0,076737
2,845884	50,543860	69,307	-0,076658
2,843866	50,361598	69,357	-0,076737
2,841837	48,775247	69,408	-0,077425
2,839851	48,166583	69,459	-0,077689
2,837869	47,740180	69,509	-0,077875
2,835879	47,617548	69,560	-0,077928
2,833847	47,068512	69,625	-0,078166
2,831925	46,642110	69,676	-0,078351
2,829924	45,605919	69,726	-0,078801
2,827808	45,727427	69,776	-0,078748
2,825821	45,727427	69,827	-0,078748
2,823878	44,934251	69,877	-0,079092
2,821953	43,715798	69,927	-0,079621
2,819869	43,898059	69,977	-0,079542
2,817805	42,678481	70,031	-0,080071
2,815903	42,496220	70,081	-0,080150
2,813852	42,435466	70,131	-0,080177
2,811872	40,484591	70,182	-0,081023
2,809863	41,460028	70,233	-0,080600
2,807851	40,666853	70,284	-0,080944
2,805902	40,545345	70,334	-0,080997
2,803876	39,081626	70,390	-0,081632
2,801846	38,471837	70,441	-0,081897
2,799871	36,825857	70,493	-0,082611
2,797865	37,191505	70,543	-0,082453
2,795903	36,032681	70,593	-0,082956
2,793833	35,484771	70,644	-0,083193
2,791865	34,143685	70,694	-0,083775
2,789840	36,399455	70,744	-0,082796
2,787895	35,422892	70,806	-0,083220
2,785939	35,363263	70,857	-0,083246
2,783858	33,838791	70,907	-0,083908
2,781861	33,229002	70,957	-0,084172
2,779889	32,435826	71,008	-0,084517
2,777911	32,435826	71,058	-0,084517
2,775876	31,094740	71,108	-0,085099
2,773887	31,704529	71,158	-0,084834
2,771837	30,606459	71,222	-0,085311
2,769887	30,729092	71,272	-0,085257
2,767863	29,875162	71,322	-0,085628
2,765874	28,960478	71,373	-0,086025
2,763908	28,289936	71,423	-0,086316
2,761814	27,558639	71,473	-0,086633
2,759868	27,436006	71,524	-0,086687
2,757883	26,583201	71,592	-0,087057
2,755905	25,850779	71,642	-0,087375
2,753884	25,363623	71,693	-0,087586
2,751908	24,570448	71,744	-0,087930
2,749846	24,388186	71,794	-0,088009
2,747879	24,204799	71,844	-0,088089
2,745914	22,314678	71,894	-0,088909
2,743889	22,436186	71,944	-0,088856
2,741904	21,704889	71,994	-0,089174
2,739910	21,156979	72,044	-0,089412
2,737852	21,034346	72,094	-0,089465
2,735880	20,424557	72,145	-0,089729
2,733878	20,486436	72,195	-0,089703
2,731867	20,180417	72,245	-0,089835
2,729909	19,266858	72,296	-0,090232
2,727845	18,717823	72,346	-0,090470
2,725869	18,047280	72,400	-0,090761
2,723856	17,498245	72,451	-0,091000
2,721888	17,011089	72,501	-0,091211
2,719886	17,011089	72,551	-0,091211
2,717887	16,157159	72,602	-0,091582
2,715818	15,303229	72,653	-0,091952
2,713876	15,303229	72,703	-0,091952
2,711864	14,876827	72,754	-0,092137
2,709846	14,206284	72,807	-0,092428
2,707900	13,901390	72,858	-0,092561
2,705879	13,962144	72,909	-0,092534
2,703871	13,230847	72,959	-0,092852
2,701899	12,986706	73,009	-0,092958
2,699846	11,767128	73,059	-0,093487
2,697927	10,608304	73,109	-0,093990
2,695930	10,791691	73,159	-0,093910
2,693839	10,486796	73,223	-0,094042
2,691877	10,608304	73,273	-0,093990
2,689863	9,693620	73,323	-0,094387
2,687890	8,475167	73,374	-0,094916
2,685915	8,291781	73,425	-0,094995
2,683891	8,535921	73,475	-0,094889
2,681912	7,377097	73,526	-0,095392
2,679865	7,560484	73,576	-0,095313
2,677875	7,072203	73,632	-0,095524
2,675919	6,950695	73,683	-0,095577
2,673921	6,096765	73,734	-0,095948
2,671919	4,877187	73,784	-0,096477
2,669886	4,755679	73,834	-0,096530
2,667860	4,390031	73,884	-0,096688
2,665895	3,840996	73,934	-0,096927
2,663888	3,414594	73,984	-0,097112
2,661907	2,377277	74,034	-0,097562
2,659901	2,439156	74,085	-0,097535
2,657870	1,950875	74,135	-0,097747
2,655834	0,793176	74,185	-0,098250
2,653852	0,670543	74,235	-0,098303
2,651827	0,853930	74,285	-0,098223
2,649901	0,914684	74,336	-0,098197
2,647890	0,060754	74,392	-0,098567
2,645909	-0,549035	74,442	-0,098832
2,643873	-1,096945	74,492	-0,099070
2,641877	-1,706734	74,542	-0,099334
2,639892	-1,706734	74,592	-0,099334
2,637865	-2,560664	74,642	-0,099705
2,635889	-2,804805	74,692	-0,099811
2,633881	-2,378402	74,742	-0,099626
2,631857	-3,536101	74,801	-0,100128
2,629927	-4,450785	74,851	-0,100525
2,627876	-4,572293	74,901	-0,100578
2,625893	-5,182082	74,952	-0,100843
2,623945	-5,975257	75,002	-0,101187
2,621927	-6,096765	75,052	-0,101240
2,619915	-6,889941	75,102	-0,101584
2,617849	-6,401660	75,153	-0,101372
2,615876	-7,134082	75,207	-0,101690
2,613934	-8,047640	75,258	-0,102086
2,611901	-8,352535	75,309	-0,102219
2,609865	-8,657429	75,360	-0,102351
2,607921	-8,657429	75,410	-0,102351
2,605907	-9,511359	75,460	-0,102722
2,603889	-9,937761	75,510	-0,102907
2,601889	-9,877007	75,560	-0,102880
2,599900	-10,791691	75,611	-0,103277
2,597908	-11,522987	75,661	-0,103595
2,595873	-11,827882	75,711	-0,103727
2,593860	-12,132776	75,762	-0,103859
2,591876	-12,437671	75,812	-0,103992
2,589888	-13,230847	75,863	-0,104336
2,587906	-13,901390	75,913	-0,104627
2,585870	-13,535741	75,963	-0,104468
2,583855	-13,718003	76,032	-0,104547
2,581857	-14,083651	76,082	-0,104706
2,579913	-13,413108	76,132	-0,104415
2,577878	-13,962144	76,182	-0,104653
2,575918	-13,840636	76,233	-0,104601
2,573902	-13,840636	76,283	-0,104601
2,571903	-13,901390	76,334	-0,104627
2,569879	-14,693440	76,409	-0,104971
2,567861	-15,365108	76,460	-0,105262
2,565844	-15,608124	76,510	-0,105368
2,563885	-15,059089	76,560	-0,105129
2,561859	-15,365108	76,610	-0,105262
2,559898	-14,755319	76,660	-0,104998
2,557905	-14,449300	76,711	-0,104865
2,555895	-14,389671	76,761	-0,104839
2,553920	-13,901390	76,831	-0,104627
2,551906	-13,840636	76,881	-0,104601
2,549867	-13,718003	76,931	-0,104547
2,547934	-12,925952	76,981	-0,104204
2,545902	-13,352355	77,031	-0,104389
2,543919	-13,230847	77,081	-0,104336
2,541879	-12,986706	77,132	-0,104230
2,539921	-12,681812	77,197	-0,104098
2,537874	-12,621058	77,248	-0,104071
2,535867	-12,742566	77,299	-0,104124
2,533891	-12,437671	77,349	-0,103992
2,531857	-11,950515	77,399	-0,103780
2,529911	-12,193530	77,450	-0,103886
2,527868	-11,522987	77,500	-0,103595
2,525836	-11,767128	77,550	-0,103701
2,523911	-12,132776	77,620	-0,103859
2,521866	-11,583741	77,671	-0,103621
2,519881	-11,462234	77,721	-0,103568
2,517884	-11,035831	77,772	-0,103383
2,515878	-10,975077	77,822	-0,103357
2,513898	-11,035831	77,872	-0,103383
2,511882	-11,096585	77,923	-0,103410
2,509876	-10,730937	78,001	-0,103251
2,507833	-10,426042	78,051	-0,103119
2,505857	-10,060394	78,101	-0,102960
2,503887	-10,060394	78,152	-0,102960
2,501867	-10,303409	78,203	-0,103065
2,499842	-9,755499	78,253	-0,102828
2,497889	-9,693620	78,304	-0,102801
2,495935	-9,389851	78,355	-0,102669
2,493870	-9,572113	78,407	-0,102748
2,491938	-8,780062	78,457	-0,102404
2,489872	-8,962324	78,507	-0,102483
2,487864	-9,084956	78,557	-0,102537
2,485880	-8,901570	78,607	-0,102457
2,483834	-8,535921	78,658	-0,102298
2,481895	-8,657429	78,708	-0,102351
2,479883	-8,840816	78,758	-0,102431
2,477898	-8,535921	78,829	-0,102298
2,475887	-8,170273	78,879	-0,102140
2,473933	-7,865378	78,929	-0,102007
2,471896	-8,109519	78,979	-0,102113
2,469910	-7,681992	79,029	-0,101928
2,467916	-7,743871	79,080	-0,101955
2,465924	-7,499730	79,131	-0,101849
2,463861	-7,437851	79,207	-0,101822
2,461873	-7,437851	79,257	-0,101822
2,459906	-7,926132	79,307	-0,102034
2,457854	-7,377097	79,357	-0,101795
2,455886	-7,255589	79,408	-0,101743
2,453884	-7,560484	79,458	-0,101875
2,451858	-6,950695	79,508	-0,101610
2,449887	-6,889941	79,558	-0,101584
2,447850	-6,950695	79,627	-0,101610
2,445890	-6,645800	79,678	-0,101478
2,443875	-6,524293	79,728	-0,101425
2,441856	-6,462414	79,779	-0,101398
2,439955	-6,524293	79,829	-0,101425
2,437887	-6,462414	79,879	-0,101398
2,435883	-6,219398	79,929	-0,101293
2,433855	-5,486976	80,004	-0,100975
2,431852	-5,365468	80,055	-0,100922
2,429849	-5,426222	80,106	-0,100949
2,427895	-5,486976	80,157	-0,100975
2,425895	-5,304715	80,207	-0,100896
2,423886	-5,365468	80,258	-0,100922
2,421876	-5,426222	80,308	-0,100949
2,419895	-5,060574	80,359	-0,100790
2,417895	-4,755679	80,430	-0,100658
2,415882	-4,572293	80,480	-0,100578
2,413910	-4,450785	80,531	-0,100525
2,411897	-4,572293	80,581	-0,100578
2,409871	-4,145890	80,631	-0,100393
2,407897	-4,511539	80,681	-0,100552
2,405886	-4,450785	80,731	-0,100525
2,403886	-4,329277	80,801	-0,100473
2,401892	-4,390031	80,851	-0,100499
2,399924	-4,024383	80,901	-0,100340
2,397874	-3,719488	80,952	-0,100208
2,395885	-3,962504	81,003	-0,100313
2,393900	-3,291961	81,053	-0,100022
2,391882	-3,475347	81,104	-0,100102
2,389912	-3,658734	81,154	-0,100182
2,387881	-3,536101	81,204	-0,100128
2,385909	-3,475347	81,254	-0,100102
2,383895	-3,414594	81,305	-0,100076
2,381924	-3,536101	81,356	-0,100128
2,379897	-1,585226	81,406	-0,099282
2,377914	-1,280332	81,457	-0,099149
2,375864	-1,219578	81,507	-0,099123
2,373881	-1,585226	81,557	-0,099282
2,371852	-1,341086	81,611	-0,099176
2,369894	-1,036191	81,661	-0,099043
2,367879	-1,341086	81,711	-0,099176
2,365894	-0,975437	81,761	-0,099017
2,363893	-1,768613	81,812	-0,099361
2,361915	-0,914684	81,862	-0,098991
2,359885	-1,036191	81,913	-0,099043
2,357886	-0,914684	81,964	-0,098991
2,355875	-0,975437	82,036	-0,099017
2,353900	-0,793176	82,087	-0,098938
2,351843	-0,670543	82,138	-0,098885
2,349862	-0,670543	82,189	-0,098885
2,347877	-0,731297	82,240	-0,098911
2,345851	-0,549035	82,290	-0,098832
2,343874	-0,488281	82,340	-0,098806
