Drift test with MEMS displacement of 0,5 um, displacement data in [nm] and time increments of 30s 
17.08.2022 16:24:45
eoh
0,046725	0,000000	22,440000	55,530000
0,063079	0,500000	22,430000	55,530000
-0,119150	1,000000	22,430000	55,515000
0,189238	1,500000	22,430000	55,530000
36,961022	2,000000	22,430000	55,530000
128,561650	2,500000	22,440000	55,530000
127,739281	3,000000	22,440000	55,530000
127,699565	3,500000	22,430000	55,505000
127,691388	4,000000	22,430000	55,530000
127,232310	4,500000	22,430000	55,515000
126,473021	5,000000	22,430000	55,515000
126,527923	5,500000	22,440000	55,520000
126,552454	6,000000	22,430000	55,475000
126,741692	6,500000	22,430000	55,515000
126,867851	7,000000	22,430000	55,515000
126,504560	7,500000	22,430000	55,515000
126,701976	8,000000	22,430000	55,450000
126,766223	8,500000	22,430000	55,505000
127,034895	9,000000	22,430000	55,490000
126,654082	9,500000	22,430000	55,475000
127,121337	10,000000	22,440000	55,495000
126,338685	10,500000	22,440000	55,465000
126,884205	11,000000	22,430000	55,475000
127,185584	11,500000	22,430000	55,460000
126,718329	12,000000	22,430000	55,490000
126,654082	12,500000	22,430000	55,475000
126,267429	13,000000	22,430000	55,460000
127,089797	13,500000	22,430000	55,420000
126,504560	14,000000	22,430000	55,460000
125,950863	14,500000	22,440000	55,465000
125,902970	15,000000	22,430000	55,460000
126,282614	15,500000	22,430000	55,475000
126,362048	16,000000	22,420000	55,460000
126,322331	16,500000	22,440000	55,455000
126,488206	17,000000	22,430000	55,450000
126,481198	17,500000	22,440000	55,410000
126,219535	18,000000	22,430000	55,435000
125,800174	18,500000	22,430000	55,420000
126,559463	19,000000	22,430000	55,460000
126,622542	19,500000	22,430000	55,450000
126,828134	20,000000	22,430000	55,460000
126,219535	20,500000	22,440000	55,455000
126,955461	21,000000	22,430000	55,435000
126,876028	21,500000	22,430000	55,450000
126,686790	22,000000	22,420000	55,435000
126,892382	22,500000	22,430000	55,435000
127,232310	23,000000	22,430000	55,420000
127,683211	23,500000	22,430000	55,450000
127,762644	24,000000	22,430000	55,450000
127,991599	24,500000	22,430000	55,435000
128,198359	25,000000	22,430000	55,435000
128,443668	25,500000	22,430000	55,435000
128,339704	26,000000	22,430000	55,405000
128,514924	26,500000	22,430000	55,420000
128,221722	27,000000	22,430000	55,395000
128,609543	27,500000	22,430000	55,395000
128,846675	28,000000	22,430000	55,435000
128,364234	28,500000	22,430000	55,420000
128,229899	29,000000	22,420000	55,405000
127,794184	29,500000	22,430000	55,395000
127,778998	30,000000	22,420000	55,395000
128,039492	30,500000	22,430000	55,405000
127,896980	31,000000	22,430000	55,405000
128,024307	31,500000	22,430000	55,405000
128,236908	32,000000	22,440000	55,400000
128,142288	32,500000	22,430000	55,405000
128,213545	33,000000	22,430000	55,405000
128,236908	33,500000	22,430000	55,380000
128,253261	34,000000	22,430000	55,380000
127,960059	34,500000	22,420000	55,380000
128,578004	35,000000	22,420000	55,395000
128,387597	35,500000	22,430000	55,405000
128,783596	36,000000	22,430000	55,380000
129,037081	36,500000	22,430000	55,395000
129,060444	37,000000	22,430000	55,380000
128,775419	37,500000	22,430000	55,395000
128,301155	38,000000	22,420000	55,365000
127,833900	38,500000	22,420000	55,380000
127,493972	39,000000	22,430000	55,380000
127,913334	39,500000	22,430000	55,365000
127,706573	40,000000	22,430000	55,365000
127,620131	40,500000	22,430000	55,355000
128,118926	41,000000	22,430000	55,365000
127,810538	41,500000	22,420000	55,380000
128,024307	42,000000	22,430000	55,365000
128,356057	42,500000	22,430000	55,365000
128,062855	43,000000	22,430000	55,355000
128,324518	43,500000	22,430000	55,355000
127,683211	44,000000	22,430000	55,365000
127,881794	44,500000	22,430000	55,355000
127,951882	45,000000	22,430000	55,310000
128,047669	45,500000	22,430000	55,365000
127,905157	46,000000	22,430000	55,355000
128,752056	46,500000	22,430000	55,355000
128,102572	47,000000	22,430000	55,355000
128,324518	47,500000	22,430000	55,340000
128,482216	48,000000	22,420000	55,340000
128,854852	48,500000	22,430000	55,340000
128,664446	49,000000	22,430000	55,340000
128,997365	49,500000	22,430000	55,340000
129,068621	50,000000	22,420000	55,325000
128,981011	50,500000	22,430000	55,340000
129,337293	51,000000	22,430000	55,325000
128,585012	51,500000	22,430000	55,325000
129,416726	52,000000	22,430000	55,310000
128,934285	52,500000	22,430000	55,340000
129,139877	53,000000	22,430000	55,340000
129,234496	53,500000	22,420000	55,310000
129,068621	54,000000	22,430000	55,310000
129,598955	54,500000	22,430000	55,325000
129,519522	55,000000	22,420000	55,325000
129,685397	55,500000	22,420000	55,310000
129,645681	56,000000	22,430000	55,300000
129,423735	56,500000	22,430000	55,325000
129,234496	57,000000	22,430000	55,300000
129,060444	57,500000	22,430000	55,285000
129,329116	58,000000	22,420000	55,310000
129,733291	58,500000	22,420000	55,310000
129,083807	59,000000	22,430000	55,310000
129,004374	59,500000	22,430000	55,310000
129,534708	60,000000	22,430000	55,300000
130,326705	60,500000	22,430000	55,300000
130,302174	61,000000	22,430000	55,300000
129,559239	61,500000	22,430000	55,310000
129,582601	62,000000	22,430000	55,300000
130,010139	62,500000	22,420000	55,270000
129,463451	63,000000	22,420000	55,300000
129,590778	63,500000	22,430000	55,285000
129,368832	64,000000	22,430000	55,300000
129,345469	64,500000	22,430000	55,310000
129,574424	65,000000	22,420000	55,300000
129,851273	65,500000	22,430000	55,310000
130,406138	66,000000	22,420000	55,285000
130,056865	66,500000	22,420000	55,300000
130,088405	67,000000	22,420000	55,300000
130,366421	67,500000	22,430000	55,300000
129,218143	68,000000	22,420000	55,270000
129,637504	68,500000	22,430000	55,310000
129,851273	69,000000	22,420000	55,310000
129,764831	69,500000	22,430000	55,300000
129,669043	70,000000	22,430000	55,285000
130,223908	70,500000	22,430000	55,260000
130,262457	71,000000	22,430000	55,285000
130,397961	71,500000	22,420000	55,300000
130,001962	72,000000	22,420000	55,285000
129,938883	72,500000	22,420000	55,270000
130,262457	73,000000	22,430000	55,285000
130,239094	73,500000	22,420000	55,270000
130,507766	74,000000	22,420000	55,260000
130,651447	74,500000	22,430000	55,260000
130,983198	75,000000	22,420000	55,270000
130,618739	75,500000	22,420000	55,270000
130,429501	76,000000	22,430000	55,285000
130,341890	76,500000	22,430000	55,270000
130,270634	77,000000	22,430000	55,260000
130,674809	77,500000	22,420000	55,300000
131,031091	78,000000	22,430000	55,245000
130,144475	78,500000	22,420000	55,270000
130,081396	79,000000	22,430000	55,260000
130,270634	79,500000	22,420000	55,245000
129,978600	80,000000	22,430000	55,260000
130,001962	80,500000	22,420000	55,245000
129,914352	81,000000	22,430000	55,230000
130,232085	81,500000	22,430000	55,260000
130,674809	82,000000	22,430000	55,245000
131,220329	82,500000	22,420000	55,245000
131,656044	83,000000	22,420000	55,245000
131,703938	83,500000	22,420000	55,205000
131,616328	84,000000	22,420000	55,205000
131,695761	84,500000	22,420000	55,245000
131,813743	85,000000	22,420000	55,220000
131,901353	85,500000	22,420000	55,245000
132,067229	86,000000	22,430000	55,230000
131,465638	86,500000	22,430000	55,260000
131,497178	87,000000	22,430000	55,245000
131,987795	87,500000	22,430000	55,230000
131,727301	88,000000	22,420000	55,260000
132,043866	88,500000	22,420000	55,205000
131,687584	89,000000	22,420000	55,230000
132,154839	89,500000	22,420000	55,205000
132,391971	90,000000	22,420000	55,220000
132,723722	90,500000	22,430000	55,245000
131,813743	91,000000	22,420000	55,230000
131,838274	91,500000	22,420000	55,220000
132,059052	92,000000	22,430000	55,220000
132,423510	92,500000	22,430000	55,230000
133,032110	93,000000	22,420000	55,220000
132,882588	93,500000	22,420000	55,220000
133,237702	94,000000	22,420000	55,190000
132,874411	94,500000	22,420000	55,230000
132,771615	95,000000	22,430000	55,220000
133,245879	95,500000	22,420000	55,245000
133,071826	96,000000	22,420000	55,220000
133,025101	96,500000	22,420000	55,220000
132,542660	97,000000	22,420000	55,220000
132,391971	97,500000	22,420000	55,220000
132,969030	98,000000	22,420000	55,220000
132,842872	98,500000	22,420000	55,220000
132,637279	99,000000	22,420000	55,205000
132,858057	99,500000	22,420000	55,205000
132,905951	100,000000	22,430000	55,190000
132,851049	100,500000	22,420000	55,190000
132,566023	101,000000	22,420000	55,175000
132,851049	101,500000	22,420000	55,205000
132,605740	102,000000	22,430000	55,190000
132,272821	102,500000	22,430000	55,175000
132,075406	103,000000	22,410000	55,175000
132,019335	103,500000	22,420000	55,190000
132,391971	104,000000	22,420000	55,205000
131,813743	104,500000	22,420000	55,205000
132,423510	105,000000	22,420000	55,165000
131,956256	105,500000	22,420000	55,175000
131,821920	106,000000	22,430000	55,165000
131,941070	106,500000	22,430000	55,165000
132,249458	107,000000	22,420000	55,175000
132,692182	107,500000	22,430000	55,175000
132,676996	108,000000	22,420000	55,165000
132,826518	108,500000	22,420000	55,165000
132,549669	109,000000	22,420000	55,175000
133,270410	109,500000	22,420000	55,165000
132,842872	110,000000	22,420000	55,175000
132,629102	110,500000	22,420000	55,165000
132,748252	111,000000	22,420000	55,150000
132,526306	111,500000	22,420000	55,190000
132,763438	112,000000	22,420000	55,175000
133,025101	112,500000	22,420000	55,190000
133,111543	113,000000	22,420000	55,175000
133,207330	113,500000	22,420000	55,135000
133,507541	114,000000	22,420000	55,190000
133,270410	114,500000	22,410000	55,135000
133,214339	115,000000	22,420000	55,175000
133,626691	115,500000	22,420000	55,165000
133,237702	116,000000	22,420000	55,165000
133,151260	116,500000	22,420000	55,135000
133,096357	117,000000	22,420000	55,165000
133,650054	117,500000	22,420000	55,135000
133,301949	118,000000	22,420000	55,150000
133,214339	118,500000	22,420000	55,125000
133,673417	119,000000	22,420000	55,150000
133,887186	119,500000	22,420000	55,165000
134,259822	120,000000	22,420000	55,150000
134,211928	120,500000	22,420000	55,150000
134,457237	121,000000	22,420000	55,150000
133,761027	121,500000	22,430000	55,150000
134,472423	122,000000	22,420000	55,135000
134,765625	122,500000	22,420000	55,150000
135,019111	123,000000	22,420000	55,150000
134,053061	123,500000	22,430000	55,135000
133,824107	124,000000	22,420000	55,135000
133,744673	124,500000	22,420000	55,150000
133,784390	125,000000	22,420000	55,150000
133,673417	125,500000	22,420000	55,125000
133,547258	126,000000	22,430000	55,150000
134,203751	126,500000	22,420000	55,125000
133,800744	127,000000	22,410000	55,150000
133,641877	127,500000	22,420000	55,135000
134,243468	128,000000	22,420000	55,135000
134,227114	128,500000	22,420000	55,150000
134,251645	129,000000	22,420000	55,125000
134,211928	129,500000	22,420000	55,110000
134,140672	130,000000	22,420000	55,110000
133,989982	130,500000	22,420000	55,125000
134,465414	131,000000	22,410000	55,135000
133,902372	131,500000	22,420000	55,110000
133,776213	132,000000	22,420000	55,150000
133,902372	132,500000	22,420000	55,135000
133,974796	133,000000	22,420000	55,110000
134,148849	133,500000	22,420000	55,125000
134,805342	134,000000	22,420000	55,135000
134,614935	134,500000	22,410000	55,125000
134,346264	135,000000	22,420000	55,125000
134,172211	135,500000	22,420000	55,150000
133,729488	136,000000	22,430000	55,110000
133,989982	136,500000	22,420000	55,110000
134,061238	137,000000	22,420000	55,125000
134,306547	137,500000	22,430000	55,150000
133,570621	138,000000	22,420000	55,125000
133,752850	138,500000	22,420000	55,135000
133,539081	139,000000	22,420000	55,135000
133,807753	139,500000	22,410000	55,110000
133,815930	140,000000	22,420000	55,125000
133,840461	140,500000	22,420000	55,095000
134,401166	141,000000	22,420000	55,125000
133,855646	141,500000	22,420000	55,125000
134,512139	142,000000	22,420000	55,125000
135,121907	142,500000	22,420000	55,110000
135,264419	143,000000	22,430000	55,150000
135,809939	143,500000	22,420000	55,110000
135,264419	144,000000	22,420000	55,095000
135,319322	144,500000	22,420000	55,135000
135,612524	145,000000	22,420000	55,125000
135,580985	145,500000	22,420000	55,125000
135,644064	146,000000	22,410000	55,135000
135,723497	146,500000	22,420000	55,125000
135,367216	147,000000	22,420000	55,125000
135,445481	147,500000	22,420000	55,110000
135,422118	148,000000	22,420000	55,125000
134,394157	148,500000	22,410000	55,110000
135,176809	149,000000	22,420000	55,125000
135,145270	149,500000	22,420000	55,125000
134,639466	150,000000	22,420000	55,095000
135,311145	150,500000	22,420000	55,125000
134,765625	151,000000	22,410000	55,110000
135,019111	151,500000	22,420000	55,125000
135,683781	152,000000	22,430000	55,125000
135,184986	152,500000	22,420000	55,110000
135,398755	153,000000	22,420000	55,110000
135,216526	153,500000	22,420000	55,150000
135,130084	154,000000	22,420000	55,135000
135,612524	154,500000	22,420000	55,110000
135,809939	155,000000	22,420000	55,125000
135,920912	155,500000	22,420000	55,125000
135,335676	156,000000	22,420000	55,110000
136,292380	156,500000	22,420000	55,125000
136,379990	157,000000	22,420000	55,135000
136,348451	157,500000	22,420000	55,135000
136,316911	158,000000	22,430000	55,150000
136,214115	158,500000	22,420000	55,135000
136,688378	159,000000	22,420000	55,135000
136,466432	159,500000	22,420000	55,110000
136,569228	160,000000	22,430000	55,125000
136,308734	160,500000	22,420000	55,125000
136,601936	161,000000	22,420000	55,085000
136,434893	161,500000	22,420000	55,135000
135,841479	162,000000	22,420000	55,135000
136,149867	162,500000	22,420000	55,135000
136,038894	163,000000	22,420000	55,135000
136,530680	163,500000	22,420000	55,135000
136,292380	164,000000	22,420000	55,135000
136,506149	164,500000	22,420000	55,135000
136,482786	165,000000	22,410000	55,125000
136,474609	165,500000	22,420000	55,135000
136,443070	166,000000	22,420000	55,150000
136,648662	166,500000	22,420000	55,150000
137,084377	167,000000	22,420000	55,135000
136,799351	167,500000	22,420000	55,135000
136,086788	168,000000	22,410000	55,135000
136,885794	168,500000	22,420000	55,125000
136,474609	169,000000	22,420000	55,150000
136,665016	169,500000	22,420000	55,150000
136,497972	170,000000	22,410000	55,150000
136,933687	170,500000	22,420000	55,125000
136,688378	171,000000	22,410000	55,110000
137,480375	171,500000	22,420000	55,135000
137,344871	172,000000	22,420000	55,125000
137,329686	172,500000	22,420000	55,135000
137,321509	173,000000	22,420000	55,150000
137,535278	173,500000	22,420000	55,135000
137,344871	174,000000	22,420000	55,125000
136,443070	174,500000	22,420000	55,150000
137,036483	175,000000	22,420000	55,135000
136,973404	175,500000	22,420000	55,135000
136,933687	176,000000	22,420000	55,125000
137,281792	176,500000	22,420000	55,165000
137,052837	177,000000	22,420000	55,150000
137,235067	177,500000	22,420000	55,165000
136,941864	178,000000	22,420000	55,135000
137,273615	178,500000	22,420000	55,135000
137,076200	179,000000	22,420000	55,150000
137,028306	179,500000	22,420000	55,150000
137,353048	180,000000	22,430000	55,150000
137,266606	180,500000	22,420000	55,150000
137,732693	181,000000	22,430000	55,150000
137,242075	181,500000	22,420000	55,125000
137,685967	182,000000	22,420000	55,135000
137,724516	182,500000	22,420000	55,150000
137,677790	183,000000	22,420000	55,135000
137,946462	183,500000	22,420000	55,175000
137,661437	184,000000	22,420000	55,125000
137,724516	184,500000	22,420000	55,135000
137,432482	185,000000	22,420000	55,150000
136,862431	185,500000	22,410000	55,135000
136,601936	186,000000	22,420000	55,150000
136,648662	186,500000	22,420000	55,150000
136,822714	187,000000	22,420000	55,150000
137,052837	187,500000	22,420000	55,175000
137,131102	188,000000	22,420000	55,165000
137,084377	188,500000	22,420000	55,150000
137,061014	189,000000	22,420000	55,150000
137,305155	189,500000	22,420000	55,165000
137,954639	190,000000	22,420000	55,150000
137,353048	190,500000	22,420000	55,150000
137,464021	191,000000	22,420000	55,135000
138,120514	191,500000	22,410000	55,175000
138,009541	192,000000	22,420000	55,150000
137,772410	192,500000	22,420000	55,165000
137,638074	193,000000	22,410000	55,165000
137,273615	193,500000	22,420000	55,150000
137,409119	194,000000	22,400000	55,145000
137,124094	194,500000	22,420000	55,175000
136,545866	195,000000	22,420000	55,165000
136,490963	195,500000	22,410000	55,175000
136,815705	196,000000	22,420000	55,165000
136,490963	196,500000	22,420000	55,175000
137,266606	197,000000	22,420000	55,175000
137,376411	197,500000	22,420000	55,190000
137,202359	198,000000	22,420000	55,190000
137,091386	198,500000	22,420000	55,175000
137,147456	199,000000	22,420000	55,205000
137,242075	199,500000	22,420000	55,175000
137,384588	200,000000	22,420000	55,190000
137,606534	200,500000	22,410000	55,175000
137,313332	201,000000	22,410000	55,175000
137,598357	201,500000	22,420000	55,190000
137,558640	202,000000	22,410000	55,175000
137,510747	202,500000	22,420000	55,190000
137,250252	203,000000	22,420000	55,190000
137,321509	203,500000	22,420000	55,190000
137,558640	204,000000	22,420000	55,175000
137,480375	204,500000	22,420000	55,190000
137,795772	205,000000	22,420000	55,205000
137,590180	205,500000	22,420000	55,175000
137,669613	206,000000	22,420000	55,190000
137,361225	206,500000	22,420000	55,220000
137,598357	207,000000	22,410000	55,205000
138,057435	207,500000	22,420000	55,175000
137,986179	208,000000	22,430000	55,205000
136,902148	208,500000	22,420000	55,220000
137,432482	209,000000	22,420000	55,205000
138,508336	209,500000	22,420000	55,205000
138,199948	210,000000	22,410000	55,205000
138,319098	210,500000	22,410000	55,205000
138,334283	211,000000	22,410000	55,205000
138,738459	211,500000	22,420000	55,220000
139,101749	212,000000	22,410000	55,230000
138,713928	212,500000	22,410000	55,220000
138,872795	213,000000	22,430000	55,205000
138,808547	213,500000	22,420000	55,220000
138,833078	214,000000	22,410000	55,220000
138,887980	214,500000	22,420000	55,230000
138,705751	215,000000	22,410000	55,230000
138,627486	215,500000	22,420000	55,220000
138,627486	216,000000	22,420000	55,220000
139,086564	216,500000	22,420000	55,220000
139,441677	217,000000	22,420000	55,230000
139,275802	217,500000	22,420000	55,230000
139,371589	218,000000	22,420000	55,245000
138,990776	218,500000	22,420000	55,230000
139,378598	219,000000	22,420000	55,245000
139,569004	219,500000	22,420000	55,220000
139,331872	220,000000	22,410000	55,245000
139,497748	220,500000	22,420000	55,260000
139,062033	221,000000	22,420000	55,245000
139,489571	221,500000	22,410000	55,220000
139,070210	222,000000	22,420000	55,245000
139,663623	222,500000	22,430000	55,245000
139,577181	223,000000	22,420000	55,245000
138,587769	223,500000	22,420000	55,220000
139,220899	224,000000	22,410000	55,230000
138,808547	224,500000	22,420000	55,220000
138,778175	225,000000	22,420000	55,270000
139,141466	225,500000	22,420000	55,245000
138,856441	226,000000	22,420000	55,245000
139,141466	226,500000	22,410000	55,270000
139,441677	227,000000	22,410000	55,230000
139,283979	227,500000	22,420000	55,260000
139,537464	228,000000	22,420000	55,260000
139,244262	228,500000	22,420000	55,260000
138,824901	229,000000	22,420000	55,245000
138,667202	229,500000	22,400000	55,265000
138,896157	230,000000	22,420000	55,285000
139,331872	230,500000	22,420000	55,260000
139,197537	231,000000	22,420000	55,260000
138,967414	231,500000	22,420000	55,285000
139,307342	232,000000	22,420000	55,260000
139,331872	232,500000	22,410000	55,270000
139,711517	233,000000	22,420000	55,270000
139,908932	233,500000	22,410000	55,270000
139,711517	234,000000	22,420000	55,285000
140,099338	234,500000	22,420000	55,285000
139,663623	235,000000	22,420000	55,230000
140,407727	235,500000	22,420000	55,245000
140,003551	236,000000	22,420000	55,270000
139,932295	236,500000	22,420000	55,270000
139,797959	237,000000	22,410000	55,270000
139,386775	237,500000	22,420000	55,260000
140,082984	238,000000	22,420000	55,300000
140,273391	238,500000	22,420000	55,285000
140,668221	239,000000	22,420000	55,270000
140,391373	239,500000	22,420000	55,285000
140,613319	240,000000	22,420000	55,285000
140,810734	240,500000	22,420000	55,300000
140,992963	241,000000	22,420000	55,285000
140,415903	241,500000	22,420000	55,285000
140,193957	242,000000	22,420000	55,285000
140,257037	242,500000	22,420000	55,310000
140,502346	243,000000	22,410000	55,285000
140,542062	243,500000	22,410000	55,285000
140,589956	244,000000	22,410000	55,310000
140,495337	244,500000	22,420000	55,310000
140,130878	245,000000	22,410000	55,300000
140,921707	245,500000	22,430000	55,300000
140,739477	246,000000	22,420000	55,325000
140,265214	246,500000	22,420000	55,310000
140,613319	247,000000	22,410000	55,310000
140,368010	247,500000	22,420000	55,285000
140,462629	248,000000	22,420000	55,300000
139,877392	248,500000	22,420000	55,340000
140,368010	249,000000	22,410000	55,310000
140,629673	249,500000	22,420000	55,310000
140,391373	250,000000	22,420000	55,300000
140,581779	250,500000	22,430000	55,270000
140,771017	251,000000	22,420000	55,310000
140,217320	251,500000	22,420000	55,340000
140,082984	252,000000	22,430000	55,325000
140,106347	252,500000	22,410000	55,325000
140,185781	253,000000	22,420000	55,325000
140,059622	253,500000	22,430000	55,325000
140,122701	254,000000	22,420000	55,355000
140,304930	254,500000	22,420000	55,325000
140,233674	255,000000	22,410000	55,325000
140,518700	255,500000	22,420000	55,340000
140,495337	256,000000	22,430000	55,325000
140,154241	256,500000	22,420000	55,325000
140,495337	257,000000	22,420000	55,355000
140,462629	257,500000	22,410000	55,325000
140,589956	258,000000	22,420000	55,380000
140,787371	258,500000	22,420000	55,325000
140,565425	259,000000	22,420000	55,340000
140,866804	259,500000	22,420000	55,340000
140,731300	260,000000	22,420000	55,340000
140,818911	260,500000	22,430000	55,340000
141,167016	261,000000	22,410000	55,325000
141,508112	261,500000	22,430000	55,340000
142,124888	262,000000	22,420000	55,355000
141,349245	262,500000	22,420000	55,355000
141,634270	263,000000	22,420000	55,325000
142,005738	263,500000	22,420000	55,355000
141,563014	264,000000	22,420000	55,365000
140,961423	264,500000	22,420000	55,355000
141,112113	265,000000	22,420000	55,355000
141,412324	265,500000	22,420000	55,355000
141,357422	266,000000	22,420000	55,365000
141,617916	266,500000	22,420000	55,355000
141,539651	267,000000	22,420000	55,365000
141,372608	267,500000	22,420000	55,365000
140,984786	268,000000	22,420000	55,365000
140,906521	268,500000	22,420000	55,340000
141,175193	269,000000	22,420000	55,365000
141,198555	269,500000	22,420000	55,365000
141,190378	270,000000	22,420000	55,365000
141,602731	270,500000	22,420000	55,380000
141,404147	271,000000	22,420000	55,380000
141,183369	271,500000	22,420000	55,355000
141,697350	272,000000	22,420000	55,380000
140,596965	272,500000	22,420000	55,340000
141,032680	273,000000	22,420000	55,380000
140,510523	273,500000	22,420000	55,380000
140,137887	274,000000	22,420000	55,380000
140,074807	274,500000	22,420000	55,405000
140,929884	275,000000	22,420000	55,395000
140,842273	275,500000	22,420000	55,380000
141,009317	276,000000	22,420000	55,395000
140,795548	276,500000	22,420000	55,380000
140,661212	277,000000	22,410000	55,380000
140,185781	277,500000	22,420000	55,405000
140,605142	278,000000	22,410000	55,395000
140,716115	278,500000	22,420000	55,380000
141,040857	279,000000	22,420000	55,380000
141,095759	279,500000	22,410000	55,380000
141,483581	280,000000	22,430000	55,395000
141,206732	280,500000	22,420000	55,395000
141,334059	281,000000	22,420000	55,365000
141,088750	281,500000	22,430000	55,405000
141,261635	282,000000	22,420000	55,395000
141,103936	282,500000	22,420000	55,395000
140,629673	283,000000	22,420000	55,380000
140,676398	283,500000	22,420000	55,435000
140,914698	284,000000	22,420000	55,435000
140,462629	284,500000	22,420000	55,405000
141,167016	285,000000	22,420000	55,435000
141,049034	285,500000	22,420000	55,435000
140,779194	286,000000	22,420000	55,420000
141,024503	286,500000	22,420000	55,435000
140,810734	287,000000	22,420000	55,420000
140,431089	287,500000	22,430000	55,450000
140,589956	288,000000	22,420000	55,405000
141,158839	288,500000	22,420000	55,435000
141,158839	289,000000	22,420000	55,420000
141,546660	289,500000	22,420000	55,435000
142,085171	290,000000	22,430000	55,420000
141,887756	290,500000	22,420000	55,435000
141,745243	291,000000	22,420000	55,420000
141,753420	291,500000	22,410000	55,475000
141,831685	292,000000	22,420000	55,460000
142,370197	292,500000	22,420000	55,450000
141,680996	293,000000	22,420000	55,475000
141,680996	293,500000	22,420000	55,450000
142,133065	294,000000	22,430000	55,450000
141,395970	294,500000	22,420000	55,435000
141,198555	295,000000	22,420000	55,435000
140,898344	295,500000	22,430000	55,450000
141,190378	296,000000	22,420000	55,475000
140,589956	296,500000	22,420000	55,460000
140,368010	297,000000	22,430000	55,460000
140,344647	297,500000	22,420000	55,460000
140,518700	298,000000	22,420000	55,460000
140,439266	298,500000	22,420000	55,435000
140,676398	299,000000	22,420000	55,460000
140,550239	299,500000	22,420000	55,475000
141,286166	300,000000	22,420000	55,460000
140,921707	300,500000	22,420000	55,420000
140,747654	301,000000	22,420000	55,475000
141,088750	301,500000	22,430000	55,460000
141,428678	302,000000	22,420000	55,490000
141,372608	302,500000	22,420000	55,475000
141,112113	303,000000	22,420000	55,475000
140,938061	303,500000	22,420000	55,450000
140,510523	304,000000	22,420000	55,490000
140,898344	304,500000	22,420000	55,490000
141,380785	305,000000	22,420000	55,505000
141,737066	305,500000	22,420000	55,505000
141,341068	306,000000	22,420000	55,460000
141,395970	306,500000	22,420000	55,490000
141,286166	307,000000	22,420000	55,490000
141,720712	307,500000	22,420000	55,460000
141,617916	308,000000	22,420000	55,490000
141,294342	308,500000	22,420000	55,490000
141,364431	309,000000	22,420000	55,505000
141,120290	309,500000	22,430000	55,490000
141,452041	310,000000	22,420000	55,505000
141,554837	310,500000	22,420000	55,475000
141,800146	311,000000	22,420000	55,505000
141,317705	311,500000	22,420000	55,515000
140,739477	312,000000	22,420000	55,475000
140,177604	312,500000	22,420000	55,490000
140,525708	313,000000	22,420000	55,515000
140,835265	313,500000	22,420000	55,515000
140,818911	314,000000	22,420000	55,515000
140,716115	314,500000	22,420000	55,490000
140,795548	315,000000	22,420000	55,505000
140,487160	315,500000	22,420000	55,515000
139,743057	316,000000	22,420000	55,530000
139,449854	316,500000	22,420000	55,530000
139,640261	317,000000	22,420000	55,515000
139,592367	317,500000	22,420000	55,530000
139,173006	318,000000	22,420000	55,530000
138,983768	318,500000	22,420000	55,515000
139,473217	319,000000	22,420000	55,545000
139,227908	319,500000	22,420000	55,515000
139,600544	320,000000	22,420000	55,530000
140,011728	320,500000	22,420000	55,515000
140,170595	321,000000	22,420000	55,530000
139,647269	321,500000	22,420000	55,505000
139,632084	322,000000	22,420000	55,505000
139,956826	322,500000	22,420000	55,545000
140,311939	323,000000	22,410000	55,515000
139,703340	323,500000	22,420000	55,530000
140,114524	324,000000	22,430000	55,545000
140,288577	324,500000	22,420000	55,515000
140,731300	325,000000	22,420000	55,545000
140,470806	325,500000	22,420000	55,545000
140,137887	326,000000	22,420000	55,545000
140,146064	326,500000	22,420000	55,555000
139,647269	327,000000	22,420000	55,545000
139,577181	327,500000	22,420000	55,545000
140,447443	328,000000	22,420000	55,545000
140,359833	328,500000	22,420000	55,545000
139,980188	329,000000	22,420000	55,585000
140,028082	329,500000	22,420000	55,570000
139,489571	330,000000	22,430000	55,570000
140,003551	330,500000	22,420000	55,570000
139,996542	331,000000	22,420000	55,570000
139,623907	331,500000	22,420000	55,545000
139,283979	332,000000	22,420000	55,555000
139,577181	332,500000	22,420000	55,555000
139,814313	333,000000	22,420000	55,570000
139,877392	333,500000	22,420000	55,585000
139,655446	334,000000	22,420000	55,585000
139,529288	334,500000	22,420000	55,545000
139,552650	335,000000	22,420000	55,585000
139,458031	335,500000	22,420000	55,585000
139,521111	336,000000	22,420000	55,585000
139,806136	336,500000	22,420000	55,555000
139,640261	337,000000	22,420000	55,585000
140,082984	337,500000	22,420000	55,555000
140,210311	338,000000	22,430000	55,585000
141,135476	338,500000	22,420000	55,610000
140,495337	339,000000	22,420000	55,570000
140,359833	339,500000	22,420000	55,585000
140,241851	340,000000	22,420000	55,585000
140,431089	340,500000	22,420000	55,625000
140,265214	341,000000	22,420000	55,585000
140,311939	341,500000	22,420000	55,600000
140,091161	342,000000	22,420000	55,585000
139,900755	342,500000	22,420000	55,625000
140,202134	343,000000	22,420000	55,625000
140,470806	343,500000	22,430000	55,600000
140,359833	344,000000	22,430000	55,610000
140,082984	344,500000	22,430000	55,640000
139,917109	345,000000	22,420000	55,625000
140,248860	345,500000	22,430000	55,610000
139,940472	346,000000	22,420000	55,625000
139,686986	346,500000	22,420000	55,610000
139,877392	347,000000	22,420000	55,640000
140,518700	347,500000	22,420000	55,625000
140,613319	348,000000	22,420000	55,610000
141,024503	348,500000	22,420000	55,640000
140,636681	349,000000	22,420000	55,640000
140,487160	349,500000	22,430000	55,610000
140,422912	350,000000	22,420000	55,625000
140,613319	350,500000	22,420000	55,650000
140,273391	351,000000	22,420000	55,665000
139,988365	351,500000	22,420000	55,640000
140,810734	352,000000	22,420000	55,640000
140,351656	352,500000	22,430000	55,640000
140,755831	353,000000	22,420000	55,665000
140,810734	353,500000	22,420000	55,640000
141,080573	354,000000	22,420000	55,640000
141,206732	354,500000	22,420000	55,640000
140,992963	355,000000	22,430000	55,650000
141,095759	355,500000	22,420000	55,650000
140,803725	356,000000	22,430000	55,640000
141,570023	356,500000	22,430000	55,640000
140,961423	357,000000	22,420000	55,650000
140,835265	357,500000	22,430000	55,650000
141,395970	358,000000	22,420000	55,680000
140,992963	358,500000	22,420000	55,665000
141,206732	359,000000	22,420000	55,650000
140,707938	359,500000	22,420000	55,650000
140,827088	360,000000	22,430000	55,650000
140,668221	360,500000	22,420000	55,680000
140,455620	361,000000	22,420000	55,640000
140,644858	361,500000	22,420000	55,665000
140,707938	362,000000	22,420000	55,665000
140,328293	362,500000	22,420000	55,680000
140,177604	363,000000	22,420000	55,705000
140,455620	363,500000	22,420000	55,680000
140,344647	364,000000	22,420000	55,665000
140,273391	364,500000	22,430000	55,680000
140,336470	365,000000	22,420000	55,690000
140,684575	365,500000	22,420000	55,680000
140,177604	366,000000	22,430000	55,680000
140,518700	366,500000	22,420000	55,690000
140,716115	367,000000	22,420000	55,690000
140,953246	367,500000	22,430000	55,680000
140,992963	368,000000	22,420000	55,705000
140,487160	368,500000	22,420000	55,705000
141,095759	369,000000	22,430000	55,690000
141,198555	369,500000	22,420000	55,690000
140,906521	370,000000	22,430000	55,690000
140,929884	370,500000	22,420000	55,705000
140,581779	371,000000	22,420000	55,720000
140,288577	371,500000	22,420000	55,705000
140,644858	372,000000	22,420000	55,735000
140,661212	372,500000	22,420000	55,735000
140,835265	373,000000	22,430000	55,720000
140,462629	373,500000	22,420000	55,705000
140,328293	374,000000	22,420000	55,690000
140,130878	374,500000	22,420000	55,735000
140,137887	375,000000	22,420000	55,720000
140,906521	375,500000	22,420000	55,720000
141,024503	376,000000	22,430000	55,735000
141,206732	376,500000	22,430000	55,735000
140,881990	377,000000	22,420000	55,735000
140,969600	377,500000	22,420000	55,720000
141,531474	378,000000	22,420000	55,720000
141,483581	378,500000	22,420000	55,705000
141,230095	379,000000	22,420000	55,735000
141,286166	379,500000	22,420000	55,705000
140,992963	380,000000	22,420000	55,705000
141,254626	380,500000	22,420000	55,705000
140,945070	381,000000	22,430000	55,735000
140,827088	381,500000	22,420000	55,750000
140,938061	382,000000	22,430000	55,750000
141,269812	382,500000	22,420000	55,735000
140,779194	383,000000	22,430000	55,735000
140,771017	383,500000	22,420000	55,760000
140,462629	384,000000	22,420000	55,750000
140,185781	384,500000	22,420000	55,750000
140,114524	385,000000	22,420000	55,750000
140,170595	385,500000	22,430000	55,750000
139,552650	386,000000	22,420000	55,750000
140,019905	386,500000	22,430000	55,750000
140,210311	387,000000	22,430000	55,750000
139,845853	387,500000	22,430000	55,735000
139,537464	388,000000	22,420000	55,760000
139,655446	388,500000	22,420000	55,775000
139,386775	389,000000	22,430000	55,800000
139,466208	389,500000	22,420000	55,775000
139,433500	390,000000	22,420000	55,735000
139,908932	390,500000	22,420000	55,760000
139,647269	391,000000	22,420000	55,760000
139,679977	391,500000	22,420000	55,775000
139,133289	392,000000	22,420000	55,760000
139,552650	392,500000	22,420000	55,760000
139,441677	393,000000	22,420000	55,775000
139,743057	393,500000	22,420000	55,785000
139,869215	394,000000	22,420000	55,760000
139,600544	394,500000	22,420000	55,775000
139,386775	395,000000	22,420000	55,760000
139,109926	395,500000	22,420000	55,760000
139,441677	396,000000	22,420000	55,785000
139,632084	396,500000	22,420000	55,785000
139,671800	397,000000	22,430000	55,750000
139,544473	397,500000	22,420000	55,775000
139,426491	398,000000	22,430000	55,775000
139,512934	398,500000	22,420000	55,785000
139,481394	399,000000	22,420000	55,800000
139,315518	399,500000	22,420000	55,760000
139,338881	400,000000	22,420000	55,775000
139,292156	400,500000	22,420000	55,785000
139,227908	401,000000	22,430000	55,800000
139,758242	401,500000	22,420000	55,800000
139,118103	402,000000	22,420000	55,800000
139,133289	402,500000	22,420000	55,785000
139,109926	403,000000	22,420000	55,785000
138,611132	403,500000	22,420000	55,785000
138,840087	404,000000	22,420000	55,775000
138,667202	404,500000	22,420000	55,800000
138,927697	405,000000	22,420000	55,815000
138,698742	405,500000	22,420000	55,800000
139,078387	406,000000	22,420000	55,815000
139,371589	406,500000	22,430000	55,815000
139,497748	407,000000	22,420000	55,785000
139,307342	407,500000	22,420000	55,785000
139,323695	408,000000	22,430000	55,825000
138,587769	408,500000	22,420000	55,800000
139,118103	409,000000	22,420000	55,840000
138,998953	409,500000	22,420000	55,815000
139,252439	410,000000	22,420000	55,800000
139,703340	410,500000	22,420000	55,825000
139,433500	411,000000	22,430000	55,815000
139,141466	411,500000	22,420000	55,840000
139,014139	412,000000	22,420000	55,815000
138,682388	412,500000	22,430000	55,815000
138,753645	413,000000	22,430000	55,825000
138,975591	413,500000	22,430000	55,825000
139,505925	414,000000	22,420000	55,825000
139,925286	414,500000	22,420000	55,825000
139,307342	415,000000	22,420000	55,840000
138,983768	415,500000	22,420000	55,840000
139,197537	416,000000	22,420000	55,840000
139,244262	416,500000	22,430000	55,840000
138,722105	417,000000	22,420000	55,855000
138,824901	417,500000	22,420000	55,825000
138,801538	418,000000	22,420000	55,840000
138,674211	418,500000	22,420000	55,840000
138,927697	419,000000	22,420000	55,840000
138,833078	419,500000	22,420000	55,840000
138,801538	420,000000	22,420000	55,870000
139,236085	420,500000	22,420000	55,840000
139,275802	421,000000	22,430000	55,870000
139,118103	421,500000	22,420000	55,840000
139,758242	422,000000	22,420000	55,870000
139,489571	422,500000	22,420000	55,855000
139,315518	423,000000	22,420000	55,870000
139,505925	423,500000	22,420000	55,870000
139,164829	424,000000	22,420000	55,855000
138,730282	424,500000	22,420000	55,885000
138,097152	425,000000	22,420000	55,840000
139,046847	425,500000	22,420000	55,870000
138,959237	426,000000	22,430000	55,855000
138,674211	426,500000	22,420000	55,855000
138,674211	427,000000	22,420000	55,870000
138,571415	427,500000	22,430000	55,885000
138,808547	428,000000	22,420000	55,885000
139,512934	428,500000	22,420000	55,870000
139,101749	429,000000	22,420000	55,885000
139,046847	429,500000	22,420000	55,885000
139,663623	430,000000	22,440000	55,885000
139,892578	430,500000	22,430000	55,885000
140,154241	431,000000	22,430000	55,870000
139,512934	431,500000	22,420000	55,885000
140,137887	432,000000	22,420000	55,870000
139,845853	432,500000	22,420000	55,885000
140,241851	433,000000	22,420000	55,895000
140,162418	433,500000	22,420000	55,895000
139,283979	434,000000	22,420000	55,895000
139,299165	434,500000	22,420000	55,895000
139,386775	435,000000	22,420000	55,895000
139,679977	435,500000	22,430000	55,895000
140,137887	436,000000	22,420000	55,895000
140,391373	436,500000	22,420000	55,925000
140,146064	437,000000	22,420000	55,910000
140,067799	437,500000	22,420000	55,895000
140,257037	438,000000	22,420000	55,910000
139,529288	438,500000	22,420000	55,895000
140,106347	439,000000	22,430000	55,895000
139,449854	439,500000	22,430000	55,925000
139,900755	440,000000	22,420000	55,910000
139,418315	440,500000	22,420000	55,925000
140,137887	441,000000	22,420000	55,935000
139,814313	441,500000	22,430000	55,935000
139,592367	442,000000	22,430000	55,935000
139,854030	442,500000	22,430000	55,925000
139,481394	443,000000	22,420000	55,935000
139,014139	443,500000	22,420000	55,925000
139,125112	444,000000	22,420000	55,950000
139,197537	444,500000	22,420000	55,935000
139,338881	445,000000	22,420000	55,950000
138,761822	445,500000	22,430000	55,925000
138,833078	446,000000	22,420000	55,925000
138,769999	446,500000	22,420000	55,950000
138,556229	447,000000	22,420000	55,965000
139,171838	447,500000	22,420000	55,935000
138,460442	448,000000	22,420000	55,965000
138,738459	448,500000	22,430000	55,950000
138,698742	449,000000	22,430000	55,965000
138,594778	449,500000	22,420000	55,950000
138,738459	450,000000	22,430000	55,935000
138,808547	450,500000	22,430000	55,925000
138,334283	451,000000	22,430000	55,950000
138,904334	451,500000	22,430000	55,965000
138,801538	452,000000	22,430000	55,925000
138,389186	452,500000	22,430000	55,965000
138,382177	453,000000	22,430000	55,965000
138,690565	453,500000	22,420000	55,935000
138,579592	454,000000	22,430000	55,950000
138,152054	454,500000	22,420000	55,965000
138,587769	455,000000	22,420000	55,935000
138,500159	455,500000	22,430000	55,965000
138,548052	456,000000	22,420000	55,935000
138,753645	456,500000	22,430000	55,965000
138,730282	457,000000	22,430000	55,975000
138,160231	457,500000	22,420000	55,975000
138,484973	458,000000	22,420000	55,965000
138,183594	458,500000	22,420000	55,990000
138,097152	459,000000	22,430000	55,965000
138,152054	459,500000	22,420000	55,965000
138,183594	460,000000	22,420000	55,950000
137,938285	460,500000	22,420000	55,975000
138,263027	461,000000	22,420000	55,950000
138,145045	461,500000	22,420000	55,950000
138,508336	462,000000	22,420000	55,950000
138,145045	462,500000	22,420000	55,975000
138,271204	463,000000	22,420000	56,020000
138,587769	463,500000	22,430000	55,975000
138,634495	464,000000	22,420000	55,990000
139,283979	464,500000	22,420000	55,990000
139,315518	465,000000	22,430000	55,990000
138,935874	465,500000	22,420000	55,975000
138,879803	466,000000	22,430000	55,965000
139,078387	466,500000	22,430000	55,990000
139,244262	467,000000	22,430000	55,990000
139,814313	467,500000	22,420000	55,975000
139,410138	468,000000	22,430000	55,990000
139,292156	468,500000	22,430000	55,990000
138,959237	469,000000	22,420000	55,975000
138,856441	469,500000	22,420000	55,975000
138,382177	470,000000	22,420000	55,990000
138,500159	470,500000	22,430000	55,990000
138,160231	471,000000	22,420000	56,005000
138,294567	471,500000	22,420000	55,990000
138,539876	472,000000	22,420000	56,005000
138,365823	472,500000	22,430000	55,990000
138,168408	473,000000	22,420000	56,020000
138,145045	473,500000	22,430000	56,005000
138,199948	474,000000	22,420000	56,005000
138,437079	474,500000	22,430000	56,005000
137,883383	475,000000	22,430000	55,990000
138,389186	475,500000	22,420000	56,020000
138,208125	476,000000	22,420000	56,005000
138,785184	476,500000	22,420000	55,990000
138,382177	477,000000	22,420000	55,990000
138,476796	477,500000	22,420000	56,005000
138,088975	478,000000	22,420000	56,020000
138,168408	478,500000	22,420000	56,020000
138,105329	479,000000	22,430000	56,020000
138,420726	479,500000	22,420000	56,030000
138,215133	480,000000	22,430000	56,005000
138,294567	480,500000	22,420000	56,005000
137,883383	481,000000	22,420000	56,020000
138,160231	481,500000	22,430000	56,005000
138,271204	482,000000	22,430000	56,030000
137,891560	482,500000	22,420000	56,020000
138,105329	483,000000	22,430000	56,005000
138,524690	483,500000	22,430000	56,030000
137,709330	484,000000	22,420000	56,005000
138,493150	484,500000	22,420000	56,030000
138,183594	485,000000	22,430000	56,045000
138,223310	485,500000	22,420000	56,030000
138,105329	486,000000	22,420000	56,045000
138,310921	486,500000	22,430000	56,070000
138,587769	487,000000	22,430000	56,060000
138,112337	487,500000	22,420000	56,045000
138,145045	488,000000	22,420000	56,045000
138,358814	488,500000	22,430000	56,005000
138,247841	489,000000	22,420000	56,030000
138,382177	489,500000	22,420000	56,030000
137,717507	490,000000	22,430000	56,045000
137,764233	490,500000	22,420000	56,070000
138,009541	491,000000	22,420000	56,030000
137,740870	491,500000	22,430000	56,060000
137,550464	492,000000	22,420000	56,045000
138,120514	492,500000	22,420000	56,060000
138,097152	493,000000	22,420000	56,030000
137,717507	493,500000	22,420000	56,030000
138,168408	494,000000	22,430000	56,020000
137,669613	494,500000	22,420000	56,060000
137,724516	495,000000	22,420000	56,030000
137,566817	495,500000	22,420000	56,060000
137,447667	496,000000	22,420000	56,060000
137,495561	496,500000	22,430000	56,045000
137,107740	497,000000	22,430000	56,060000
136,736272	497,500000	22,430000	56,100000
136,396344	498,000000	22,430000	56,070000
136,388167	498,500000	22,420000	56,070000
136,562220	499,000000	22,430000	56,060000
136,839068	499,500000	22,420000	56,060000
136,751458	500,000000	22,420000	56,070000
137,281792	500,500000	22,430000	56,085000
137,147456	501,000000	22,430000	56,045000
137,170819	501,500000	22,420000	56,100000
137,376411	502,000000	22,440000	56,085000
137,210536	502,500000	22,430000	56,070000
137,432482	503,000000	22,420000	56,070000
137,558640	503,500000	22,430000	56,070000
137,258429	504,000000	22,420000	56,085000
137,400942	504,500000	22,430000	56,060000
137,329686	505,000000	22,420000	56,100000
137,447667	505,500000	22,430000	56,085000
137,518924	506,000000	22,420000	56,085000
137,250252	506,500000	22,420000	56,085000
137,646251	507,000000	22,430000	56,100000
137,392765	507,500000	22,420000	56,100000
137,906745	508,000000	22,420000	56,070000
137,669613	508,500000	22,430000	56,085000
137,242075	509,000000	22,420000	56,100000
137,749047	509,500000	22,420000	56,100000
137,598357	510,000000	22,430000	56,125000
137,661437	510,500000	22,430000	56,085000
137,432482	511,000000	22,420000	56,060000
137,464021	511,500000	22,430000	56,110000
137,226890	512,000000	22,430000	56,125000
137,685967	512,500000	22,420000	56,110000
137,510747	513,000000	22,430000	56,070000
137,361225	513,500000	22,420000	56,110000
137,329686	514,000000	22,420000	56,125000
137,013121	514,500000	22,430000	56,110000
136,601936	515,000000	22,420000	56,110000
137,543455	515,500000	22,420000	56,110000
137,084377	516,000000	22,430000	56,140000
137,155633	516,500000	22,430000	56,110000
137,162642	517,000000	22,430000	56,140000
137,250252	517,500000	22,420000	56,125000
137,717507	518,000000	22,430000	56,110000
137,321509	518,500000	22,430000	56,125000
137,646251	519,000000	22,420000	56,110000
137,170819	519,500000	22,420000	56,100000
137,218713	520,000000	22,420000	56,110000
137,313332	520,500000	22,420000	56,110000
137,369402	521,000000	22,420000	56,110000
137,409119	521,500000	22,420000	56,100000
137,036483	522,000000	22,420000	56,140000
137,472198	522,500000	22,430000	56,085000
137,574994	523,000000	22,420000	56,125000
137,717507	523,500000	22,430000	56,125000
137,226890	524,000000	22,430000	56,110000
137,218713	524,500000	22,420000	56,125000
137,250252	525,000000	22,420000	56,125000
137,187173	525,500000	22,430000	56,110000
136,782998	526,000000	22,430000	56,125000
137,455844	526,500000	22,430000	56,140000
137,178996	527,000000	22,430000	56,125000
136,870608	527,500000	22,430000	56,155000
137,558640	528,000000	22,420000	56,140000
137,400942	528,500000	22,430000	56,140000
137,510747	529,000000	22,430000	56,140000
137,021297	529,500000	22,430000	56,125000
136,782998	530,000000	22,430000	56,140000
136,893971	530,500000	22,420000	56,170000
137,124094	531,000000	22,420000	56,110000
136,815705	531,500000	22,430000	56,140000
136,981581	532,000000	22,420000	56,170000
136,996767	532,500000	22,420000	56,140000
136,680201	533,000000	22,420000	56,140000
136,482786	533,500000	22,430000	56,140000
136,363636	534,000000	22,430000	56,155000
136,118328	534,500000	22,430000	56,125000
136,981581	535,000000	22,430000	56,140000
136,696555	535,500000	22,420000	56,110000
136,719918	536,000000	22,430000	56,140000
136,893971	536,500000	22,430000	56,140000
136,434893	537,000000	22,430000	56,155000
136,197761	537,500000	22,420000	56,140000
136,316911	538,000000	22,420000	56,155000
136,300557	538,500000	22,430000	56,195000
136,214115	539,000000	22,420000	56,155000
135,715320	539,500000	22,420000	56,180000
136,008523	540,000000	22,430000	56,180000
135,944275	540,500000	22,430000	56,180000
135,256243	541,000000	22,430000	56,180000
134,947854	541,500000	22,430000	56,180000
135,557622	542,000000	22,420000	56,170000
135,359039	542,500000	22,430000	56,170000
135,367216	543,000000	22,420000	56,155000
135,445481	543,500000	22,430000	56,170000
135,248066	544,000000	22,420000	56,170000
135,698966	544,500000	22,430000	56,180000
135,929089	545,000000	22,430000	56,195000
136,214115	545,500000	22,420000	56,180000
136,047071	546,000000	22,430000	56,180000
136,379990	546,500000	22,430000	56,170000
136,474609	547,000000	22,430000	56,195000
136,252663	547,500000	22,430000	56,170000
135,453658	548,000000	22,430000	56,195000
135,319322	548,500000	22,420000	56,180000
135,098544	549,000000	22,420000	56,195000
134,725908	549,500000	22,430000	56,180000
134,924492	550,000000	22,430000	56,180000
134,520316	550,500000	22,430000	56,210000
134,599750	551,000000	22,430000	56,180000
135,042473	551,500000	22,430000	56,195000
134,853235	552,000000	22,420000	56,180000
135,272596	552,500000	22,420000	56,210000
135,359039	553,000000	22,430000	56,195000
135,406932	553,500000	22,430000	56,180000
135,382401	554,000000	22,430000	56,180000
134,939677	554,500000	22,430000	56,195000
134,583396	555,000000	22,420000	56,180000
134,654652	555,500000	22,430000	56,195000
134,029699	556,000000	22,430000	56,195000
134,417520	556,500000	22,430000	56,180000
134,568210	557,000000	22,420000	56,210000
134,749271	557,500000	22,430000	56,210000
134,734085	558,000000	22,430000	56,195000
135,010934	558,500000	22,420000	56,180000
135,224703	559,000000	22,430000	56,180000
134,939677	559,500000	22,420000	56,210000
135,350862	560,000000	22,420000	56,195000
135,161623	560,500000	22,430000	56,220000
134,741094	561,000000	22,420000	56,195000
135,137093	561,500000	22,430000	56,195000
135,145270	562,000000	22,430000	56,195000
134,836881	562,500000	22,430000	56,210000
135,319322	563,000000	22,430000	56,180000
135,010934	563,500000	22,430000	56,180000
135,193163	564,000000	22,420000	56,220000
134,845058	564,500000	22,430000	56,210000
135,264419	565,000000	22,430000	56,195000
135,168632	565,500000	22,430000	56,220000
134,924492	566,000000	22,430000	56,220000
134,979394	566,500000	22,420000	56,235000
135,074013	567,000000	22,420000	56,210000
134,876598	567,500000	22,430000	56,210000
134,813519	568,000000	22,430000	56,195000
134,836881	568,500000	22,420000	56,210000
135,461835	569,000000	22,420000	56,210000
135,137093	569,500000	22,420000	56,210000
134,884775	570,000000	22,420000	56,195000
134,845058	570,500000	22,420000	56,220000
135,438472	571,000000	22,430000	56,195000
135,485197	571,500000	22,420000	56,210000
135,279605	572,000000	0,040000	0,030000
135,010934	572,500000	427,440000	207,560000
134,686192	573,000000	488,930000	0,000000
135,065836	573,500000	488,350000	0,000000
134,686192	574,000000	488,350000	0,000000
134,654652	574,500000	487,530000	0,000000
134,433874	575,000000	488,350000	0,000000
134,449060	575,500000	488,930000	0,000000
134,543679	576,000000	488,930000	0,000000
134,931500	576,500000	488,350000	0,000000
134,440883	577,000000	488,930000	0,000000
135,200172	577,500000	487,530000	0,000000
134,899961	578,000000	488,350000	0,000000
134,671006	578,500000	489,390000	0,000000
134,679183	579,000000	487,530000	0,000000
135,019111	579,500000	488,350000	0,000000
135,239889	580,000000	488,140000	0,000000
135,176809	580,500000	488,930000	0,000000
135,350862	581,000000	489,390000	0,000000
135,176809	581,500000	0,000000	0,000000
135,327499	582,000000	0,000000	0,000000
135,145270	582,500000	1,230000	163,915000
135,161623	583,000000	1,230000	163,915000
135,327499	583,500000	1,230000	163,915000
134,931500	584,000000	1,230000	163,915000
134,987571	584,500000	1,230000	163,915000
135,105553	585,000000	1,230000	163,915000
134,465414	585,500000	1,230000	163,915000
134,575219	586,000000	1,230000	163,915000
134,496953	586,500000	1,230000	163,915000
134,884775	587,000000	1,230000	163,915000
134,401166	587,500000	1,230000	163,915000
134,180388	588,000000	1,230000	163,915000
134,275007	588,500000	1,230000	163,915000
134,725908	589,000000	1,230000	163,915000
134,132495	589,500000	1,230000	163,915000
134,251645	590,000000	1,230000	163,915000
134,385980	590,500000	1,230000	163,915000
134,124318	591,000000	1,230000	163,915000
134,298370	591,500000	1,230000	163,915000
134,614935	592,000000	1,230000	163,915000
135,184986	592,500000	1,230000	163,915000
134,876598	593,000000	1,230000	163,915000
134,417520	593,500000	1,230000	163,915000
134,512139	594,000000	1,230000	163,915000
133,966619	594,500000	1,230000	163,915000
133,776213	595,000000	1,230000	163,915000
133,467825	595,500000	1,230000	163,915000
133,768036	596,000000	1,230000	163,915000
133,895363	596,500000	1,230000	163,915000
133,618515	597,000000	1,230000	163,915000
133,665240	597,500000	1,230000	163,915000
133,926903	598,000000	1,230000	163,915000
133,522727	598,500000	1,230000	163,915000
133,373206	599,000000	1,230000	163,915000
133,063649	599,500000	1,230000	163,915000
132,787969	600,000000	1,230000	163,915000
132,962022	600,500000	1,230000	163,915000
132,945668	601,000000	1,230000	163,915000
132,977207	601,500000	1,230000	163,915000
132,985384	602,000000	1,230000	163,915000
132,644288	602,500000	1,230000	163,915000
133,230693	603,000000	1,230000	163,915000
132,929314	603,500000	1,230000	163,915000
132,676996	604,000000	1,230000	163,915000
132,383794	604,500000	1,230000	163,915000
132,771615	605,000000	1,230000	163,915000
133,317135	605,500000	1,230000	163,915000
132,842872	606,000000	1,230000	163,915000
132,771615	606,500000	1,230000	163,915000
133,333489	607,000000	1,230000	163,915000
133,071826	607,500000	1,230000	163,915000
132,629102	608,000000	1,230000	163,915000
133,388392	608,500000	1,230000	163,915000
132,851049	609,000000	1,230000	163,915000
133,119720	609,500000	1,230000	163,915000
133,373206	610,000000	1,230000	163,915000
132,874411	610,500000	1,230000	163,915000
133,285595	611,000000	1,230000	163,915000
133,222516	611,500000	1,230000	163,915000
133,341666	612,000000	1,230000	163,915000
133,001738	612,500000	1,230000	163,915000
132,811332	613,000000	1,230000	163,915000
133,190976	613,500000	1,230000	163,915000
133,530904	614,000000	1,230000	163,915000
133,610338	614,500000	1,230000	163,915000
133,736496	615,000000	1,230000	163,915000
133,207330	615,500000	1,230000	163,915000
133,530904	616,000000	1,230000	163,915000
132,945668	616,500000	1,230000	163,915000
133,333489	617,000000	1,230000	163,915000
133,618515	617,500000	1,230000	163,915000
133,063649	618,000000	1,230000	163,915000
133,381383	618,500000	1,230000	163,915000
133,381383	619,000000	1,230000	163,915000
133,174622	619,500000	1,230000	163,915000
133,001738	620,000000	1,230000	163,915000
132,755261	620,500000	1,230000	163,915000
133,056641	621,000000	1,230000	163,915000
132,969030	621,500000	1,230000	163,915000
133,001738	622,000000	1,230000	163,915000
133,056641	622,500000	1,230000	163,915000
133,325312	623,000000	1,230000	163,915000
133,421099	623,500000	1,230000	163,915000
133,167614	624,000000	1,230000	163,915000
133,333489	624,500000	1,230000	163,915000
132,723722	625,000000	1,230000	163,915000
133,199153	625,500000	1,230000	163,915000
133,008747	626,000000	1,230000	163,915000
132,740076	626,500000	1,230000	163,915000
131,964433	627,000000	1,230000	163,915000
133,063649	627,500000	1,230000	163,915000
132,297352	628,000000	1,230000	163,915000
131,987795	628,500000	1,230000	163,915000
132,368608	629,000000	1,230000	163,915000
132,509953	629,500000	1,230000	163,915000
131,964433	630,000000	1,230000	163,915000
131,592965	630,500000	358,790000	245,970000
132,407156	631,000000	5,560000	0,115000
132,423510	631,500000	5,560000	0,115000
132,518129	632,000000	5,560000	0,115000
132,692182	632,500000	5,550000	0,115000
132,637279	633,000000	5,560000	0,115000
133,136074	633,500000	5,560000	0,115000
132,905951	634,000000	5,560000	0,115000
133,262233	634,500000	5,550000	0,115000
133,341666	635,000000	5,560000	0,115000
133,199153	635,500000	5,560000	0,115000
132,905951	636,000000	5,560000	0,115000
132,818341	636,500000	5,560000	0,115000
133,063649	637,000000	5,560000	0,115000
133,404745	637,500000	5,560000	0,115000
132,937491	638,000000	5,560000	0,115000
132,542660	638,500000	5,550000	0,115000
132,106945	639,000000	5,560000	0,115000
132,612749	639,500000	0,000000	3,170000
132,209741	640,000000	363,710000	156,715000
132,209741	640,500000	363,710000	156,715000
131,861637	641,000000	363,710000	156,715000
132,241281	641,500000	363,710000	156,715000
132,463227	642,000000	363,710000	156,715000
132,660642	642,500000	363,710000	156,715000
132,566023	643,000000	363,710000	156,715000
132,257635	643,500000	363,710000	156,715000
132,035689	644,000000	363,710000	156,715000
132,644288	644,500000	363,710000	156,715000
132,431687	645,000000	363,710000	156,715000
132,716713	645,500000	363,710000	156,715000
132,826518	646,000000	363,710000	156,715000
133,207330	646,500000	363,710000	156,715000
132,897774	647,000000	363,710000	156,715000
132,470236	647,500000	5,350000	8,745000
132,676996	648,000000	5,350000	8,745000
132,360431	648,500000	5,350000	8,745000
132,470236	649,000000	5,350000	8,745000
132,304360	649,500000	5,350000	8,745000
131,386205	650,000000	5,350000	8,745000
132,415333	650,500000	5,350000	8,745000
132,407156	651,000000	5,350000	8,745000
131,695761	651,500000	5,350000	8,745000
131,386205	652,000000	5,350000	8,745000
131,608151	652,500000	5,350000	8,745000
131,861637	653,000000	5,350000	8,745000
131,473815	653,500000	5,350000	8,745000
131,362842	654,000000	5,350000	8,745000
131,647867	654,500000	5,350000	8,745000
130,943481	655,000000	5,350000	8,745000
131,054454	655,500000	5,350000	8,745000
131,465638	656,000000	5,350000	8,745000
131,656044	656,500000	5,350000	8,745000
131,584788	657,000000	5,350000	8,745000
131,490169	657,500000	5,350000	8,745000
131,276400	658,000000	5,350000	8,745000
131,553248	658,500000	5,350000	8,745000
131,710947	659,000000	5,350000	8,745000
131,497178	659,500000	5,350000	8,745000
131,671230	660,000000	5,350000	8,745000
131,576611	660,500000	5,350000	8,745000
131,536894	661,000000	5,350000	8,745000
131,703938	661,500000	5,350000	8,745000
131,481992	662,000000	5,350000	8,745000
131,410736	662,500000	5,350000	8,745000
131,599974	663,000000	5,350000	8,745000
131,212152	663,500000	5,350000	8,745000
131,434098	664,000000	5,350000	8,745000
131,140896	664,500000	5,350000	8,745000
131,244860	665,000000	5,350000	8,745000
130,951658	665,500000	5,350000	8,745000
131,949247	666,000000	5,350000	8,745000
131,442275	666,500000	5,350000	8,745000
131,656044	667,000000	5,350000	8,745000
131,758840	667,500000	5,350000	8,745000
131,639690	668,000000	5,350000	8,745000
131,901353	668,500000	5,350000	8,745000
132,043866	669,000000	5,350000	8,745000
131,782203	669,500000	5,350000	8,745000
131,386205	670,000000	5,350000	8,745000
131,758840	670,500000	5,350000	8,745000
131,568434	671,000000	5,350000	8,745000
131,188790	671,500000	5,350000	8,745000
131,101179	672,000000	5,350000	8,745000
130,532297	672,500000	5,350000	8,745000
131,006560	673,000000	5,350000	8,745000
131,307940	673,500000	5,350000	8,745000
130,809145	674,000000	5,350000	8,745000
131,101179	674,500000	5,350000	8,745000
130,580190	675,000000	5,350000	8,745000
131,314948	675,500000	5,350000	8,745000
131,022914	676,000000	5,350000	8,745000
130,792791	676,500000	5,350000	8,745000
130,729712	677,000000	5,350000	8,745000
130,800968	677,500000	5,350000	8,745000
130,635093	678,000000	5,350000	8,745000
130,792791	678,500000	5,350000	8,745000
130,911941	679,000000	5,350000	8,745000
130,666632	679,500000	5,350000	8,745000
130,729712	680,000000	5,350000	8,745000
130,754243	680,500000	5,350000	8,745000
130,580190	681,000000	5,350000	8,745000
130,825499	681,500000	5,350000	8,745000
130,397961	682,000000	5,350000	8,745000
131,006560	682,500000	5,350000	8,745000
131,054454	683,000000	5,350000	8,745000
131,031091	683,500000	5,350000	8,745000
130,746066	684,000000	5,350000	8,745000
130,232085	684,500000	5,350000	8,745000
130,595376	685,000000	5,350000	8,745000
131,031091	685,500000	5,350000	8,745000
130,792791	686,000000	5,350000	8,745000
130,920118	686,500000	5,350000	8,745000
131,188790	687,000000	5,350000	8,745000
131,425921	687,500000	5,350000	8,745000
131,085994	688,000000	5,350000	8,745000
131,101179	688,500000	5,350000	8,745000
131,236683	689,000000	75,470000	20,560000
131,251869	689,500000	2,460000	288,240000
131,410736	690,000000	2,460000	288,240000
131,465638	690,500000	2,460000	288,240000
131,434098	691,000000	2,460000	288,240000
131,094171	691,500000	2,460000	288,240000
131,513532	692,000000	2,460000	288,240000
131,553248	692,500000	2,460000	288,240000
131,481992	693,000000	2,460000	288,240000
131,371019	693,500000	2,460000	288,240000
131,299763	694,000000	2,460000	288,240000
130,865216	694,500000	2,460000	288,240000
130,983198	695,000000	2,460000	288,240000
131,536894	695,500000	2,460000	288,240000
131,410736	696,000000	2,460000	288,240000
131,639690	696,500000	2,460000	288,240000
132,115122	697,000000	2,460000	288,240000
132,043866	697,500000	0,000000	4,020000
132,146662	698,000000	0,000000	3,170000
131,727301	698,500000	315,210000	19,745000
131,884999	699,000000	315,210000	19,745000
131,830097	699,500000	315,210000	19,745000
131,949247	700,000000	315,210000	19,745000
131,346488	700,500000	315,210000	19,745000
131,346488	701,000000	315,210000	19,745000
131,402559	701,500000	315,210000	19,745000
131,528717	702,000000	315,210000	19,745000
131,354665	702,500000	315,210000	19,745000
131,244860	703,000000	315,210000	19,745000
131,599974	703,500000	315,210000	19,745000
131,727301	704,000000	315,210000	19,745000
131,821920	704,500000	315,210000	19,745000
131,465638	705,000000	315,210000	19,745000
131,284577	705,500000	315,210000	19,745000
131,679407	706,000000	315,210000	19,745000
131,624505	706,500000	315,210000	19,745000
132,090591	707,000000	315,210000	19,745000
131,813743	707,500000	315,210000	19,745000
131,291586	708,000000	315,210000	19,745000
130,935304	708,500000	315,210000	19,745000
131,624505	709,000000	315,210000	19,745000
131,339479	709,500000	315,210000	19,745000
131,553248	710,000000	315,210000	19,745000
130,983198	710,500000	315,210000	19,745000
131,410736	711,000000	315,210000	19,745000
130,943481	711,500000	315,210000	19,745000
130,232085	712,000000	315,210000	19,745000
130,302174	712,500000	315,210000	19,745000
130,777605	713,000000	315,210000	19,745000
130,413147	713,500000	315,210000	19,745000
130,991374	714,000000	315,210000	19,745000
130,714526	714,500000	315,210000	19,745000
130,366421	715,000000	315,210000	19,745000
130,341890	715,500000	315,210000	19,745000
131,465638	716,000000	315,210000	19,745000
131,276400	716,500000	315,210000	19,745000
131,371019	717,000000	315,210000	19,745000
131,592965	717,500000	315,210000	19,745000
131,149073	718,000000	315,210000	19,745000
131,244860	718,500000	315,210000	19,745000
131,133887	719,000000	315,210000	19,745000
131,481992	719,500000	315,210000	19,745000
131,125710	720,000000	315,210000	19,745000
130,848862	720,500000	315,210000	19,745000
130,865216	721,000000	315,210000	19,745000
130,595376	721,500000	315,210000	19,745000
130,429501	722,000000	315,210000	19,745000
130,737889	722,500000	315,210000	19,745000
130,310351	723,000000	315,210000	19,745000
130,706349	723,500000	315,210000	19,745000
131,014737	724,000000	315,210000	19,745000
130,674809	724,500000	315,210000	19,745000
130,406138	725,000000	315,210000	19,745000
130,658455	725,500000	315,210000	19,745000
130,262457	726,000000	315,210000	19,745000
130,469217	726,500000	315,210000	19,745000
130,507766	727,000000	315,210000	19,745000
130,935304	727,500000	315,210000	19,745000
130,903764	728,000000	315,210000	19,745000
130,532297	728,500000	315,210000	19,745000
130,445855	729,000000	315,210000	19,745000
129,882813	729,500000	315,210000	19,745000
129,970423	730,000000	315,210000	19,745000
130,262457	730,500000	315,210000	19,745000
129,819733	731,000000	315,210000	19,745000
130,532297	731,500000	315,210000	19,745000
130,341890	732,000000	315,210000	19,745000
130,635093	732,500000	315,210000	19,745000
129,930706	733,000000	315,210000	19,745000
130,199378	733,500000	315,210000	19,745000
130,136298	734,000000	315,210000	19,745000
130,167838	734,500000	315,210000	19,745000
130,302174	735,000000	315,210000	19,745000
129,993786	735,500000	315,210000	19,745000
129,978600	736,000000	315,210000	19,745000
130,144475	736,500000	315,210000	19,745000
130,026493	737,000000	315,210000	19,745000
130,540474	737,500000	315,210000	19,745000
130,524120	738,000000	315,210000	19,745000
129,748477	738,500000	315,210000	19,745000
129,993786	739,000000	315,210000	19,745000
130,421324	739,500000	315,210000	19,745000
130,429501	740,000000	315,210000	19,745000
130,184192	740,500000	315,210000	19,745000
130,302174	741,000000	315,210000	19,745000
130,104759	741,500000	315,210000	19,745000
130,207555	742,000000	315,210000	19,745000
129,867627	742,500000	315,210000	19,745000
130,295165	743,000000	315,210000	19,745000
130,476226	743,500000	315,210000	19,745000
130,136298	744,000000	315,210000	19,745000
129,693574	744,500000	315,210000	19,745000
129,400372	745,000000	315,210000	19,745000
129,423735	745,500000	315,210000	19,745000
129,313930	746,000000	315,210000	19,745000
128,949471	746,500000	358,900000	247,215000
129,060444	747,000000	0,000000	0,000000
129,622318	747,500000	0,000000	0,000000
128,680800	748,000000	327,830000	181,855000
128,118926	748,500000	327,830000	181,855000
128,545296	749,000000	327,830000	181,855000
128,863029	749,500000	327,830000	181,855000
129,123523	750,000000	327,830000	181,855000
128,538287	750,500000	327,830000	181,855000
128,830321	751,000000	327,830000	181,855000
129,171417	751,500000	327,830000	181,855000
129,408549	752,000000	327,830000	181,855000
129,163240	752,500000	327,830000	181,855000
129,385186	753,000000	327,830000	181,855000
129,630495	753,500000	327,830000	181,855000
129,274213	754,000000	327,830000	181,855000
129,400372	754,500000	327,830000	181,855000
129,551062	755,000000	327,830000	181,855000
129,100161	755,500000	0,000000	227,955000
129,914352	756,000000	0,000000	227,955000
129,890989	756,500000	0,000000	0,000000
129,274213	757,000000	19,700000	1,230000
129,012550	757,500000	19,700000	1,230000
129,075630	758,000000	19,700000	1,230000
129,234496	758,500000	19,700000	1,230000
129,060444	759,000000	19,700000	1,230000
128,467031	759,500000	19,700000	1,230000
128,427314	760,000000	19,700000	1,230000
128,632906	760,500000	19,700000	1,230000
128,989188	761,000000	19,700000	1,230000
128,926108	761,500000	19,700000	1,230000
129,044090	762,000000	19,700000	1,230000
128,838498	762,500000	19,700000	1,230000
128,641083	763,000000	19,700000	1,230000
128,806958	763,500000	19,700000	1,230000
129,171417	764,000000	19,700000	1,230000
129,044090	764,500000	19,700000	1,230000
129,028904	765,000000	19,700000	1,230000
129,194780	765,500000	19,700000	1,230000
129,423735	766,000000	19,700000	1,230000
129,385186	766,500000	19,700000	1,230000
129,075630	767,000000	19,700000	1,230000
129,582601	767,500000	19,700000	1,230000
130,010139	768,000000	19,700000	1,230000
129,614141	768,500000	19,700000	1,230000
130,033502	769,000000	19,700000	1,230000
129,899166	769,500000	19,700000	1,230000
129,218143	770,000000	19,700000	1,230000
128,450677	770,500000	19,700000	1,230000
128,649260	771,000000	19,700000	1,230000
129,100161	771,500000	19,700000	1,230000
128,823312	772,000000	19,700000	1,230000
129,274213	772,500000	19,700000	1,230000
129,851273	773,000000	19,700000	1,230000
129,242673	773,500000	19,700000	1,230000
129,068621	774,000000	19,700000	1,230000
128,815135	774,500000	19,700000	1,230000
128,886392	775,000000	19,700000	1,230000
128,806958	775,500000	19,700000	1,230000
129,274213	776,000000	19,700000	1,230000
128,972834	776,500000	19,700000	1,230000
129,297576	777,000000	19,700000	1,230000
128,902746	777,500000	19,700000	1,230000
129,171417	778,000000	19,700000	1,230000
129,139877	778,500000	19,700000	1,230000
128,972834	779,000000	19,700000	1,230000
128,743879	779,500000	19,700000	1,230000
128,972834	780,000000	19,700000	1,230000
127,706573	780,500000	19,700000	1,230000
127,881794	781,000000	19,700000	1,230000
128,095563	781,500000	19,700000	1,230000
128,062855	782,000000	19,700000	1,230000
127,731104	782,500000	19,700000	1,230000
128,047669	783,000000	19,700000	1,230000
128,047669	783,500000	19,700000	1,230000
127,913334	784,000000	19,700000	1,230000
127,873617	784,500000	19,700000	1,230000
127,636485	785,000000	19,700000	1,230000
127,437902	785,500000	19,700000	1,230000
127,454256	786,000000	19,700000	1,230000
127,121337	786,500000	19,700000	1,230000
127,500981	787,000000	19,700000	1,230000
127,477618	787,500000	19,700000	1,230000
127,842077	788,000000	19,700000	1,230000
127,913334	788,500000	19,700000	1,230000
127,794184	789,000000	19,700000	1,230000
127,913334	789,500000	19,700000	1,230000
127,905157	790,000000	19,700000	1,230000
127,889971	790,500000	19,700000	1,230000
128,024307	791,000000	19,700000	1,230000
128,403951	791,500000	19,700000	1,230000
128,332695	792,000000	19,700000	1,230000
128,213545	792,500000	19,700000	1,230000
128,055846	793,000000	19,700000	1,230000
128,150465	793,500000	19,700000	1,230000
128,624729	794,000000	19,700000	1,230000
127,817546	794,500000	19,700000	1,230000
128,039492	795,000000	19,700000	1,230000
127,326929	795,500000	19,700000	1,230000
128,276624	796,000000	19,700000	1,230000
127,905157	796,500000	19,700000	1,230000
128,198359	797,000000	19,700000	1,230000
128,198359	797,500000	19,700000	1,230000
127,794184	798,000000	19,700000	1,230000
127,326929	798,500000	19,700000	1,230000
127,319920	799,000000	19,700000	1,230000
127,121337	799,500000	19,700000	1,230000
126,678613	800,000000	19,700000	1,230000
126,544277	800,500000	19,700000	1,230000
126,693799	801,000000	19,700000	1,230000
127,121337	801,500000	19,700000	1,230000
127,366645	802,000000	19,700000	1,230000
127,280203	802,500000	19,700000	1,230000
127,208947	803,000000	19,700000	1,230000
127,177407	803,500000	19,700000	1,230000
126,749869	804,000000	19,700000	1,230000
126,923922	804,500000	19,700000	1,230000
126,726506	805,000000	455,910000	315,945000
126,947284	805,500000	1,220000	0,725000
126,884205	806,000000	82,210000	0,000000
127,611954	806,500000	2,130000	9,850000
127,651671	807,000000	2,130000	9,850000
127,651671	807,500000	2,130000	9,850000
127,842077	808,000000	2,130000	9,850000
127,454256	808,500000	2,130000	9,850000
127,557052	809,000000	2,130000	9,850000
127,414539	809,500000	2,130000	9,850000
127,366645	810,000000	2,130000	9,850000
127,074611	810,500000	2,130000	9,850000
127,706573	811,000000	2,130000	9,850000
127,620131	811,500000	2,130000	9,850000
127,991599	812,000000	2,130000	9,850000
127,999776	812,500000	2,130000	9,850000
127,303566	813,000000	2,130000	9,850000
127,169230	813,500000	2,130000	9,850000
126,527923	814,000000	2,130000	9,850000
127,540698	814,500000	2,130000	9,850000
127,303566	815,000000	2,390000	11,215000
127,414539	815,500000	41,120000	41,120000
127,026718	816,000000	576,480000	213,720000
126,907568	816,500000	576,480000	213,720000
126,963638	817,000000	576,480000	213,720000
126,995178	817,500000	576,480000	213,720000
127,454256	818,000000	576,480000	213,720000
127,129514	818,500000	576,480000	213,720000
126,797763	819,000000	576,480000	213,720000
126,433304	819,500000	576,480000	213,720000
126,196172	820,000000	576,480000	213,720000
126,259252	820,500000	576,480000	213,720000
125,815360	821,000000	576,480000	213,720000
125,927501	821,500000	576,480000	213,720000
125,617944	822,000000	576,480000	213,720000
125,443892	822,500000	576,480000	213,720000
125,443892	823,000000	576,480000	213,720000
125,791997	823,500000	576,480000	213,720000
126,322331	824,000000	576,480000	213,720000
126,385410	824,500000	576,480000	213,720000
125,626121	825,000000	576,480000	213,720000
125,902970	825,500000	576,480000	213,720000
125,815360	826,000000	576,480000	213,720000
125,720741	826,500000	576,480000	213,720000
125,642475	827,000000	576,480000	213,720000
126,401764	827,500000	576,480000	213,720000
126,473021	828,000000	576,480000	213,720000
126,441481	828,500000	576,480000	213,720000
126,393587	829,000000	576,480000	213,720000
126,789586	829,500000	576,480000	213,720000
126,085199	830,000000	576,480000	213,720000
125,950863	830,500000	576,480000	213,720000
125,515148	831,000000	576,480000	213,720000
125,364459	831,500000	576,480000	213,720000
125,609767	832,000000	576,480000	213,720000
125,823537	832,500000	576,480000	213,720000
126,116739	833,000000	576,480000	213,720000
126,274437	833,500000	576,480000	213,720000
126,196172	834,000000	576,480000	213,720000
125,768634	834,500000	576,480000	213,720000
125,871430	835,000000	576,480000	213,720000
126,124916	835,500000	576,480000	213,720000
125,808351	836,000000	576,480000	213,720000
125,791997	836,500000	576,480000	213,720000
125,737094	837,000000	576,480000	213,720000
125,364459	837,500000	576,480000	213,720000
125,301379	838,000000	576,480000	213,720000
125,783820	838,500000	576,480000	213,720000
125,443892	839,000000	576,480000	213,720000
126,045483	839,500000	576,480000	213,720000
125,674015	840,000000	576,480000	213,720000
125,863253	840,500000	576,480000	213,720000
126,242898	841,000000	576,480000	213,720000
126,022120	841,500000	576,480000	213,720000
125,966049	842,000000	576,480000	213,720000
125,586405	842,500000	576,480000	213,720000
125,269840	843,000000	576,480000	213,720000
125,586405	843,500000	576,480000	213,720000
125,586405	844,000000	576,480000	213,720000
125,332919	844,500000	576,480000	213,720000
124,882018	845,000000	576,480000	213,720000
124,818939	845,500000	576,480000	213,720000
125,072424	846,000000	576,480000	213,720000
125,737094	846,500000	576,480000	213,720000
126,061836	847,000000	576,480000	213,720000
126,330508	847,500000	576,480000	213,720000
126,519746	848,000000	576,480000	213,720000
126,156456	848,500000	576,480000	213,720000
126,338685	849,000000	576,480000	213,720000
125,753448	849,500000	576,480000	213,720000
126,148279	850,000000	576,480000	213,720000
126,196172	850,500000	576,480000	213,720000
126,504560	851,000000	576,480000	213,720000
126,575817	851,500000	576,480000	213,720000
126,867851	852,000000	576,480000	213,720000
126,749869	852,500000	576,480000	213,720000
126,481198	853,000000	576,480000	213,720000
126,307145	853,500000	576,480000	213,720000
126,686790	854,000000	576,480000	213,720000
125,911147	854,500000	576,480000	213,720000
126,259252	855,000000	576,480000	213,720000
127,129514	855,500000	576,480000	213,720000
126,536100	856,000000	576,480000	213,720000
126,844488	856,500000	576,480000	213,720000
126,900559	857,000000	576,480000	213,720000
126,068845	857,500000	576,480000	213,720000
126,045483	858,000000	576,480000	213,720000
126,362048	858,500000	576,480000	213,720000
126,242898	859,000000	576,480000	213,720000
125,894793	859,500000	576,480000	213,720000
125,974226	860,000000	576,480000	213,720000
125,919324	860,500000	576,480000	213,720000
126,022120	861,000000	576,480000	213,720000
126,164633	861,500000	576,480000	213,720000
126,433304	862,000000	576,480000	213,720000
125,737094	862,500000	576,480000	213,720000
125,642475	863,000000	576,480000	213,720000
125,839890	863,500000	576,480000	0,000000
125,674015	864,000000	75,470000	20,560000
125,737094	864,500000	0,000000	227,955000
125,642475	865,000000	0,000000	227,955000
125,697378	865,500000	0,000000	227,955000
125,563042	866,000000	0,000000	227,955000
125,175221	866,500000	0,000000	227,955000
124,898372	867,000000	0,000000	227,955000
125,563042	867,500000	0,000000	227,955000
125,064248	868,000000	0,000000	227,955000
124,976637	868,500000	0,000000	227,955000
125,064248	869,000000	0,000000	227,955000
124,613347	869,500000	0,000000	227,955000
124,565453	870,000000	0,000000	227,955000
124,636709	870,500000	0,000000	227,955000
124,787399	871,000000	0,000000	227,955000
125,119150	871,500000	0,000000	227,955000
125,808351	872,000000	0,000000	227,955000
126,068845	872,500000	0,000000	227,955000
125,783820	873,000000	576,480000	213,720000
126,481198	873,500000	576,480000	213,720000
125,934510	874,000000	576,480000	213,720000
126,179818	874,500000	576,480000	213,720000
126,282614	875,000000	576,480000	213,720000
126,013943	875,500000	576,480000	213,720000
125,681024	876,000000	576,480000	213,720000
125,626121	876,500000	576,480000	213,720000
125,452069	877,000000	576,480000	213,720000
125,420529	877,500000	576,480000	213,720000
125,531502	878,000000	576,480000	213,720000
125,713732	878,500000	576,480000	213,720000
125,546688	879,000000	576,480000	213,720000
125,150690	879,500000	576,480000	213,720000
125,815360	880,000000	576,480000	213,720000
125,332919	880,500000	576,480000	213,720000
125,158867	881,000000	576,480000	213,720000
125,689201	881,500000	576,480000	213,720000
125,855076	882,000000	576,480000	213,720000
125,657661	882,500000	576,480000	213,720000
125,230123	883,000000	576,480000	213,720000
125,246477	883,500000	576,480000	213,720000
125,112141	884,000000	576,480000	213,720000
125,435715	884,500000	576,480000	213,720000
125,072424	885,000000	576,480000	213,720000
124,707966	885,500000	576,480000	213,720000
125,278017	886,000000	576,480000	213,720000
124,827116	886,500000	576,480000	213,720000
124,747682	887,000000	576,480000	213,720000
125,674015	887,500000	576,480000	213,720000
125,230123	888,000000	576,480000	213,720000
125,420529	888,500000	576,480000	213,720000
125,332919	889,000000	576,480000	213,720000
125,001168	889,500000	576,480000	213,720000
125,072424	890,000000	576,480000	213,720000
124,961451	890,500000	576,480000	213,720000
124,668249	891,000000	576,480000	213,720000
124,407755	891,500000	576,480000	213,720000
124,699789	892,000000	576,480000	213,720000
124,510551	892,500000	576,480000	213,720000
124,699789	893,000000	576,480000	213,720000
124,422940	893,500000	576,480000	213,720000
125,523325	894,000000	576,480000	213,720000
124,921735	894,500000	576,480000	213,720000
124,351684	895,000000	576,480000	213,720000
124,882018	895,500000	576,480000	213,720000
124,818939	896,000000	576,480000	213,720000
125,175221	896,500000	576,480000	213,720000
124,486020	897,000000	576,480000	213,720000
124,099366	897,500000	576,480000	213,720000
124,581807	898,000000	576,480000	213,720000
124,376215	898,500000	576,480000	213,720000
123,892606	899,000000	576,480000	213,720000
123,766447	899,500000	576,480000	213,720000
124,059650	900,000000	576,480000	213,720000
123,948677	900,500000	576,480000	213,720000
124,296782	901,000000	576,480000	213,720000
124,573630	901,500000	576,480000	213,720000
124,185809	902,000000	576,480000	213,720000
124,653063	902,500000	576,480000	213,720000
124,565453	903,000000	576,480000	213,720000
124,170623	903,500000	576,480000	213,720000
124,431117	904,000000	576,480000	213,720000
123,925314	904,500000	576,480000	213,720000
123,711545	905,000000	576,480000	213,720000
123,774624	905,500000	576,480000	213,720000
124,074836	906,000000	576,480000	213,720000
124,099366	906,500000	576,480000	213,720000
123,426520	907,000000	576,480000	213,720000
123,363440	907,500000	576,480000	213,720000
123,852890	908,000000	576,480000	213,720000
124,099366	908,500000	576,480000	213,720000
123,814341	909,000000	576,480000	213,720000
123,189388	909,500000	576,480000	213,720000
123,315547	910,000000	576,480000	213,720000
123,046875	910,500000	576,480000	213,720000
122,982627	911,000000	576,480000	213,720000
122,349497	911,500000	576,480000	213,720000
122,413745	912,000000	576,480000	213,720000
122,183622	912,500000	576,480000	213,720000
122,437108	913,000000	576,480000	213,720000
122,279409	913,500000	576,480000	213,720000
122,611160	914,000000	576,480000	213,720000
122,816752	914,500000	576,480000	213,720000
122,824929	915,000000	576,480000	213,720000
123,070238	915,500000	576,480000	213,720000
122,944079	916,000000	576,480000	213,720000
122,254878	916,500000	576,480000	213,720000
122,745496	917,000000	576,480000	213,720000
121,812154	917,500000	576,480000	213,720000
121,709358	918,000000	576,480000	213,720000
122,208153	918,500000	576,480000	213,720000
122,302772	919,000000	576,480000	213,720000
122,286418	919,500000	576,480000	213,720000
122,073817	920,000000	576,480000	213,720000
123,212750	920,500000	576,480000	213,720000
122,990804	921,000000	19,700000	1,230000
123,371617	921,500000	6,340000	9,655000
123,244290	922,000000	5,550000	0,115000
123,766447	922,500000	5,550000	0,115000
123,608749	923,000000	5,550000	0,115000
123,980216	923,500000	5,550000	0,115000
123,623935	924,000000	5,550000	0,115000
123,782801	924,500000	5,550000	0,115000
123,252467	925,000000	5,550000	0,115000
123,204573	925,500000	5,550000	0,115000
123,473245	926,000000	5,550000	0,115000
124,177632	926,500000	5,550000	0,115000
124,351684	927,000000	5,550000	0,115000
123,394980	927,500000	5,550000	0,115000
123,473245	928,000000	5,550000	0,115000
123,917137	928,500000	5,550000	0,115000
123,363440	929,000000	641,180000	1,320000
123,711545	929,500000	88,460000	158,050000
123,584218	930,000000	88,460000	158,050000
123,378626	930,500000	88,460000	158,050000
123,227936	931,000000	88,460000	158,050000
122,856469	931,500000	2,640000	2,775000
123,196397	932,000000	2,640000	2,775000
122,698770	932,500000	2,640000	2,775000
122,959265	933,000000	2,640000	2,775000
122,816752	933,500000	2,640000	2,775000
123,267653	934,000000	2,640000	2,775000
122,602983	934,500000	2,640000	2,775000
122,833106	935,000000	2,640000	2,775000
122,334311	935,500000	2,640000	2,775000
122,634523	936,000000	2,640000	2,775000
122,428931	936,500000	2,640000	2,775000
122,516541	937,000000	2,640000	2,775000
122,405568	937,500000	2,640000	2,775000
121,709358	938,000000	2,640000	2,775000
121,392793	938,500000	2,640000	2,775000
122,025923	939,000000	2,640000	2,775000
121,978030	939,500000	2,640000	2,775000
122,508364	940,000000	2,640000	2,775000
121,962844	940,500000	2,640000	2,775000
122,001392	941,000000	2,640000	2,775000
122,263055	941,500000	2,640000	2,775000
122,271232	942,000000	2,640000	2,775000
122,009569	942,500000	2,640000	2,775000
121,969853	943,000000	2,640000	2,775000
121,820331	943,500000	2,640000	2,775000
122,705779	944,000000	2,640000	2,775000
122,627514	944,500000	2,640000	2,775000
122,730310	945,000000	2,640000	2,775000
123,046875	945,500000	2,640000	2,775000
122,888008	946,000000	2,640000	2,775000
123,086592	946,500000	2,640000	2,775000
122,524718	947,000000	2,640000	2,775000
122,935902	947,500000	2,640000	2,775000
121,851871	948,000000	2,640000	2,775000
122,097180	948,500000	2,640000	2,775000
122,738487	949,000000	2,640000	2,775000
122,793389	949,500000	2,640000	2,775000
122,389214	950,000000	2,640000	2,775000
122,334311	950,500000	2,640000	2,775000
123,086592	951,000000	2,640000	2,775000
122,531727	951,500000	2,640000	2,775000
122,927725	952,000000	2,640000	2,775000
122,888008	952,500000	2,640000	2,775000
122,602983	953,000000	2,640000	2,775000
122,001392	953,500000	2,640000	2,775000
121,906773	954,000000	2,640000	2,775000
122,160259	954,500000	2,640000	2,775000
120,751486	955,000000	2,640000	2,775000
120,585610	955,500000	2,640000	2,775000
121,068051	956,000000	2,640000	2,775000
121,179024	956,500000	2,640000	2,775000
121,195378	957,000000	2,640000	2,775000
121,353076	957,500000	2,640000	2,775000
121,170847	958,000000	2,640000	2,775000
120,870636	958,500000	2,640000	2,775000
120,950069	959,000000	2,640000	2,775000
120,593787	959,500000	2,640000	2,775000
121,107768	960,000000	2,640000	2,775000
121,614739	960,500000	2,640000	2,775000
121,107768	961,000000	2,640000	2,775000
120,996795	961,500000	2,640000	2,775000
120,925538	962,000000	2,640000	2,775000
121,344899	962,500000	2,640000	2,775000
121,638102	963,000000	2,640000	2,775000
121,621748	963,500000	2,640000	2,775000
120,973432	964,000000	2,640000	2,775000
121,487412	964,500000	2,640000	2,775000
121,780615	965,000000	2,640000	2,775000
122,057463	965,500000	2,640000	2,775000
121,321537	966,000000	2,640000	2,775000
121,250280	966,500000	2,640000	2,775000
