Zeit [s]  Piezo[nm]  MEMS[nm]
eoh
0,013389	-0,028348	0,000000
0,026779	100,246244	0,090786
0,040168	100,050194	0,090786
0,053558	99,944390	63,642186
0,066947	99,917074	63,642186
0,080336	99,906009	102,644571
0,093726	99,910504	102,386935
0,107115	99,913962	102,386935
0,120505	99,910504	102,536609
0,133894	99,922606	102,536609
0,147283	99,912233	101,746526
0,160673	99,912925	102,320685
0,174062	99,934017	102,320685
0,187452	99,960641	102,054462
0,200841	99,901169	102,037286
0,214230	99,959257	102,037286
0,227620	99,974125	102,063050
0,241009	99,883880	102,112123
0,254399	99,922260	102,112123
0,267788	99,913271	102,186960
0,281177	99,904626	101,979625
0,294567	99,913616	101,979625
0,307956	99,951651	101,887612
0,321346	99,880423	102,244622
0,334735	99,898057	102,244622
0,348125	99,960986	102,145248
0,361514	99,940586	101,614027
0,374903	99,915691	101,614027
0,388293	99,910159	101,796826
0,401682	99,965827	101,779650
0,415072	99,929867	101,779650
0,428461	99,901514	101,572315
0,441850	99,966864	101,962449
0,455240	99,899440	101,962449
0,468629	99,839622	101,962449
0,482019	99,922952	101,729350
0,495408	99,936783	101,729350
0,508797	99,834782	101,596851
0,522187	99,929176	101,771062
0,535576	99,864863	101,771062
0,548966	99,902898	101,655740
0,562355	99,897020	101,863075
0,575744	99,934017	101,863075
0,589134	99,891142	101,821363
0,602523	99,901514	101,655740
0,615913	99,916728	101,655740
0,629302	99,948884	101,804187
0,642691	99,910159	101,804187
0,656081	99,905318	101,804187
0,669470	99,900823	101,555139
0,682860	99,935400	101,506065
0,696249	99,935054	101,506065
0,709638	99,948884	101,638564
0,723028	99,899440	101,638564
0,736417	99,918111	101,638564
0,749807	99,915691	101,704813
0,763196	99,911542	101,704813
0,776585	99,880769	101,778423
0,789975	99,897020	101,704813
0,803364	99,902206	101,704813
0,816754	99,939895	101,704813
0,830143	99,921915	101,506065
0,843532	99,911196	101,506065
0,856922	99,872816	101,605439
0,870311	100,001441	101,854487
0,883701	99,837548	101,854487
0,897090	99,924681	101,588264
0,910479	99,873507	101,506065
0,923869	99,870741	101,506065
0,937258	99,925718	101,506065
0,950648	99,871087	101,605439
0,964037	99,902552	101,605439
0,977426	99,910850	101,182180
0,990816	99,937474	101,721989
1,004205	99,931250	101,721989
1,017595	99,912925	101,671689
1,030984	99,894599	101,671689
1,044374	99,960986	101,222666
1,057763	99,863134	101,106117
1,071152	99,958912	101,106117
1,084542	99,914654	101,165005
1,097931	99,946810	101,472941
1,111321	99,934362	101,472941
1,124710	99,968593	101,356391
1,138099	99,976200	101,497478
1,151489	99,884918	101,522014
1,164878	99,942661	101,522014
1,178268	99,906355	101,721989
1,191657	99,915691	101,721989
1,205046	99,923644	101,506065
1,218436	99,932288	101,522014
1,231825	99,899786	101,522014
1,245215	99,880423	100,848481
1,258604	99,858985	101,680276
1,271993	99,909121	101,680276
1,285383	99,867975	101,048455
1,298772	99,988648	101,481529
1,312162	99,934362	101,481529
1,325551	99,906355	101,572315
1,338940	99,871433	101,039867
1,352330	99,894253	101,039867
1,365719	99,927447	101,363752
1,379109	99,936091	101,854487
1,392498	99,874199	101,854487
1,405887	99,835127	101,746526
1,419277	99,914654	101,580903
1,432666	99,894945	101,580903
1,446056	99,942315	101,721989
1,459445	99,927447	101,039867
1,472834	99,921223	101,039867
1,486224	99,925372	101,114704
1,499613	99,951996	101,439816
1,513003	99,948193	101,439816
1,526392	99,973434	101,431228
1,539781	99,919494	101,431228
1,553171	99,949922	101,257018
1,566560	99,939549	101,281554
1,579950	99,931596	101,588264
1,593339	99,885609	101,588264
1,606728	99,889067	101,231254
1,620118	99,878348	101,231254
1,633507	99,951996	101,330628
1,646897	99,948884	101,398104
1,660286	99,966173	101,398104
1,673675	99,889413	101,372340
1,687065	99,951996	101,123292
1,700454	99,970322	101,123292
1,713844	99,907393	101,239842
1,727233	99,949922	101,189541
1,740623	99,834782	101,189541
1,754012	99,919149	101,057043
1,767401	99,927101	101,206717
1,780791	99,898748	101,206717
1,794180	99,931942	101,663101
1,807570	99,958566	101,663101
1,820959	99,924681	101,663101
1,834348	99,848266	101,206717
1,847738	99,934362	101,206717
1,861127	99,897020	101,206717
1,874517	99,929867	101,464353
1,887906	99,922606	101,314679
1,901295	99,905318	101,314679
1,914685	99,924335	101,314679
1,928074	99,880423	101,272966
1,941464	99,856565	101,272966
1,954853	99,939895	101,414053
1,968242	99,892179	101,414053
1,981632	99,877657	101,182180
1,995021	99,912233	101,405465
2,008411	99,922260	101,405465
2,021800	99,888030	101,405465
2,035189	99,878002	101,481529
2,048579	99,913616	101,481529
2,061968	99,936783	101,356391
2,075358	99,931942	101,330628
2,088747	99,957529	101,330628
2,102136	99,874890	101,264379
2,115526	99,882497	101,339216
2,128915	99,914654	101,339216
2,142305	99,934708	101,447177
2,155694	99,894253	101,257018
2,169083	99,881806	101,257018
2,182473	99,909467	101,522014
2,195862	99,904626	101,264379
2,209252	99,860368	101,264379
2,222641	99,929522	101,281554
2,236030	99,888375	101,222666
2,249420	99,834436	101,222666
2,262809	99,891487	101,439816
2,276199	99,878694	100,965030
2,289588	99,888721	100,965030
2,302977	99,915345	101,380928
2,316367	99,925718	101,398104
2,329756	99,919840	101,398104
2,343146	99,902552	101,297503
2,356535	99,936437	101,297503
2,369925	99,960986	101,257018
2,383314	99,936783	101,090168
2,396703	99,949576	101,090168
2,410093	99,899094	101,257018
2,423482	99,902898	100,682858
2,436872	99,960641	100,682858
2,450261	99,874545	101,206717
2,463650	99,901169	101,198129
2,477040	99,897365	101,198129
2,490429	99,931250	101,239842
2,503819	99,893562	100,923318
2,517208	99,902898	100,923318
2,530597	99,890450	100,807995
2,543987	99,941278	101,414053
2,557376	99,950268	101,414053
2,570766	99,886992	100,999382
2,584155	99,894599	100,500059
2,597544	99,915345	100,500059
2,610934	99,896674	100,782231
2,624323	99,867284	100,782231
2,637713	99,952342	101,306091
2,651102	99,929176	101,580903
2,664491	99,912579	101,580903
2,677881	99,906701	100,949081
2,691270	99,941623	101,081580
2,704660	99,923989	101,081580
2,718049	99,841697	101,323267
2,731438	99,808849	101,182180
2,744828	99,947156	101,048455
2,758217	99,903935	101,048455
2,771607	99,906355	100,865656
2,784996	99,893562	101,629976
2,798385	99,880423	101,629976
2,811775	99,930559	101,039867
2,825164	99,861060	100,915957
2,838554	99,960295	100,915957
2,851943	99,935400	101,231254
2,865332	99,891487	101,231254
2,878722	99,939203	100,940493
2,892111	99,905318	100,949081
2,905501	99,888721	101,165005
2,918890	99,950613	101,165005
2,932279	99,894945	101,114704
2,945669	99,879731	101,114704
2,959058	99,940932	101,248430
2,972448	99,857948	101,064404
2,985837	99,920186	101,064404
2,999226	99,917420	100,857069
3,012616	99,883880	100,890193
3,026005	99,925027	100,890193
3,039395	99,919494	101,297503
3,052784	99,927447	101,106117
3,066174	99,904626	101,114704
3,079563	99,950959	101,114704
3,092952	99,894253	100,957669
3,106342	99,906355	101,098755
3,119731	99,949922	101,098755
3,133121	99,866592	101,015331
3,146510	99,921223	101,239842
3,159899	99,921915	101,239842
3,173289	99,906355	101,248430
3,186678	99,910159	101,064404
3,200068	99,990376	101,064404
3,213457	99,912233	100,990794
3,226846	99,932633	100,965030
3,240236	99,907047	100,965030
3,253625	99,918111	100,965030
3,267015	99,869704	100,965030
3,280404	99,917074	101,131880
3,293793	99,964098	101,264379
3,307183	99,933325	101,264379
3,320572	99,844809	101,147829
3,333962	99,898403	101,306091
3,347351	99,932979	101,306091
3,360740	99,905664	100,949081
3,374130	99,933325	100,674270
3,387519	99,882152	100,674270
3,400909	99,902206	100,999382
3,414298	99,957529	100,982206
3,427687	99,865209	100,982206
3,441077	99,872816	100,990794
3,454466	99,929522	100,590845
3,467856	99,892179	100,590845
3,481245	99,923298	101,156417
3,494634	99,950613	101,114704
3,508024	99,945427	101,114704
3,521413	99,923989	100,790819
3,534803	99,915691	100,949081
3,548192	99,917074	100,949081
3,561581	99,936437	100,990794
3,574971	99,907738	101,189541
3,588360	99,879731	101,189541
3,601750	99,931942	101,123292
3,615139	99,945773	100,931906
3,628528	99,946464	100,931906
3,641918	99,890450	101,147829
3,655307	99,869012	100,865656
3,668697	99,954763	100,865656
3,682086	99,913616	100,882832
3,695475	99,980349	101,281554
3,708865	99,909813	101,281554
3,722254	99,883535	100,973618
3,735644	99,898748	101,072992
3,749033	99,913271	101,072992
3,762423	99,823717	101,064404
3,775812	99,887684	101,064404
3,789201	99,936437	100,907369
3,802591	99,929867	101,123292
3,815980	99,891142	101,123292
3,829370	99,892525	101,048455
3,842759	99,982424	101,198129
3,856148	99,917420	101,198129
3,869538	99,865901	100,874244
3,882927	99,959603	101,198129
3,896317	99,923989	101,198129
3,909706	99,867975	101,206717
3,923095	99,968247	100,982206
3,936485	99,937820	100,982206
3,949874	99,982424	101,222666
3,963264	99,897365	101,173593
3,976653	99,923644	101,173593
3,990042	99,938857	101,131880
4,003432	99,928830	100,957669
4,016821	99,914308	100,957669
4,030211	99,878002	101,057043
4,043600	99,936783	101,006743
4,056989	99,895636	101,006743
4,070379	99,898748	101,106117
4,083768	99,910159	100,882832
4,097158	99,891833	100,882832
4,110547	99,946464	100,733158
4,123936	99,926064	101,106117
4,137326	99,953379	101,106117
4,150715	99,943006	100,949081
4,164105	99,954763	100,949081
4,177494	99,959949	100,898781
4,190883	99,882497	100,949081
4,204273	99,927101	100,949081
4,217662	99,887338	100,848481
4,231052	99,946810	100,923318
4,244441	99,864518	100,923318
4,257830	99,861060	101,023918
4,271220	99,913962	100,907369
4,284609	99,880077	100,907369
4,297999	99,937474	101,106117
4,311388	99,895982	101,123292
4,324777	99,967210	101,123292
4,338167	99,861751	101,015331
4,351556	99,964098	100,999382
4,364946	99,950959	100,999382
4,378335	100,000404	101,098755
4,391725	99,902206	100,940493
4,405114	99,912579	100,940493
4,418503	99,901169	100,982206
4,431893	99,876619	101,140468
4,445282	99,910159	101,140468
4,458672	99,929867	100,999382
4,472061	99,862097	100,832532
4,485450	99,912233	100,832532
4,498840	99,928139	101,281554
4,512229	99,971359	101,189541
4,525619	99,977583	101,189541
4,539008	99,926755	100,682858
4,552397	99,890796	100,741746
4,565787	99,919494	100,741746
4,579176	99,850687	100,832532
4,592566	99,939203	100,949081
4,605955	99,964790	100,949081
4,619344	99,880769	100,982206
4,632734	99,939203	100,982206
4,646123	99,932633	100,982206
4,659513	99,926064	100,973618
4,672902	99,895291	100,832532
4,686291	99,903589	100,832532
4,699681	99,906009	101,057043
4,713070	99,942315	100,782231
4,726460	99,901860	100,782231
4,739849	99,896328	100,965030
4,753238	99,900477	100,807995
4,766628	99,935054	100,807995
4,780017	99,897020	101,072992
4,793407	99,922260	101,072992
4,806796	99,923298	100,982206
4,820185	99,878002	100,982206
4,833575	99,957529	100,982206
4,846964	99,920186	100,865656
4,860354	99,960986	100,882832
4,873743	99,940932	100,882832
4,887132	99,864172	100,898781
4,900522	99,946464	100,749107
4,913911	99,867284	100,882832
4,927301	99,948884	100,882832
4,940690	99,909467	101,032506
4,954079	99,854145	101,032506
4,967469	99,865209	101,165005
4,980858	99,946464	100,882832
4,994248	99,900477	100,999382
5,007637	99,913271	100,999382
5,021026	99,900477	100,907369
5,034416	99,828904	100,907369
5,047805	99,914308	101,081580
5,061195	99,878002	100,890193
5,074584	99,883189	100,890193
5,087974	99,963752	100,848481
5,101363	99,905664	100,790819
5,114752	99,861406	100,790819
5,128142	99,925372	100,848481
5,141531	99,911887	100,999382
5,154921	99,948193	100,999382
5,168310	99,928139	100,890193
5,181699	99,897711	100,766283
5,195089	99,956491	100,766283
5,208478	99,916382	100,741746
5,221868	99,950613	101,281554
5,235257	99,878348	101,281554
5,248646	99,872470	101,372340
5,262036	99,880423	101,039867
5,275425	99,919149	101,039867
5,288815	99,912233	100,665682
5,302204	99,865901	100,623969
5,315593	99,929867	100,623969
5,328983	99,991759	100,874244
5,342372	99,891142	100,682858
5,355762	99,884918	100,682858
5,369151	99,948884	100,882832
5,382540	99,889067	101,546551
5,395930	99,892179	101,546551
5,409319	99,909813	100,682858
5,422709	99,866246	100,724570
5,436098	99,903935	100,724570
5,449487	99,932288	101,472941
5,462877	99,848612	100,957669
5,476266	99,851724	100,957669
5,489656	99,898748	101,081580
5,503045	99,967210	100,707394
5,516434	99,900477	100,707394
5,529824	99,881114	100,841120
5,543213	99,913962	101,231254
5,556603	99,921569	101,231254
5,569992	99,905664	100,907369
5,583381	99,914308	101,272966
5,596771	99,886992	101,272966
5,610160	99,912233	101,131880
5,623550	99,884226	100,682858
5,636939	99,913962	100,682858
5,650328	99,899094	100,882832
5,663718	99,877311	100,741746
5,677107	99,894599	100,741746
5,690497	99,954417	101,015331
5,703886	99,943006	100,931906
5,717275	99,929867	100,931906
5,730665	99,916382	100,882832
5,744054	99,914308	100,882832
5,757444	99,921223	100,782231
5,770833	99,916382	100,491471
5,784223	99,887338	100,491471
5,797612	99,924681	100,715982
5,811001	99,908084	100,482883
5,824391	99,895291	100,482883
5,837780	99,900477	100,724570
5,851170	99,875582	100,733158
5,864559	99,921223	100,733158
5,877948	99,949230	100,848481
5,891338	99,922260	100,757695
5,904727	99,945773	100,757695
5,918117	99,976892	100,832532
5,931506	99,874199	100,865656
5,944895	99,910850	100,865656
5,958285	99,942315	100,500059
5,971674	99,929522	100,599433
5,985064	99,967210	100,599433
5,998453	99,876619	100,999382
6,011842	99,921569	100,665682
6,025232	99,885263	100,665682
6,038621	99,925718	100,541771
6,052011	99,892179	100,632557
6,065400	99,953379	100,632557
6,078789	99,897365	100,757695
6,092179	99,876274	100,482883
6,105568	99,944390	100,482883
6,118958	99,906355	100,466934
6,132347	99,966173	100,466934
6,145736	99,950959	100,665682
6,159126	99,911196	100,616608
6,172515	99,903243	100,616608
6,185905	99,902552	100,658321
6,199294	99,907393	100,475522
6,212683	99,898057	100,890193
6,226073	99,915345	100,890193
6,239462	99,864172	100,599433
6,252852	99,921915	100,550359
6,266241	99,990031	100,550359
6,279630	99,940932	100,508647
6,293020	99,929867	100,715982
6,306409	99,900477	100,715982
6,319799	99,934017	100,590845
6,333188	99,941969	100,782231
6,346577	99,914654	100,782231
6,359967	99,926064	100,874244
6,373356	99,916382	100,566308
6,386746	99,900131	100,566308
6,400135	99,890104	100,766283
6,413525	99,928830	100,766283
6,426914	99,934708	100,815356
6,440303	99,875236	100,931906
6,453693	99,864518	100,931906
6,467082	99,896674	100,574896
6,480472	99,900131	100,550359
6,493861	99,919149	100,550359
6,507250	99,933325	100,674270
6,520640	99,874199	100,374921
6,534029	99,856911	100,374921
6,547419	99,913616	100,616608
6,560808	99,969976	100,558947
6,574197	99,917766	100,558947
6,587587	99,899786	100,715982
6,600976	99,898748	100,807995
6,614366	99,880423	100,807995
6,627755	99,928139	100,292723
6,641144	99,869358	100,865656
6,654534	99,952688	100,841120
6,667923	99,882843	100,841120
6,681313	99,907047	100,566308
6,694702	99,919494	100,616608
6,708091	99,875928	100,616608
6,721481	99,890796	100,749107
6,734870	99,962369	100,217886
6,748260	99,897020	100,217886
6,761649	99,848612	100,682858
6,775038	99,849995	100,017912
6,788428	99,892525	100,017912
6,801817	99,894253	100,176174
6,815207	99,951305	100,176174
6,828596	99,861406	100,949081
6,841985	99,918111	100,366334
6,855375	99,847575	100,366334
6,868764	99,932633	100,500059
6,882154	99,889067	100,865656
6,895543	99,890450	100,865656
6,908932	99,937128	100,799407
6,922322	99,949576	100,533183
6,935711	99,898748	100,533183
6,949101	99,876965	100,341797
6,962490	99,880077	100,616608
6,975879	99,918111	100,616608
6,989269	99,905318	100,766283
7,002658	99,898057	100,558947
7,016048	99,891487	100,558947
7,029437	99,939895	100,907369
7,042826	99,904281	100,790819
7,056216	99,919494	100,790819
7,069605	99,894253	100,608021
7,082995	99,863826	100,898781
7,096384	99,969630	100,898781
7,109774	99,879385	100,733158
7,123163	99,847921	100,691446
7,136552	99,882843	100,691446
7,149942	99,880423	100,524596
7,163331	99,910159	100,482883
7,176721	99,876274	100,482883
7,190110	99,848612	100,982206
7,203499	99,910850	100,749107
7,216889	99,890796	100,749107
7,230278	99,906701	100,558947
7,243668	99,933325	100,558947
7,257057	99,908776	100,691446
7,270446	99,910159	100,832532
7,283836	99,905318	100,832532
7,297225	99,926410	100,700033
7,310615	99,904972	100,682858
7,324004	99,921223	100,682858
7,337393	99,914654	100,857069
7,350783	99,853799	100,741746
7,364172	99,934708	100,741746
7,377562	99,906009	100,658321
7,390951	99,917074	100,865656
7,404340	99,906009	100,865656
7,417730	99,956146	100,707394
7,431119	99,955454	100,658321
7,444509	99,913962	100,658321
7,457898	99,951996	100,649733
7,471287	99,878002	100,632557
7,484677	99,902552	100,632557
7,498066	99,908084	100,665682
7,511456	99,864172	100,665682
7,524845	99,855182	100,400685
7,538234	99,924681	100,400685
7,551624	99,907738	100,541771
7,565013	99,959603	100,541771
7,578403	99,963752	100,623969
7,591792	99,936783	100,774870
7,605181	99,833053	100,774870
7,618571	99,917074	100,774870
7,631960	99,935400	100,358973
7,645350	99,903589	100,358973
7,658739	99,889758	100,524596
7,672128	99,889413	100,550359
7,685518	99,908776	100,550359
7,698907	99,935745	100,583484
7,712297	99,940932	100,583484
7,725686	99,907393	100,524596
7,739075	99,917420	100,466934
7,752465	99,910850	100,466934
7,765854	99,899786	100,757695
7,779244	99,896674	100,590845
7,792633	99,920532	100,517235
7,806023	99,902206	100,517235
7,819412	99,902898	100,508647
7,832801	99,903243	100,508647
7,846191	99,913271	100,449759
7,859580	99,886992	100,442398
7,872970	99,926410	100,442398
7,886359	99,926410	100,632557
7,899748	99,864863	100,915957
7,913138	99,899440	100,915957
7,926527	99,953379	100,458346
7,939917	99,897020	100,517235
7,953306	99,943698	100,517235
7,966695	99,908084	100,733158
7,980085	99,897711	100,416634
7,993474	99,930559	100,416634
8,006864	99,897711	100,508647
8,020253	99,878694	100,458346
8,033642	99,849995	100,458346
8,047032	99,924335	100,590845
8,060421	99,911542	100,583484
8,073811	99,889758	100,583484
8,087200	99,909121	100,616608
8,100589	99,918111	100,590845
8,113979	99,897020	100,590845
8,127368	99,904281	100,799407
8,140758	99,807466	100,300084
8,154147	99,855182	100,300084
8,167536	99,863826	100,550359
8,180926	99,908776	100,251011
8,194315	99,918803	100,251011
8,207705	99,907047	100,134461
8,221094	99,916728	100,466934
8,234483	100,007665	100,466934
8,247873	99,887684	100,733158
8,261262	99,900477	99,984787
8,274652	99,913271	99,984787
8,288041	99,938857	100,425222
8,301430	99,879040	100,482883
8,314820	99,912925	100,482883
8,328209	99,868321	100,724570
8,341599	99,954417	100,284136
8,354988	99,925027	100,284136
8,368377	99,873507	100,334436
8,381767	99,873507	100,134461
8,395156	99,899440	100,134461
8,408546	99,895982	100,416634
8,421935	99,922952	100,358973
8,435325	99,952342	100,358973
8,448714	99,928484	100,674270
8,462103	99,873853	100,251011
8,475493	99,831670	100,251011
8,488882	99,910159	100,300084
8,502272	99,938166	100,408046
8,515661	99,885955	100,408046
8,529050	99,958566	100,308672
8,542440	99,984153	100,266960
8,555829	99,931596	100,266960
8,569219	99,903243	100,550359
8,582608	99,935745	100,641145
8,595997	99,976892	100,641145
8,609387	99,898057	100,599433
8,622776	99,891487	100,599433
8,636166	99,892525	100,517235
8,649555	99,884226	100,632557
8,662944	99,893562	100,590845
8,676334	99,856911	100,590845
8,689723	99,930905	100,632557
8,703113	99,928484	100,574896
8,716502	99,890796	100,574896
8,729891	99,894253	100,217886
8,743281	99,948193	100,350385
8,756670	99,871779	100,350385
8,770060	99,935745	100,749107
8,783449	99,875928	100,790819
8,796838	99,936783	100,790819
8,810228	99,982424	100,475522
8,823617	99,865555	100,416634
8,837007	99,925718	100,416634
8,850396	99,879385	100,574896
8,863785	99,932288	100,757695
8,877175	99,948884	100,757695
8,890564	99,878002	100,482883
8,903954	99,953034	100,707394
8,917343	99,958912	100,707394
8,930732	99,878002	100,550359
8,944122	100,006973	100,700033
8,957511	99,941623	100,700033
8,970901	99,882843	100,341797
8,984290	99,934362	100,341797
8,997679	99,903589	100,623969
9,011069	99,918111	100,416634
9,024458	99,947501	100,416634
9,037848	99,902898	100,841120
9,051237	99,932633	100,325848
9,064626	99,907393	100,325848
9,078016	99,897020	100,400685
9,091405	99,897365	100,400685
9,104795	99,903935	100,400685
9,118184	99,841697	100,084161
9,131574	99,905318	100,408046
9,144963	99,896674	100,408046
9,158352	99,881114	100,517235
9,171742	99,863134	100,700033
9,185131	99,893908	100,700033
9,198521	99,899094	100,632557
9,211910	99,958566	100,665682
9,225299	99,939895	100,665682
9,238689	99,911887	100,782231
9,252078	99,884918	100,782231
9,265468	99,929176	100,749107
9,278857	99,902898	100,491471
9,292246	99,872816	100,491471
9,305636	99,908084	100,724570
9,319025	99,916382	100,558947
9,332415	99,914654	100,558947
9,345804	99,919149	100,558947
9,359193	99,951996	100,982206
9,372583	99,963752	100,982206
9,385972	99,958566	100,882832
9,399362	99,938166	100,541771
9,412751	99,925718	100,541771
9,426140	99,871779	100,334436
9,439530	99,920532	100,051036
9,452919	99,858639	100,051036
9,466309	99,920532	100,442398
9,479698	99,916382	100,741746
9,493087	99,940586	100,741746
9,506477	99,944735	100,292723
9,519866	99,877657	100,408046
9,533256	99,905664	100,408046
9,546645	99,942661	100,807995
9,560034	99,871433	100,599433
9,573424	99,942315	100,599433
9,586813	99,874545	100,524596
9,600203	99,880423	100,524596
9,613592	99,863480	100,541771
9,626981	99,937128	100,433810
9,640371	99,983807	100,433810
9,653760	99,948884	100,707394
9,667150	99,929867	100,665682
9,680539	99,918457	100,774870
9,693928	99,903589	100,774870
9,707318	99,929522	100,641145
9,720707	99,955108	100,641145
9,734097	99,879385	100,541771
9,747486	99,863826	100,583484
9,760875	99,872124	100,583484
9,774265	99,958912	100,325848
9,787654	99,926755	100,649733
9,801044	99,898403	100,649733
9,814433	99,893908	100,383509
9,827823	99,895291	100,533183
9,841212	99,945427	100,682858
9,854601	99,928830	100,682858
9,867991	99,950268	100,658321
9,881380	99,904281	100,658321
9,894770	99,905318	100,574896
9,908159	99,940240	100,608021
9,921548	99,887684	100,608021
9,934938	99,938511	100,574896
9,948327	99,903243	100,358973
9,961717	99,855873	100,358973
9,975106	99,963061	100,266960
9,988495	99,905318	100,533183
10,001885	99,890450	100,533183
10,015274	99,893216	100,682858
10,028664	99,895291	100,682858
10,042053	99,931596	100,682858
10,055442	99,944390	100,500059
10,068832	99,909121	100,799407
10,082221	99,960295	100,799407
10,095611	99,931942	100,466934
10,109000	99,928139	100,334436
10,122389	99,902898	100,334436
