Zeit [s]  Piezo[nm]  MEMS[nm]
eoh
0,013327	0,057388	0,000000
0,026654	100,100324	0,000000
0,039982	100,021489	-0,415898
0,053309	100,048113	103,351229
0,066636	100,054682	103,351229
0,079963	100,008004	103,351229
0,093290	100,013190	102,461772
0,106617	99,980688	102,402884
0,119945	99,984146	102,402884
0,133272	99,974465	102,028698
0,146599	99,972044	102,028698
0,159926	99,978268	102,012749
0,173253	100,025638	102,444596
0,186580	99,957522	102,444596
0,199908	99,978614	101,946500
0,213235	99,967549	101,946500
0,226562	100,006275	101,953861
0,239889	100,001089	101,805414
0,253216	100,049150	101,962449
0,266544	99,951298	101,962449
0,279871	99,969970	101,796826
0,293198	100,025292	101,812775
0,306525	100,015265	101,812775
0,319852	99,931935	101,447177
0,333179	99,995556	101,447177
0,346507	99,950952	101,480302
0,359834	99,967203	101,920736
0,373161	99,976193	101,920736
0,386488	99,977231	101,713401
0,399815	99,893209	101,605439
0,413142	99,989333	101,605439
0,426470	100,014573	101,398104
0,439797	99,973427	101,563727
0,453124	99,944729	101,563727
0,466451	99,944383	101,580903
0,479778	99,981726	101,614027
0,493106	99,966166	101,614027
0,506433	99,944383	101,614027
0,519760	99,959942	101,638564
0,533087	99,931590	101,638564
0,546414	99,941617	101,771062
0,559741	99,972736	101,688864
0,573069	99,948532	101,688864
0,586396	99,963054	101,622615
0,599723	99,999014	101,622615
0,613050	99,966166	101,605439
0,626377	99,982417	101,563727
0,639704	100,002126	101,563727
0,653032	99,930552	101,406692
0,666359	99,995902	101,098755
0,679686	100,050879	101,098755
0,693013	99,964783	101,438589
0,706340	99,964437	101,704813
0,719668	99,953719	101,704813
0,732995	99,975502	101,406692
0,746322	100,002817	101,288915
0,759649	99,975502	101,288915
0,772976	99,959942	101,189541
0,786303	99,963746	101,488890
0,799631	99,976539	101,488890
0,812958	100,012845	101,422641
0,826285	100,018031	101,406692
0,839612	99,952681	101,406692
0,852939	100,014573	101,356391
0,866266	99,921908	100,949081
0,879594	99,967549	100,949081
0,892921	99,969278	101,605439
0,906248	99,939542	101,605439
0,919575	99,994865	101,488890
0,932902	99,983109	101,422641
0,946230	99,988641	101,339216
0,959557	100,014573	101,339216
0,972884	99,979997	101,114704
0,986211	99,979651	101,572315
0,999538	100,028058	101,572315
1,012865	99,981380	101,182180
1,026193	99,958905	101,182180
1,039520	99,933664	101,198129
1,052847	99,922254	101,314679
1,066174	99,977922	101,314679
1,079501	99,942654	101,506065
1,092828	99,993827	101,114704
1,106156	99,938159	100,998155
1,119483	99,975502	100,998155
1,132810	99,947841	100,823944
1,146137	99,977922	100,823944
1,159464	99,951990	101,182180
1,172792	99,976885	101,497478
1,186119	99,931590	101,497478
1,199446	100,001434	101,398104
1,212773	99,964437	101,380928
1,226100	100,024601	101,380928
1,239427	100,001089	100,874244
1,252755	100,021143	101,231254
1,266082	100,021489	101,231254
1,279409	99,958559	101,131880
1,292736	100,003855	100,865656
1,306063	99,959251	100,865656
1,319391	100,004546	101,031279
1,332718	99,944383	101,356391
1,346045	99,991061	101,356391
1,359372	99,952336	100,898781
1,372699	99,972736	101,006743
1,386026	99,994173	101,006743
1,399354	100,010424	101,147829
1,412681	100,002817	101,272966
1,426008	99,968932	101,272966
1,439335	99,949915	100,966257
1,452662	100,003163	101,671689
1,465989	99,935047	101,671689
1,479317	99,992444	101,206717
1,492644	99,987258	101,389516
1,505971	99,973427	101,389516
1,519298	99,974465	100,907369
1,532625	100,009387	100,966257
1,545953	100,006275	100,966257
1,559280	99,955447	101,372340
1,572607	100,004200	101,098755
1,585934	99,892172	101,098755
1,599261	99,998668	101,288915
1,612588	99,951644	101,389516
1,625916	99,990716	101,389516
1,639243	99,962017	101,255791
1,652570	99,962363	100,841120
1,665897	99,954756	100,841120
1,679224	99,953373	100,998155
1,692551	99,928823	101,214078
1,705879	99,950261	101,072992
1,719206	99,945074	101,072992
1,732533	99,966858	101,555139
1,745860	99,961671	101,555139
1,759187	99,965820	101,372340
1,772515	99,981034	101,081580
1,785842	100,041543	101,081580
1,799169	99,921217	101,264379
1,812496	99,966166	100,990794
1,825823	100,022180	100,990794
1,839150	99,966858	100,940493
1,852478	99,981034	101,288915
1,865805	99,944729	101,288915
1,879132	99,941271	100,990794
1,892459	99,972390	101,098755
1,905786	99,991753	101,098755
1,919113	100,032208	101,048455
1,932441	99,976193	101,431228
1,945768	99,926057	101,431228
1,959095	99,952681	101,173593
1,972422	99,974465	100,832532
1,985749	99,943000	100,832532
1,999077	99,936430	100,766283
2,012404	99,958905	101,057043
2,025731	99,967895	101,057043
2,039058	99,994173	101,140468
2,052385	99,951298	100,931906
2,065712	99,983109	100,931906
2,079040	100,010424	101,023918
2,092367	99,947495	101,140468
2,105694	99,953027	101,098755
2,119021	99,983800	101,098755
2,132348	100,010078	101,165005
2,145675	99,975156	101,165005
2,159003	100,012153	101,023918
2,172330	99,979651	101,039867
2,185657	99,967549	101,039867
2,198984	100,020451	100,807995
2,212311	99,948186	101,182180
2,225639	99,915339	101,182180
2,238966	99,987949	100,949081
2,252293	99,947149	100,949081
2,265620	99,903582	100,949081
2,278947	99,961671	100,949081
2,292274	99,966166	101,414053
2,305602	99,959251	101,414053
2,318929	100,004546	101,114704
2,332256	99,961671	101,114704
2,345583	100,016302	101,114704
2,358910	99,965820	101,173593
2,372237	99,951298	101,173593
2,385565	99,978614	101,255791
2,398892	99,956485	101,131880
2,412219	99,963054	101,131880
2,425546	99,984146	100,998155
2,438873	99,941271	101,081580
2,452201	100,001089	101,081580
2,465528	100,016994	101,065631
2,478855	99,981380	100,890193
2,492182	99,964783	100,890193
2,505509	99,977922	100,931906
2,518836	100,017685	100,865656
2,532164	99,982417	100,865656
2,545491	99,953719	101,048455
2,558818	99,935047	100,949081
2,572145	99,965475	100,949081
2,585472	99,963400	101,039867
2,598799	100,015957	101,264379
2,612127	100,019414	101,264379
2,625454	99,957868	100,982206
2,638781	100,013882	101,114704
2,652108	99,985183	101,114704
2,665435	99,946803	100,691446
2,678763	99,963746	100,691446
2,692090	99,981034	100,666909
2,705417	99,946803	100,874244
2,718744	100,005584	101,214078
2,732071	99,984146	101,214078
2,745398	99,963400	100,641145
2,758726	99,985875	100,898781
2,772053	99,995902	100,898781
2,785380	99,969278	100,790819
2,798707	99,920871	100,857069
2,812034	99,979997	100,857069
2,825361	99,926749	100,799407
2,838689	99,925712	101,182180
2,852016	99,958214	101,182180
2,865343	99,986566	101,123292
2,878670	99,962363	101,231254
2,891997	100,015611	101,231254
2,905325	100,025638	100,898781
2,918652	99,955447	100,799407
2,931979	99,955793	100,799407
2,945306	99,948186	100,832532
2,958633	99,969624	100,949081
2,971960	99,936430	100,949081
2,985288	99,928132	100,957669
2,998615	100,009041	100,682858
3,011942	100,006621	100,682858
3,025269	99,975502	100,616608
3,038596	99,938851	101,131880
3,051923	100,002817	101,131880
3,065251	99,924328	101,314679
3,078578	99,937122	101,297503
3,091905	99,993827	101,297503
3,105232	99,969278	100,973618
3,118559	99,942654	100,773644
3,131887	99,936430	100,773644
3,145214	99,954064	100,707394
3,158541	99,988641	100,915957
3,171868	100,002817	100,915957
3,185195	100,011807	101,081580
3,198522	100,016994	100,865656
3,211850	99,937468	100,865656
3,225177	99,984838	100,898781
3,238504	99,996248	100,757695
3,251831	99,952336	100,757695
3,265158	99,965475	101,039867
3,278485	100,021143	101,039867
3,291813	100,041197	100,874244
3,305140	99,991407	100,749107
3,318467	99,959942	100,749107
3,331794	99,983109	101,131880
3,345121	99,945074	100,966257
3,358449	99,974119	100,966257
3,371776	99,990716	101,039867
3,385103	99,973082	101,173593
3,398430	100,015957	101,173593
3,411757	100,000051	100,874244
3,425084	99,981380	100,857069
3,438412	99,975156	100,857069
3,451739	99,946803	100,557720
3,465066	99,965475	100,890193
3,478393	99,941271	100,890193
3,491720	100,002126	101,156417
3,505047	99,953719	101,006743
3,518375	99,964092	101,006743
3,531702	100,038777	100,757695
3,545029	99,933664	101,023918
3,558356	99,943000	101,023918
3,571683	99,978960	100,749107
3,585011	99,941271	100,949081
3,598338	99,955793	100,949081
3,611665	99,986566	100,707394
3,624992	99,948878	100,707394
3,638319	99,983454	100,832532
3,651646	99,952681	100,782231
3,664974	99,965820	100,782231
3,678301	99,933318	100,782231
3,691628	99,993827	100,807995
3,704955	99,988641	100,807995
3,718282	99,957868	100,691446
3,731609	99,987258	100,857069
3,744937	99,974465	100,857069
3,758264	99,951644	100,757695
3,771591	99,949569	100,757695
3,784918	100,024255	100,757695
3,798245	99,978614	100,773644
3,811573	99,990716	100,823944
3,824900	99,977922	100,823944
3,838227	100,001434	100,724570
3,851554	99,959942	100,749107
3,864881	100,003855	100,749107
3,878208	99,971353	100,749107
3,891536	99,977231	100,807995
3,904863	100,005238	100,807995
3,918190	99,895284	100,807995
3,931517	100,018377	100,841120
3,944844	100,021143	100,841120
3,958172	99,980343	100,649733
3,971499	99,929515	100,724570
3,984826	99,985875	100,724570
3,998153	99,972044	101,023918
4,011480	100,016302	100,799407
4,024807	99,984838	100,799407
4,038135	99,993136	100,807995
4,051462	99,985875	100,966257
4,064789	99,956139	100,966257
4,078116	99,944729	100,625196
4,091443	99,960288	100,599433
4,104770	99,985875	100,599433
4,118098	99,958559	100,749107
4,131425	99,937122	100,733158
4,144752	99,974810	100,733158
4,158079	99,999014	100,425222
4,171406	99,979651	100,641145
4,184734	99,951298	100,641145
4,198061	99,972736	100,766283
4,211388	99,998322	100,590845
4,224715	100,006621	100,590845
4,238042	99,926403	100,632557
4,251369	99,991061	100,632557
4,264697	99,956830	100,616608
4,278024	100,042235	100,367560
4,291351	99,973773	100,367560
4,304678	100,018031	100,674270
4,318005	99,949915	100,408046
4,331332	99,970315	100,408046
4,344660	99,956485	100,442398
4,357987	100,052262	100,608021
4,371314	100,004546	100,608021
4,384641	99,986566	100,700033
4,397968	99,916376	100,700033
4,411296	99,962363	100,674270
4,424623	99,989333	100,807995
4,437950	99,964783	100,807995
4,451277	99,995211	100,317260
4,464604	100,009733	100,782231
4,477931	100,014228	100,782231
4,491259	100,011807	100,475522
4,504586	99,965475	100,674270
4,517913	99,990024	100,674270
4,531240	99,957522	100,666909
4,544567	99,981380	101,048455
4,557894	99,974810	101,048455
4,571222	100,045692	100,616608
4,584549	99,991407	100,823944
4,597876	99,997631	100,823944
4,611203	100,059177	100,724570
4,624530	99,991407	100,500059
4,637858	99,983454	100,500059
4,651185	99,957522	100,533183
4,664512	99,999706	100,590845
4,677839	99,952336	100,590845
4,691166	99,996248	100,741746
4,704493	99,956485	100,741746
4,717821	100,001089	100,707394
4,731148	99,977231	100,549132
4,744475	99,974119	100,549132
4,757802	99,953719	100,724570
4,771129	99,967203	100,823944
4,784456	100,025292	100,823944
4,797784	100,016648	100,707394
4,811111	99,966512	100,458346
4,824438	99,941617	100,458346
4,837765	99,916030	100,799407
4,851092	100,011807	100,890193
4,864420	99,975156	100,890193
4,877747	100,014919	100,658321
4,891074	99,975502	100,458346
4,904401	100,006275	100,458346
4,917728	99,994519	100,400685
4,931055	99,974119	100,749107
4,944383	99,983800	100,749107
4,957710	99,960980	100,749107
4,971037	99,979305	100,625196
4,984364	100,023218	100,625196
4,997691	100,033245	100,915957
5,011018	99,969624	100,700033
5,024346	100,000051	100,700033
5,037673	99,987604	100,799407
5,051000	99,983454	100,649733
5,064327	99,940234	100,649733
5,077654	99,972044	100,616608
5,090982	99,934356	100,616608
5,104309	99,981034	100,649733
5,117636	99,961671	100,724570
5,130963	99,880762	100,724570
5,144290	99,969970	100,707394
5,157617	99,888369	100,458346
5,170945	99,943691	100,458346
5,184272	99,919142	100,599433
5,197599	100,006275	100,691446
5,210926	99,985529	100,691446
5,224253	100,003855	100,790819
5,237580	99,982071	100,458346
5,250908	99,952336	100,458346
5,264235	99,921908	100,757695
5,277562	99,968587	100,865656
5,290889	99,991407	100,508647
5,304216	99,995211	100,508647
5,317544	99,907040	100,632557
5,330871	99,945420	100,632557
5,344198	99,990370	100,184762
5,357525	100,006967	100,583484
5,370852	99,968241	100,907369
5,384179	99,976539	100,907369
5,397507	99,956485	100,549132
5,410834	99,964437	100,625196
5,424161	99,937813	100,625196
5,437488	99,973773	100,700033
5,450815	99,955793	100,724570
5,464142	99,961671	100,724570
5,477470	99,945420	100,707394
5,490797	100,013536	100,715982
5,504124	99,981726	100,715982
5,517451	99,976193	100,749107
5,530778	99,988641	100,425222
5,544106	99,958905	100,425222
5,557433	99,942308	100,641145
5,570760	99,936776	100,733158
5,584087	99,974465	100,733158
5,597414	99,950261	100,632557
5,610741	99,948532	100,632557
5,624069	100,001089	100,658321
5,637396	99,975156	100,442398
5,650723	100,029096	100,682858
5,664050	99,998668	100,682858
5,677377	99,990370	100,807995
5,690704	100,001780	100,915957
5,704032	99,954064	100,915957
5,717359	99,984146	100,475522
5,730686	99,955102	100,475522
5,744013	99,973427	100,425222
5,757340	99,989333	100,865656
5,770668	99,917067	100,865656
5,783995	99,927440	100,583484
5,797322	99,973773	100,449759
5,810649	100,049842	100,449759
5,823976	99,916030	100,782231
5,837303	100,001089	100,707394
5,850631	100,034974	100,707394
5,863958	99,922600	100,616608
5,877285	99,929861	100,557720
5,890612	99,964437	100,557720
5,903939	99,977576	100,533183
5,917266	100,003509	100,416634
5,930594	99,964783	100,416634
5,943921	99,973082	100,590845
5,957248	99,994173	100,541771
5,970575	99,959251	100,541771
5,983902	100,008695	100,333209
5,997230	99,997631	100,333209
6,010557	100,010424	100,192123
6,023884	99,915339	100,266960
6,037211	99,996248	100,266960
6,050538	99,952681	100,700033
6,063865	99,958559	100,557720
6,077193	99,971353	100,557720
6,090520	99,992790	100,574896
6,103847	99,960980	100,442398
6,117174	100,020797	100,442398
6,130501	99,970661	100,882832
6,143828	99,986566	100,882832
6,157156	100,004200	100,583484
6,170483	99,983800	100,583484
6,183810	99,984838	101,031279
6,197137	99,969624	101,031279
6,210464	99,986912	100,616608
6,223792	99,989678	100,484110
6,237119	99,904620	100,484110
6,250446	99,938851	100,583484
6,263773	99,963400	100,583484
6,277100	99,912918	100,500059
6,290427	100,001434	100,500059
6,303755	99,945766	100,982206
6,317082	99,976885	100,982206
6,330409	100,039469	100,857069
6,343736	99,969970	100,557720
6,357063	100,009733	100,557720
6,370391	99,979651	100,392097
6,383718	99,959251	100,392097
6,397045	100,000397	100,632557
6,410372	99,934701	100,608021
6,423699	99,964783	100,608021
6,437026	99,966858	100,707394
6,450354	99,969278	100,666909
6,463681	99,989678	100,666909
6,477008	99,920179	100,616608
6,490335	99,999014	100,641145
6,503662	100,021143	100,641145
6,516989	100,015957	100,674270
6,530317	100,022180	100,541771
6,543644	99,996594	100,541771
6,556971	99,964437	100,508647
6,570298	99,945420	100,508647
6,583625	100,004892	100,508647
6,596953	99,971007	100,608021
6,610280	99,962709	100,599433
6,623607	99,978614	100,599433
6,636934	99,966166	100,517235
6,650261	99,987604	100,666909
6,663588	100,031516	100,666909
6,676916	99,961671	100,616608
6,690243	99,971353	100,741746
6,703570	99,947149	100,741746
6,716897	99,970661	100,733158
6,730224	99,975156	100,691446
6,743551	99,991061	100,691446
6,756879	99,986566	100,649733
6,770206	99,947841	100,741746
6,783533	99,929169	100,741746
6,796860	99,971698	100,641145
6,810187	100,003509	100,799407
6,823515	100,003163	100,799407
6,836842	100,006967	100,574896
6,850169	100,019760	100,317260
6,863496	99,972390	100,317260
6,876823	99,986912	100,508647
6,890150	99,995211	100,508647
6,903478	99,960980	100,874244
6,916805	99,985529	100,733158
6,930132	99,965129	100,733158
6,943459	100,041889	100,150410
6,956786	100,009041	100,308672
6,970113	99,975848	100,475522
6,983441	99,952336	100,475522
6,996768	99,995211	100,333209
7,010095	100,040852	100,367560
7,023422	99,971353	100,367560
7,036749	100,028404	100,549132
7,050077	99,938505	100,549132
7,063404	99,995211	100,275548
7,076731	99,950607	100,333209
7,090058	99,962017	100,333209
7,103385	99,932281	100,566308
7,116712	100,010770	100,666909
7,130040	99,961671	100,666909
7,143367	99,930206	100,084161
7,156694	99,984492	100,508647
7,170021	99,953027	100,508647
7,183348	99,971007	100,341797
7,196675	99,973427	100,749107
7,210003	99,988987	100,749107
7,223330	99,953719	100,557720
7,236657	99,996594	100,823944
7,249984	99,951990	100,823944
7,263311	100,001434	100,682858
7,276639	99,951298	100,682858
7,289966	99,968932	100,333209
7,303293	99,979651	100,416634
7,316620	100,040852	100,416634
7,329947	99,966166	100,857069
7,343274	99,943346	100,649733
7,356602	99,913610	100,649733
7,369929	99,956485	100,367560
7,383256	99,991753	100,790819
7,396583	99,970661	100,790819
7,409910	100,032208	100,882832
7,423237	99,979305	100,251011
7,436565	100,023909	100,251011
7,449892	100,046384	100,890193
7,463219	99,964437	100,649733
7,476546	99,988641	100,649733
7,489873	99,973427	100,541771
7,503201	100,010424	100,823944
7,516528	99,919488	100,823944
7,529855	99,959942	100,691446
7,543182	99,979305	100,691446
7,556509	99,972736	100,583484
7,569836	100,014919	100,583484
7,583164	99,995211	100,500059
7,596491	99,940925	100,500059
7,609818	99,952336	100,392097
7,623145	99,990024	100,574896
7,636472	99,953027	100,574896
7,649799	99,997977	100,416634
7,663127	99,923637	100,416634
7,676454	99,929515	100,691446
7,689781	99,988641	100,500059
7,703108	100,021835	100,616608
7,716435	99,980688	100,616608
7,729763	99,979997	100,517235
7,743090	99,946112	100,533183
7,756417	99,996248	100,533183
7,769744	99,977231	100,583484
7,783071	99,962709	100,583484
7,796398	100,000397	100,832532
7,809726	99,990024	100,358973
7,823053	99,988641	100,358973
7,836380	99,960288	100,158998
7,849707	99,987258	100,691446
7,863034	100,016648	100,691446
7,876361	99,964783	100,616608
7,889689	99,972044	100,583484
7,903016	99,963746	100,649733
7,916343	99,968241	100,649733
7,929670	99,950261	100,533183
7,942997	100,032208	100,574896
7,956325	99,976539	100,574896
7,969652	99,968241	100,616608
7,982979	99,950261	100,616608
7,996306	100,001434	100,400685
8,009633	100,004546	100,416634
8,022960	100,020451	100,416634
8,036288	99,971698	100,358973
8,049615	99,982417	100,666909
8,062942	99,934010	100,666909
8,076269	99,968932	100,625196
8,089596	99,953027	100,458346
8,102923	99,995556	100,458346
8,116251	99,997631	100,374921
8,129578	99,974465	100,466934
8,142905	99,976885	100,466934
8,156232	99,932281	100,374921
8,169559	99,940579	100,524596
8,182887	99,945766	100,524596
8,196214	100,026675	100,350385
8,209541	99,975848	100,608021
8,222868	99,934010	100,608021
8,236195	100,008004	100,392097
8,249522	100,024255	100,673043
8,262850	100,031170	100,673043
8,276177	99,946803	100,192123
8,289504	99,944383	100,416634
8,302831	99,951298	100,416634
8,316158	100,004546	100,658321
8,329485	99,960288	100,658321
8,342813	99,945766	100,400685
8,356140	100,003163	100,557720
8,369467	99,921908	100,557720
8,382794	100,038431	100,691446
8,396121	100,003855	100,517235
8,409449	99,888369	100,658321
8,422776	99,991407	100,658321
8,436103	99,967549	100,491471
8,449430	99,981726	100,317260
8,462757	99,972044	100,317260
8,476084	100,019414	100,233835
8,489412	99,955102	100,583484
8,502739	100,002817	100,583484
8,516066	99,967203	100,484110
8,529393	99,996248	100,484110
8,542720	99,973773	100,217886
8,556047	99,982417	100,092749
8,569375	99,959942	100,092749
8,582702	99,962709	100,035088
8,596029	99,951990	100,284136
8,609356	100,027021	100,284136
8,622683	100,018723	100,533183
8,636011	100,016648	100,458346
8,649338	99,965820	100,350385
8,662665	99,959597	100,350385
8,675992	99,982417	100,433810
8,689319	99,965129	100,433810
8,702646	100,016648	100,392097
8,715974	99,996248	100,442398
8,729301	99,966166	100,442398
8,742628	99,969278	100,009324
8,755955	100,002472	100,815356
8,769282	99,977576	100,815356
8,782609	99,989678	100,625196
8,795937	99,936430	100,084161
8,809264	99,980688	100,084161
8,822591	99,951990	100,625196
8,835918	99,919833	100,442398
8,849245	99,955793	100,442398
8,862573	100,048804	100,682858
8,875900	99,981034	100,773644
8,889227	99,987258	100,773644
8,902554	100,018723	100,508647
8,915881	99,948186	100,317260
8,929208	99,969278	100,317260
8,942536	100,018723	100,898781
8,955863	99,946803	100,898781
8,969190	99,944383	100,549132
8,982517	99,991753	99,801988
8,995844	100,001434	99,801988
9,009172	100,015611	100,557720
9,022499	99,992790	100,092749
9,035826	100,024946	100,092749
9,049153	100,009041	100,059624
9,062480	99,972736	100,491471
9,075807	99,948532	100,491471
9,089135	99,982071	100,616608
9,102462	99,982417	100,484110
9,115789	99,946457	100,484110
9,129116	100,020106	100,508647
9,142443	99,944037	100,508647
9,155770	99,959251	100,508647
9,169098	99,945074	100,341797
9,182425	99,941963	100,341797
9,195752	99,953373	100,392097
9,209079	100,046038	100,874244
9,222406	99,953719	100,400685
9,235734	100,025984	100,400685
9,249061	99,953719	100,773644
9,262388	99,969970	100,773644
9,275715	99,995556	100,433810
9,289042	99,987949	100,300084
9,302369	100,063327	100,300084
9,315697	99,954756	100,408046
9,329024	99,981034	100,251011
9,342351	99,992444	100,251011
9,355678	100,033245	100,374921
9,369005	99,995211	100,308672
9,382332	99,972044	100,308672
9,395660	100,009387	100,358973
9,408987	99,993482	100,517235
9,422314	99,975502	100,517235
9,435641	99,931590	100,125874
9,448968	100,007312	100,625196
9,462296	99,997285	100,625196
9,475623	99,959597	100,583484
9,488950	99,992790	100,259599
9,502277	99,950261	100,259599
9,515604	100,009041	100,625196
9,528931	100,001089	100,367560
9,542259	99,986566	100,367560
9,555586	99,956139	100,466934
9,568913	99,972390	100,466934
9,582240	99,907040	100,217886
9,595567	99,985529	100,026500
9,608894	100,012499	100,026500
9,622222	100,009041	100,341797
9,635549	99,973773	100,275548
9,648876	99,983800	100,275548
9,662203	100,013190	100,524596
9,675530	100,027021	100,184762
9,688858	99,945420	100,184762
9,702185	100,001434	100,150410
9,715512	99,992099	100,158998
9,728839	99,964092	100,158998
9,742166	100,047767	100,266960
9,755493	99,973773	100,200711
9,768821	99,985875	100,200711
9,782148	99,977576	100,557720
9,795475	99,951644	100,557720
9,808802	99,961671	100,325848
9,822129	99,943000	100,300084
9,835456	99,983109	100,300084
9,848784	100,027367	100,300084
9,862111	99,932281	100,300084
9,875438	99,975502	100,300084
9,888765	100,006275	100,300084
9,902092	99,978614	100,251011
9,915420	100,001780	100,251011
9,928747	99,966858	100,449759
9,942074	99,970661	100,491471
9,955401	99,946803	100,491471
9,968728	99,979997	100,176174
9,982055	100,005929	100,284136
9,995383	99,975502	100,284136
10,008710	100,004892	100,508647
10,022037	99,920179	100,226474
10,035364	99,943000	100,226474
10,048691	100,000051	100,226474
10,062018	99,985183	100,300084
10,075346	99,986221	100,300084
10,088673	100,013882	100,358973
10,102000	100,011462	100,341797
10,115327	99,965129	100,341797
