Zeit [s]  Piezo[nm]  MEMS[nm]
0,013424	0,019014	0,000000
0,026847	9,982549	0,000000
0,040271	10,047198	3,074454
0,053695	10,039593	3,074454
0,067119	10,049964	10,678392
0,080542	10,040284	10,728692
0,093966	9,983932	10,312794
0,107390	19,757816	9,906711
0,120813	19,974239	12,948041
0,134237	20,023678	12,948041
0,147661	20,042001	20,567928
0,161084	20,003626	20,567928
0,174508	20,009157	20,593691
0,187932	20,015035	20,278394
0,201356	19,998786	20,203557
0,214779	30,054589	20,203557
0,228203	29,994432	23,053500
0,241627	30,010681	23,053500
0,255050	29,974380	31,130997
0,268474	30,021745	30,765399
0,281898	29,969885	30,575239
0,295321	30,029351	30,575239
0,308745	30,027968	30,773987
0,322169	40,010284	30,773987
0,335593	39,995418	31,421757
0,349016	40,020310	40,962871
0,362440	39,988849	40,962871
0,375864	40,022385	40,788660
0,389287	39,989540	41,088008
0,402711	39,988157	41,088008
0,416135	49,832330	41,029120
0,429558	50,007965	41,819203
0,442982	49,958870	41,819203
0,456406	49,985147	51,400803
0,469830	50,018338	51,400803
0,483253	49,999322	51,350503
0,496677	49,987221	51,243768
0,510101	49,977540	51,433927
0,523524	60,056279	51,433927
0,536948	60,000268	51,973736
0,550372	59,980215	61,365175
0,563795	60,003034	61,365175
0,577219	60,001651	61,357814
0,590643	60,028273	61,274390
0,604067	60,014443	61,274390
0,617490	68,552329	61,332051
0,630914	70,052192	61,332051
0,644338	69,989266	62,271808
0,657761	70,011394	71,454686
0,671185	69,998255	71,454686
0,684609	70,021420	71,703734
0,698032	69,968521	71,397024
0,711456	69,976127	71,487810
0,724880	79,989480	71,487810
0,738304	79,996395	72,185881
0,751727	80,006077	72,185881
0,765151	79,998124	81,917154
0,778575	79,978762	81,917154
0,791998	79,938654	81,726994
0,805422	79,984640	81,211723
0,818846	88,516908	81,385934
0,832269	89,999875	81,385934
0,845693	89,995726	82,200554
0,859117	90,037563	91,799329
0,872541	90,034451	91,799329
0,885964	90,028228	92,106038
0,899388	90,016817	91,607942
0,912812	89,967374	91,607942
0,926235	99,299875	91,607942
0,939659	100,023909	91,607942
0,953083	100,043618	91,856990
0,966506	100,013190	102,179599
0,979930	99,967895	102,179599
0,993354	99,964437	101,863075
1,006778	99,990370	101,713401
1,020201	99,983454	101,713401
1,033625	110,002109	101,920736
1,047049	110,001072	101,622615
1,060472	109,974793	101,622615
1,073896	109,991045	112,276470
1,087320	109,945403	111,761199
1,100743	109,981017	111,761199
1,114167	109,993119	112,193045
1,127591	118,986009	112,184457
1,141015	119,978388	112,184457
1,154438	119,979425	111,736662
1,167862	119,971472	122,407693
1,181286	119,955566	122,407693
1,194709	119,974584	121,950082
1,208133	120,003975	122,256792
1,221557	120,016077	122,256792
1,234980	129,976948	121,999156
1,248404	130,012910	121,858070
1,261828	129,977294	121,858070
1,275252	129,997695	132,445676
1,288675	129,999424	132,421139
1,302099	129,980406	132,421139
1,315523	130,033311	132,046954
1,328946	136,922712	132,487388
1,342370	139,994335	132,487388
1,355794	140,001942	132,163503
1,369217	140,007474	142,011326
1,382641	139,977737	142,011326
1,396065	140,030296	142,352387
1,409489	140,002633	142,460349
1,422912	140,022343	142,460349
1,436336	150,025360	142,526598
1,449760	149,998388	142,185537
1,463183	149,964501	142,185537
1,476607	150,015678	151,684938
1,490031	149,972800	152,765782
1,503454	149,976258	152,765782
1,516878	150,000117	152,416133
1,530302	159,636050	152,582983
1,543726	159,992222	152,582983
1,557149	160,046512	152,565808
1,570573	159,965595	162,447982
1,583997	159,976661	162,447982
1,597420	159,942773	162,738743
1,610844	159,994296	162,688442
1,624268	160,007783	162,605017
1,637691	170,065051	162,605017
1,651115	170,058481	162,455343
1,664539	170,000732	162,455343
1,677963	169,970647	171,971920
1,691386	169,974450	173,126374
1,704810	169,959235	173,126374
1,718234	169,986554	173,267460
1,731657	179,834070	172,943575
1,745081	179,962711	172,943575
1,758505	180,006628	172,985288
1,771928	179,985534	182,982785
1,785352	180,000404	182,982785
1,798776	179,969627	183,356970
1,812200	179,950607	183,215884
1,825623	179,933663	183,215884
1,839047	189,870549	183,191347
1,852471	190,001266	183,191347
1,865894	190,006108	182,850287
1,879318	189,978097	192,166889
1,892742	189,987434	192,166889
1,906165	189,991584	193,312755
1,919589	189,996771	193,312755
1,933013	200,015769	193,312755
1,946437	200,012311	193,030583
1,959860	199,965625	193,030583
1,973284	199,942801	193,030583
1,986708	199,990179	203,443978
2,000131	199,979804	203,443978
2,013555	199,952484	202,953243
2,026979	199,944876	203,252591
2,040402	210,080916	203,252591
2,053826	209,947082	202,953243
2,067250	209,989618	213,225552
2,080674	210,002760	213,225552
2,094097	210,016247	213,258676
2,107521	209,979589	213,258676
2,120945	209,989964	213,375226
2,134368	218,967631	213,375226
2,147792	219,956357	213,084465
2,161216	220,010652	213,084465
2,174639	220,042123	223,597234
2,188063	219,997857	223,497860
2,201487	219,975032	223,497860
2,214911	219,982986	223,405848
2,228334	219,947366	223,447560
2,241758	230,014203	223,447560
2,255182	229,992415	223,588646
2,268605	229,987919	233,918617
2,282029	229,974778	233,918617
2,295453	229,950569	233,652393
2,308876	230,024232	233,835192
2,322300	229,993107	233,835192
2,335724	235,427928	233,494131
2,349148	240,010298	233,469594
2,362571	239,998539	243,858452
2,375995	239,940438	243,858452
2,389419	239,963955	243,625353
2,402842	239,974330	243,625353
2,416266	239,939401	243,525980
2,429690	239,989202	243,783615
2,443113	250,053927	243,783615
2,456537	249,993058	243,766440
2,469961	249,978878	253,831413
2,483385	250,008275	253,831413
2,496808	249,983374	253,930787
2,510232	250,033176	253,997036
2,523656	249,995133	253,997036
2,537079	255,553243	253,814237
2,550503	259,943461	253,373803
2,563927	259,978737	253,373803
2,577350	259,957641	264,211683
2,590774	259,938965	264,102495
2,604198	259,919597	264,102495
2,617622	259,986346	263,987172
2,631045	259,949340	264,053421
2,644469	269,955232	264,053421
2,657893	269,996043	263,762661
2,671316	269,971141	274,167468
2,684740	269,991546	274,167468
2,698164	269,955923	273,809232
2,711587	269,992930	273,518471
2,725011	269,908887	273,518471
2,738435	276,274748	274,009206
2,751859	280,002434	274,042331
2,765282	279,997246	274,042331
2,778706	279,977532	284,048416
2,792130	279,992058	284,065592
2,805553	280,031832	284,065592
2,818977	280,001742	284,264339
2,832401	279,977878	284,323227
2,845824	290,070543	284,323227
2,859248	290,005520	283,841080
2,872672	289,981655	294,021376
2,886096	289,947414	294,021376
2,899519	290,034918	294,287600
2,912943	289,991685	294,212763
2,926367	289,921474	294,212763
2,939790	289,931504	293,880290
2,953214	300,062715	294,096213
2,966638	299,958261	294,096213
2,980061	300,022939	304,891155
2,993485	299,995270	304,475257
3,006909	299,939930	304,475257
3,020333	299,989044	304,400420
3,033756	299,972442	304,400420
3,047180	309,116329	304,151372
3,060604	309,995203	304,409008
3,074027	309,987594	304,409008
3,087451	309,977909	314,531643
3,100875	310,024602	314,115745
3,114298	309,976525	314,115745
3,127722	309,981022	314,888652
3,141146	309,939171	314,888652
3,154570	319,964506	314,124333
3,167993	320,069308	314,498518
3,181417	319,970040	314,498518
3,194841	319,982146	324,081344
3,208264	320,011200	324,546316
3,221688	319,935797	324,445715
3,235112	320,033682	324,445715
3,248535	329,807020	324,628514
3,261959	329,979964	324,421178
3,275383	329,959902	324,421178
3,288807	329,951601	334,136503
3,302230	329,940187	334,810037
3,315654	329,958865	334,810037
3,329078	329,950563	334,893461
3,342501	329,970971	334,618650
3,355925	340,041579	334,618650
3,369349	339,991771	334,552401
3,382772	339,941962	342,829872
3,396196	339,960986	342,829872
3,409620	339,892845	344,541310
3,423044	339,959257	344,882371
3,436467	339,941962	344,882371
3,449891	349,114772	344,624735
3,463315	349,998889	344,624735
3,476738	349,977443	344,981745
3,490162	349,918986	354,314296
3,503586	349,981594	354,314296
3,517010	349,948733	354,679894
3,530433	349,938356	354,813619
3,543857	349,885434	354,813619
3,557281	359,937325	354,622232
3,570704	359,962230	354,679894
3,584128	359,914149	354,679894
3,597552	359,961538	362,591767
3,610975	359,978142	365,225787
3,624399	359,926256	365,225787
3,637823	359,930753	365,276087
3,651247	359,935595	365,068752
3,664670	369,967233	365,068752
3,678094	370,001823	365,018452
3,691518	370,015660	370,620191
3,704941	369,959277	370,620191
3,718365	369,968616	375,224511
3,731789	369,971383	375,090786
3,745212	369,917768	375,090786
3,758636	379,688393	374,874863
3,772060	379,956822	375,066249
3,785484	379,967546	375,066249
3,798907	379,941948	378,481764
3,812331	380,005596	385,371683
3,825755	379,918426	385,371683
3,839178	379,978615	385,246545
3,852602	379,981036	384,790162
3,866026	389,964898	384,790162
3,879449	389,920967	384,948424
3,892873	389,938263	390,715786
3,906297	389,974238	390,715786
3,919721	389,942414	395,551979
3,933144	389,930306	395,551979
3,946568	389,924080	394,869857
3,959992	400,008412	394,869857
3,973415	399,911899	395,302931
3,986839	399,995613	395,302931
4,000263	399,940957	402,939993
4,013686	399,967247	405,350728
4,027110	399,996305	405,350728
4,040534	399,950297	405,424338
4,053958	399,949259	405,317604
4,067381	399,917088	405,317604
4,080805	399,949951	405,109041
4,094229	399,963788	405,300428
4,107652	399,976933	405,300428
4,121076	399,923315	404,983904
4,134500	399,934730	405,258715
4,147923	399,980393	405,258715
4,161347	400,003224	404,734856
4,174771	399,976241	404,793744
4,188195	399,950643	404,793744
4,201618	399,922277	405,258715
4,215042	399,934730	405,258715
4,228466	399,924353	405,058741
4,241889	399,931617	404,835457
4,255313	399,953756	404,835457
4,268737	399,916396	404,809693
4,282160	399,943379	404,959367
4,295584	399,957561	404,959367
4,309008	399,938536	404,926243
4,322432	399,916050	405,267303
4,335855	399,962750	405,267303
4,349279	399,977625	405,201054
4,362703	399,941649	405,441514
4,376126	400,016369	405,441514
4,389550	399,965864	405,109041
4,402974	399,954794	404,734856
4,416397	399,974858	404,734856
4,429821	399,941649	404,893118
4,443245	399,910862	404,818281
4,456669	399,896333	404,818281
4,470092	399,948221	404,926243
4,483516	400,007721	404,877169
4,496940	399,941649	404,877169
4,510363	399,933693	404,917655
4,523787	399,945108	404,436734
4,537211	399,870734	404,436734
4,550634	399,879382	404,652658
4,564058	399,899446	404,652658
4,577482	399,945800	404,910294
4,590906	399,937498	405,009667
4,604329	399,966556	405,009667
4,617753	399,919164	404,826869
4,631177	399,942341	404,311597
4,644600	399,970361	404,311597
4,658024	399,970707	404,626894
4,671448	399,933001	404,626894
4,684871	399,905327	404,626894
4,698295	399,918818	404,543469
4,711719	399,934039	404,685782
4,725143	399,953410	404,685782
4,738566	399,932309	404,868581
4,751990	399,919164	404,776568
4,765414	399,975550	404,776568
4,778837	399,914321	404,884530
4,792261	399,947184	404,677195
4,805685	399,953756	404,677195
4,819108	399,948567	404,950779
4,832532	399,982814	404,635482
4,845956	399,918472	404,635482
4,859380	399,913283	404,718907
4,872803	399,975550	404,710319
4,886227	399,961021	404,710319
4,899651	399,942687	404,602357
4,913074	399,961021	404,710319
4,926498	399,931617	404,710319
4,939922	399,924699	404,377846
4,953345	399,914667	404,377846
4,966769	399,961713	404,644070
4,980193	399,908440	404,501757
4,993617	399,985235	404,501757
5,007040	399,991808	404,510345
5,020464	399,923661	404,501757
5,033888	399,938882	404,501757
5,047311	399,907056	404,644070
5,060735	399,952373	404,444095
5,074159	399,932655	404,444095
5,087582	399,960675	404,428147
5,101006	399,962404	404,252709
5,114430	399,932655	404,252709
5,127854	399,993192	404,353310
5,141277	399,870388	404,095674
5,154701	399,908094	404,095674
5,168125	400,007375	404,660019
5,181548	400,026401	404,593770
5,194972	399,923315	404,593770
5,208396	399,948221	404,477220
5,221819	399,933693	404,195048
5,235243	399,938190	404,195048
5,248667	399,934730	404,469859
5,262091	399,927812	404,195048
5,275514	399,922623	404,195048
5,288938	399,959983	404,303009
5,302362	399,913283	404,294421
5,315785	399,971398	404,294421
5,329209	399,885263	404,369258
5,342633	399,966556	404,386434
5,356056	399,960675	404,386434
5,369480	399,971398	404,685782
5,382904	399,975550	404,436734
5,396328	399,928850	404,436734
5,409751	399,899446	404,318958
5,423175	399,982122	404,219584
5,436599	399,905673	404,219584
5,450022	399,948567	404,203635
5,463446	399,947530	404,203635
5,476870	399,938190	404,203635
5,490293	399,934730	404,294421
5,503717	399,963096	404,294421
5,517141	399,944762	404,294421
5,530565	399,954448	404,020837
5,543988	399,962750	404,377846
5,557412	399,939919	404,377846
5,570836	399,974512	404,410971
5,584259	399,918472	404,219584
5,597683	399,965518	404,219584
5,611107	399,943033	404,344722
5,624530	400,003570	404,344722
5,637954	399,955140	404,087086
5,651378	399,915359	404,186460
5,664802	399,969323	404,186460
5,678225	399,940265	404,203635
5,691649	399,944762	404,012249
5,705073	399,913975	404,012249
5,718496	399,917780	404,177872
5,731920	399,972782	404,353310
5,745344	399,919856	404,353310
5,758767	399,959291	403,970536
5,772191	399,911899	404,111623
5,785615	399,992846	404,111623
5,799039	399,943379	404,128798
5,812462	399,953410	404,128798
5,825886	399,900830	404,186460
5,839310	399,940957	404,087086
5,852733	399,894949	404,087086
5,866157	399,886647	403,970536
5,879581	399,990078	404,377846
5,893004	399,982814	404,377846
5,906428	399,940957	404,269885
5,919852	399,972436	403,871162
5,933276	399,964826	403,871162
5,946699	399,981776	404,186460
5,960123	399,910170	404,028198
5,973547	399,977971	404,028198
5,986970	399,957907	404,203635
6,000394	399,964826	403,928824
6,013818	399,956870	403,928824
6,027241	399,891144	403,887111
6,040665	399,917088	404,186460
6,054089	399,892528	404,186460
6,067513	399,984198	403,754613
6,080936	399,971744	404,161923
6,094360	399,973474	404,161923
6,107784	399,950643	404,153335
6,121207	399,865545	403,904287
6,134631	399,956178	403,904287
6,148055	399,943033	403,904287
6,161478	399,929542	403,912875
6,174902	399,963442	403,912875
6,188326	399,970015	404,177872
6,201750	399,936460	404,177872
6,215173	399,953410	403,920236
6,228597	399,953410	403,587763
6,242021	399,985581	403,587763
6,255444	399,947876	404,036785
6,268868	399,943379	404,285833
6,282292	399,917434	404,285833
6,295715	399,988349	403,820862
6,309139	399,961713	403,838038
6,322563	399,949951	403,838038
6,335987	399,917780	404,311597
6,349410	399,957561	403,737437
6,362834	399,896679	403,737437
6,376258	399,952373	404,212223
6,389681	399,964826	404,212223
6,403105	399,981430	403,587763
6,416529	399,931617	403,961948
6,429952	399,921585	403,937412
6,443376	399,941995	403,937412
6,456800	399,981776	404,203635
6,470224	399,975896	404,203635
6,483647	399,974166	403,996300
6,497071	399,941649	403,996300
6,510495	399,937152	403,796325
6,523918	399,938190	403,796325
6,537342	399,936806	403,514153
6,550766	399,941303	403,771789
6,564189	399,918818	403,771789
6,577613	399,952027	403,871162
6,591037	399,949605	403,871162
6,604461	399,934039	403,771789
6,617884	399,979701	403,580402
6,631308	399,920202	403,580402
6,644732	399,919164	403,853987
6,658155	399,929887	403,629476
6,671579	399,977971	403,629476
6,685003	399,943033	403,721488
6,698426	399,954102	403,554638
6,711850	399,977279	403,554638
6,725274	399,956524	403,763201
6,738698	399,931963	403,737437
6,752121	399,913283	403,737437
6,765545	399,974166	403,904287
6,778969	399,937498	403,904287
6,792392	399,921931	403,638063
6,805816	399,992846	403,638063
6,819240	399,931963	403,730076
6,832663	399,976587	403,730076
6,846087	399,928850	403,996300
6,859511	399,987311	403,996300
6,872935	399,922623	403,737437
6,886358	400,029168	403,771789
6,899782	399,931271	403,771789
6,913206	399,935076	403,812274
6,926629	399,939227	403,737437
6,940053	399,940957	403,737437
6,953477	399,934039	403,688364
6,966901	399,936460	403,696952
6,980324	399,953064	403,696952
6,993748	399,979009	403,620888
7,007172	399,919856	403,620888
7,020595	399,950643	403,620888
7,034019	399,963788	403,730076
7,047443	399,930579	403,763201
7,060866	399,981776	403,763201
7,074290	399,916396	403,655239
7,087714	399,901522	403,613527
7,101138	399,921239	403,613527
7,114561	399,923315	403,613527
7,127985	399,950643	403,289642
7,141409	399,967247	403,289642
7,154832	399,934384	403,505565
7,168256	399,962404	403,446677
7,181680	399,972436	403,446677
7,195103	399,947876	403,496977
7,208527	399,920202	403,438089
7,221951	399,957907	403,438089
7,235375	399,982814	403,314178
7,248798	399,940957	403,488389
7,262222	399,930233	403,488389
7,275646	399,940957	403,430728
7,289069	399,929196	403,547277
7,302493	399,917780	403,547277
7,315917	399,963788	403,446677
7,329340	399,932309	403,404964
7,342764	399,921931	403,404964
7,356188	399,929542	403,256517
7,369612	399,945454	403,331354
7,383035	399,954794	403,331354
7,396459	399,957907	403,413552
7,409883	399,927466	403,297003
7,423306	399,948913	403,297003
7,436730	399,922623	403,314178
7,450154	399,890106	403,230753
7,463577	399,919164	403,230753
7,477001	399,945800	403,604939
7,490425	399,945800	403,446677
7,503849	399,991116	403,305590
7,517272	399,962404	403,305590
7,530696	399,984890	402,765782
7,544120	399,932309	403,305590
7,557543	399,924353	403,305590
7,570967	399,957907	403,389015
7,584391	399,905673	403,538690
7,597814	399,907748	403,538690
7,611238	399,986619	403,189041
7,624662	399,958599	403,455265
7,638086	399,877307	403,455265
7,651509	399,944070	403,230753
7,664933	399,898408	403,389015
7,678357	399,956524	403,155916
7,691780	399,952027	403,155916
7,705204	399,978317	403,014830
7,718628	399,894603	403,314178
7,732051	399,921239	403,314178
7,745475	399,976933	403,263878
7,758899	399,919510	403,263878
7,772323	399,941303	403,272466
7,785746	399,907748	403,646651
7,799170	399,937152	403,646651
7,812594	399,919164	403,138741
7,826017	399,965172	403,239341
7,839441	399,891490	403,239341
7,852865	399,908786	403,404964
7,866288	399,899446	402,948581
7,879712	399,971053	402,948581
7,893136	399,917088	403,206217
7,906560	399,993884	403,580402
7,919983	399,910862	403,580402
7,933407	400,008758	403,289642
7,946831	399,949605	403,155916
7,960254	399,976933	403,155916
7,973678	399,946146	403,222166
7,987102	399,973474	403,222166
8,000525	399,958945	403,114204
8,013949	399,954794	403,081079
8,027373	399,917780	402,990293
8,040797	399,894257	402,990293
8,054220	399,961367	403,256517
8,067644	399,898754	402,990293
8,081068	399,969323	402,990293
8,094491	399,945454	403,272466
8,107915	399,886647	403,380428
8,121339	399,943724	403,380428
8,134762	399,927466	403,039367
8,148186	399,953410	403,039367
8,161610	399,955140	403,289642
8,175034	399,906365	402,823443
8,188457	399,940957	402,823443
8,201881	399,922969	403,222166
8,215305	399,930925	403,098255
8,228728	399,918818	403,098255
8,242152	399,875577	403,032006
8,255576	399,940265	403,122792
8,268999	399,953410	403,122792
8,282423	399,927120	403,496977
8,295847	399,924007	403,256517
8,309271	399,961713	403,155916
8,322694	399,974512	403,155916
8,336118	399,948913	403,197629
8,349542	399,943033	403,197629
8,362965	399,914321	403,355891
8,376389	399,948567	403,230753
8,389813	399,929887	403,230753
8,403236	399,932655	402,981705
8,416660	399,955140	403,256517
8,430084	399,926082	403,256517
8,443508	399,910170	403,214804
8,456931	399,908786	403,089667
8,470355	399,945108	403,089667
8,483779	399,904981	403,056542
8,497202	399,938190	403,189041
8,510626	399,956524	403,189041
8,524050	399,972090	403,138741
8,537473	399,952027	403,006242
8,550897	399,894603	403,006242
8,564321	399,918472	403,106843
8,577745	399,925736	403,106843
8,591168	399,957907	403,032006
8,604592	399,964134	403,239341
8,618016	399,963442	403,239341
8,631439	399,973474	403,239341
8,644863	399,939573	403,289642
8,658287	399,972090	403,289642
8,671710	399,907748	403,289642
8,685134	399,918818	403,239341
8,698558	399,929887	403,131380
8,711982	399,945800	403,131380
8,725405	399,952719	403,256517
8,738829	399,939919	403,256517
8,752253	399,883879	402,957169
8,765676	399,934384	403,081079
8,779100	399,941995	403,081079
8,792524	399,911553	403,098255
8,805947	399,940611	403,073718
8,819371	399,925736	403,073718
8,832795	399,919856	403,347303
8,846219	399,898754	403,247929
8,859642	399,990770	403,247929
8,873066	399,916742	402,906868
8,886490	399,974512	402,856568
8,899913	399,914321	402,856568
8,913337	399,865891	403,256517
8,926761	399,913629	402,915456
8,940184	399,905673	402,915456
8,953608	399,914321	403,047955
8,967032	399,971744	403,039367
8,980456	399,919164	403,039367
8,993879	399,915705	403,081079
9,007303	399,950297	403,197629
9,020727	399,948221	403,197629
9,034150	399,913975	402,840619
9,047574	399,990770	402,898280
9,060998	399,953410	402,898280
9,074421	399,921239	402,922817
9,087845	399,928158	402,922817
9,101269	399,956524	403,214804
9,114693	399,930579	403,197629
9,128116	399,949951	402,931405
9,141540	399,901176	402,931405
9,154964	399,938882	402,957169
9,168387	399,992154	403,032006
9,181811	399,954448	403,032006
9,195235	399,982468	402,765782
9,208658	399,950297	402,765782
9,222082	399,954448	402,740018
9,235506	399,984890	402,807495
9,248930	399,915705	402,807495
9,262353	399,921585	402,873744
9,275777	399,966210	402,873744
9,289201	399,923315	402,873744
9,302624	399,916742	402,931405
9,316048	399,914667	403,138741
9,329472	399,893219	403,147328
9,342895	399,900138	403,147328
9,356319	399,973474	402,823443
9,369743	399,953064	402,823443
9,383167	399,984544	403,189041
9,396590	399,956870	403,189041
9,410014	399,962750	403,006242
9,423438	399,940957	402,915456
9,436861	399,948913	403,138741
9,450285	399,951681	403,138741
9,463709	399,930579	402,816082
9,477132	399,943379	402,624696
9,490556	399,959637	402,624696
9,503980	399,938190	402,939993
9,517404	399,957216	403,081079
9,530827	399,939573	403,081079
9,544251	399,902905	403,039367
9,557675	399,957216	402,898280
9,571098	399,944762	402,898280
9,584522	399,955832	403,047955
9,597946	399,949259	403,047955
9,611369	399,922623	402,856568
9,624793	399,978663	402,849207
9,638217	399,928158	402,865156
9,651641	399,907748	402,865156
9,665064	399,930579	402,906868
9,678488	399,977279	402,906868
9,691912	399,933347	402,790319
9,705335	399,908094	403,147328
9,718759	399,932655	403,147328
9,732183	399,952373	402,624696
9,745606	399,923661	402,673769
9,759030	399,917434	402,673769
9,772454	399,919856	402,906868
9,785878	399,919856	402,906868
9,799301	399,936114	402,906868
9,812725	399,910516	402,532683
9,826149	399,914667	403,214804
9,839572	399,935422	403,214804
9,852996	399,937844	403,106843
9,866420	399,939573	402,873744
9,879843	399,943033	402,873744
9,893267	399,885263	402,948581
9,906691	399,911899	402,948581
9,920115	399,862086	402,823443
9,933538	399,940957	402,490970
9,946962	399,936460	402,906868
9,960386	399,970707	402,906868
9,973809	399,943724	402,856568
9,987233	399,990424	402,856568
10,000657	399,962059	403,006242
10,014080	399,961367	403,006242
10,027504	399,962404	402,740018
10,040928	399,893565	403,189041
10,054352	399,929542	403,014830
10,067775	399,979009	403,014830
10,081199	399,943724	402,898280
10,094623	399,891490	402,915456
10,108046	399,882150	402,915456
10,121470	399,965518	402,823443
10,134894	399,966556	402,607520
10,148317	399,971744	402,607520
10,161741	399,928504	402,849207
10,175165	399,926082	402,765782
10,188589	399,961713	402,765782
10,202012	399,970707	402,508146
10,215436	399,940957	402,475022
10,228860	399,960329	402,475022
10,242283	399,938190	402,582983
10,255707	399,891836	402,906868
10,269131	399,945800	402,906868
10,282554	399,954794	402,816082
10,295978	399,966556	402,856568
10,309402	399,909824	402,856568
10,322826	399,963442	402,781731
10,336249	399,937844	402,781731
10,349673	399,953756	402,698306
10,363097	399,930925	402,698306
10,376520	399,895641	402,698306
10,389944	399,968285	402,349884
10,403368	399,938536	402,349884
10,416792	399,948221	402,565808
10,430215	399,935768	402,408772
10,443639	399,963096	402,574395
10,457063	399,968631	402,574395
10,470486	399,972782	402,981705
10,483910	399,988349	402,816082
10,497334	399,971398	402,816082
10,510757	399,944070	402,633284
10,524181	399,910516	402,557220
10,537605	399,911899	402,557220
10,551029	399,903597	402,706894
10,564452	399,923315	402,706894
10,577876	399,934039	402,374421
10,591300	399,954448	402,490970
10,604723	399,881804	402,490970
10,618147	399,966556	402,865156
10,631571	399,915359	402,957169
10,644994	399,918818	402,957169
10,658418	399,909824	402,532683
10,671842	399,921239	402,673769
10,685266	399,932309	402,673769
10,698689	399,920893	402,922817
10,712113	399,965518	402,922817
10,725537	399,888376	402,832031
10,738960	399,987657	402,724070
10,752384	399,952719	402,724070
10,765808	399,913283	402,774370
10,779231	399,961367	402,840619
10,792655	399,914321	402,840619
10,806079	399,890452	402,475022
10,819503	399,936806	402,657820
10,832926	399,944762	402,657820
10,846350	399,912245	402,832031
10,859774	399,940957	402,549859
10,873197	399,967247	402,549859
10,886621	399,982814	402,424721
10,900045	399,922277	402,666408
10,913468	399,943379	402,666408
10,926892	399,953064	402,508146
10,940316	399,884225	402,640645
10,953740	399,971053	402,640645
10,967163	399,885263	402,633284
10,980587	399,980393	402,391597
10,994011	399,921585	402,391597
11,007434	399,974512	402,582983
11,020858	399,922969	402,582983
11,034282	399,927812	402,582983
11,047705	399,905327	402,482383
11,061129	399,941995	402,482383
11,074553	399,966901	402,499558
11,087977	399,943724	402,541271
11,101400	399,931963	402,541271
11,114824	399,954794	402,574395
11,128248	399,946146	402,475022
11,141671	399,974858	402,906868
11,155095	399,910862	402,906868
11,168519	399,955140	402,807495
11,181942	399,934039	402,807495
11,195366	399,947876	402,367060
11,208790	399,962404	402,416133
11,222214	399,898062	402,416133
11,235637	399,963788	402,715482
11,249061	399,894603	402,715482
11,262485	399,977625	402,715482
11,275908	399,933347	402,490970
11,289332	399,919510	402,433309
11,302756	399,926082	402,433309
11,316179	399,958253	402,657820
11,329603	399,946146	402,574395
11,343027	399,950297	402,574395
11,356451	399,921239	402,374421
11,369874	399,998035	402,367060
11,383298	399,925390	402,367060
11,396722	399,916396	402,482383
11,410145	399,894949	402,416133
11,423569	399,952719	402,416133
11,436993	399,877999	402,358472
11,450416	399,912245	402,541271
11,463840	399,980738	402,541271
11,477264	399,908786	402,706894
11,490688	399,944762	402,706894
11,504111	399,921931	402,441897
11,517535	399,931617	402,607520
11,530959	399,897025	402,217386
11,544382	399,958253	402,217386
11,557806	399,930579	402,499558
11,571230	399,944070	402,499558
11,584653	399,964480	402,490970
11,598077	399,908094	402,349884
11,611501	399,953410	402,341296
11,624925	399,920547	402,341296
11,638348	399,919510	402,475022
11,651772	399,925736	402,250510
11,665196	399,897716	402,250510
11,678619	399,994575	402,250510
11,692043	399,911899	402,250510
11,705467	399,906710	402,441897
11,718890	399,967593	402,441897
11,732314	399,954794	402,441897
11,745738	399,906710	402,225974
11,759162	399,917434	402,698306
11,772585	399,930579	402,698306
11,786009	399,963442	402,524095
11,799433	399,934384	402,524095
11,812856	400,003570	402,524095
11,826280	399,877999	402,541271
11,839704	399,944416	402,541271
11,853127	399,922969	402,607520
11,866551	399,947184	402,657820
11,879975	399,968631	402,657820
11,893399	399,967939	402,823443
11,906822	399,959291	402,367060
11,920246	399,952719	402,367060
11,933670	399,957216	402,508146
11,947093	399,949605	402,151137
11,960517	400,000110	402,151137
11,973941	399,924007	402,424721
11,987364	399,964134	402,450485
12,000788	399,961367	402,450485
12,014212	400,004953	402,475022
12,027636	399,965864	402,607520
12,041059	399,973128	402,607520
12,054483	399,938536	402,649232
12,067907	399,929887	402,640645
12,081330	399,973820	402,640645
12,094754	399,978663	402,582983
12,108178	399,935422	402,416133
12,121601	399,891836	402,416133
12,135025	399,960675	402,408772
12,148449	399,978663	402,167085
12,161873	399,933347	402,167085
12,175296	399,946492	402,175673
12,188720	399,907402	402,383009
12,202144	399,942687	402,383009
12,215567	399,914321	402,292223
12,228991	399,974512	402,358472
12,242415	399,950643	402,358472
12,255838	399,949259	402,208798
12,269262	399,952027	402,516734
12,282686	399,959983	402,516734
12,296110	399,898754	402,333935
12,309533	399,970361	402,233335
12,322957	399,922969	402,233335
12,336381	399,953756	402,482383
12,349804	399,969669	402,333935
12,363228	399,922969	402,333935
12,376652	399,920547	402,508146
12,390075	399,934039	402,508146
12,403499	399,920202	402,133961
12,416923	399,901868	402,482383
12,430347	399,941649	402,450485
12,443770	399,933001	402,450485
12,457194	399,929887	402,367060
12,470618	399,964134	402,367060
12,484041	399,932309	402,367060
12,497465	399,955832	402,299584
12,510889	399,930233	402,299584
12,524312	399,902559	402,482383
12,537736	399,948913	402,424721
12,551160	399,896679	402,424721
12,564584	399,929887	402,416133
12,578007	399,951681	402,167085
12,591431	399,928850	402,316760
12,604855	399,914321	402,151137
12,618278	399,917088	402,151137
12,631702	399,942687	402,067712
12,645126	399,962059	402,067712
12,658549	400,000110	401,859149
12,671973	399,900138	402,250510
12,685397	399,957907	402,241923
12,698821	400,009450	402,757194
12,712244	399,909478	402,757194
12,725668	399,935422	402,358472
12,739092	399,940611	402,424721
12,752515	399,910862	402,424721
12,765939	399,979355	402,233335
12,779363	399,941995	402,034587
12,792786	399,914321	402,034587
12,806210	399,901176	402,192849
12,819634	399,930925	402,416133
12,833058	399,943724	402,416133
12,846481	399,895987	402,250510
12,859905	399,948567	402,184261
12,873329	399,944762	402,184261
12,886752	399,876269	402,574395
12,900176	399,982814	402,557220
12,913600	399,941303	402,557220
12,927023	399,924699	402,217386
12,940447	399,890106	402,217386
12,953871	399,991808	402,383009
12,967295	399,895295	402,158498
12,980718	399,910170	402,616108
12,994142	399,935076	402,616108
13,007566	399,981084	402,233335
13,020989	399,970707	402,184261
13,034413	399,935768	402,184261
13,047837	399,921585	402,433309
13,061260	399,926082	402,316760
13,074684	399,979355	402,316760
13,088108	399,927812	402,059124
13,101532	399,935768	402,341296
13,114955	399,913975	402,341296
13,128379	399,884571	402,192849
13,141803	399,911553	402,275047
13,155226	399,898408	402,275047
13,168650	399,980738	402,649232
13,182074	399,933001	402,466434
13,195497	399,920202	402,466434
13,208921	399,970707	402,017411
13,222345	399,944416	402,017411
13,235769	399,933347	402,142549
13,249192	399,887339	402,482383
13,262616	399,940611	402,482383
13,276040	399,881458	402,116785
13,289463	399,909824	401,951162
13,302887	399,940265	401,951162
13,316311	399,989733	402,325347
13,329734	399,961367	402,466434
13,343158	399,930233	402,466434
13,356582	399,961713	402,184261
13,370006	399,930579	402,299584
13,383429	399,913283	402,299584
13,396853	399,902905	402,184261
13,410277	399,905327	402,325347
13,423700	399,942341	402,325347
13,437124	399,910516	402,257871
13,450548	399,946838	402,257871
13,463971	399,922277	401,951162
13,477395	399,888376	402,158498
13,490819	399,920547	402,041948
13,504243	399,961021	402,041948
13,517666	399,898062	402,017411
13,531090	399,934730	402,175673
13,544514	399,944416	402,175673
13,557937	399,882842	402,067712
13,571361	399,927120	401,784312
13,584785	399,924699	401,784312
13,598208	399,937844	402,316760
13,611632	399,965518	402,308172
13,625056	399,975550	402,308172
13,638480	399,918472	402,109424
13,651903	399,968631	402,109424
13,665327	399,942687	402,299584
13,678751	399,901176	402,241923
13,692174	399,906019	402,241923
13,705598	399,938536	402,450485
13,719022	399,950989	402,133961
13,732446	399,924699	402,133961
13,745869	399,957907	402,308172
13,759293	399,941995	402,076299
13,772717	399,928850	402,076299
13,786140	399,943033	402,116785
13,799564	399,966210	402,241923
13,812988	399,966556	402,241923
13,826411	399,916396	401,909450
13,839835	399,900138	401,900862
13,853259	399,938536	401,900862
13,866683	399,944070	402,092248
13,880106	399,947184	402,308172
13,893530	399,917780	402,308172
13,906954	399,921931	401,668989
13,920377	399,912245	401,776951
13,933801	399,890106	402,067712
13,947225	399,931271	401,893501
13,960648	399,882842	401,759775
13,974072	399,907056	401,759775
13,987496	399,924007	402,067712
14,000920	399,893565	402,067712
14,014343	399,949605	402,025999
14,027767	399,970015	402,017411
14,041191	399,936460	401,859149
14,054614	399,893565	401,859149
14,068038	399,952719	402,475022
14,081462	399,882150	401,843200
14,094885	399,951681	401,843200
14,108309	399,939919	402,092248
14,121733	399,919164	402,109424
14,135157	399,961713	402,109424
14,148580	399,876269	401,959750
14,162004	399,952027	402,133961
14,175428	399,986273	402,133961
14,188851	400,000456	402,225974
14,202275	399,940957	402,001462
14,215699	399,867621	402,001462
14,229122	399,938882	401,992875
14,242546	399,908440	402,225974
14,255970	399,931963	402,225974
14,269394	399,902905	402,374421
14,282817	399,950989	401,876325
14,296241	399,938190	401,876325
14,309665	399,899100	401,951162
14,323088	399,887685	401,951162
14,336512	399,915705	402,059124
14,349936	399,884917	402,067712
14,363359	399,984890	402,067712
14,376783	399,928504	402,158498
14,390207	399,948567	402,158498
14,403631	399,925045	402,158498
14,417054	399,941649	402,383009
14,430478	399,852054	401,792900
14,443902	399,974858	401,792900
14,457325	399,972436	401,859149
14,470749	399,945108	402,125373
14,484173	399,922277	402,125373
14,497596	399,935768	402,275047
14,511020	399,961021	402,184261
14,524444	399,932655	402,184261
14,537868	399,873156	402,151137
14,551291	399,936460	402,241923
14,564715	399,894603	402,241923
14,578139	399,909478	401,959750
14,591562	399,936460	401,851788
14,604986	399,901176	401,851788
14,618410	399,963442	401,909450
14,631833	399,912591	401,634638
14,645257	399,918818	401,634638
14,658681	399,954448	402,017411
14,672105	399,954794	402,416133
14,685528	399,917088	402,416133
14,698952	399,928850	402,184261
14,712376	399,961367	402,067712
14,725799	399,870042	402,067712
14,739223	399,909824	402,116785
14,752647	399,980393	402,067712
14,766070	399,944070	402,067712
14,779494	399,955140	402,050536
14,792918	399,913283	401,942574
14,806342	399,971398	401,942574
14,819765	399,962404	401,817437
14,833189	399,939573	401,942574
14,846613	399,927466	401,942574
14,860036	399,923661	402,275047
14,873460	399,949259	402,275047
14,886884	399,931963	402,167085
14,900307	399,990078	401,843200
14,913731	399,953410	401,843200
14,927155	399,954102	401,893501
14,940579	399,946492	401,502140
14,954002	399,876615	401,502140
14,967426	399,951335	401,867737
14,980850	399,954794	401,792900
14,994273	399,940611	401,817437
15,007697	399,949605	401,817437
15,021121	399,973474	401,984287
15,034544	399,888722	402,167085
15,047968	399,968285	402,167085
15,061392	399,917088	401,884913
15,074816	399,893219	402,017411
15,088239	399,934039	402,017411
15,101663	399,886647	401,784312
15,115087	399,877999	402,092248
15,128510	399,889414	402,092248
15,141934	399,956178	401,900862
15,155358	399,928158	402,059124
15,168781	399,963442	402,059124
15,182205	399,946492	402,133961
15,195629	399,978663	401,926625
15,209053	399,974858	401,926625
15,222476	399,933693	401,826025
15,235900	399,913283	402,349884
15,249324	399,935076	402,349884
15,262747	399,877999	401,909450
15,276171	399,971053	401,918037
15,289595	399,914667	401,918037
15,303018	399,902213	402,125373
15,316442	399,945108	401,968338
15,329866	399,906019	401,968338
15,343290	399,884225	401,559801
15,356713	399,955140	401,834613
15,370137	399,931963	401,834613
15,383561	399,912937	401,743827
15,396984	399,917088	401,776951
15,410408	399,915705	401,776951
15,423832	399,915359	401,859149
15,437255	399,955832	401,975699
15,450679	399,975204	401,975699
15,464103	399,979009	401,801488
15,477527	399,895641	402,034587
15,490950	399,936460	402,034587
15,504374	399,925736	402,109424
15,517798	399,919164	402,001462
15,531221	399,957907	402,001462
15,544645	399,966210	401,918037
15,558069	399,949259	401,651814
15,571492	399,918472	401,651814
15,584916	399,945800	401,834613
15,598340	399,903251	401,651814
15,611764	399,951335	401,651814
15,625187	399,980047	401,884913
15,638611	399,918472	402,142549
15,652035	399,933001	402,142549
15,665458	399,983506	402,308172
15,678882	399,907748	401,634638
15,692306	399,907056	401,634638
15,705729	399,946146	401,752414
15,719153	399,932309	401,752414
15,732577	399,955486	401,684938
15,746001	399,957216	401,810076
15,759424	399,916050	401,810076
15,772848	399,986965	401,427303
15,786272	399,910516	401,427303
15,799695	399,922969	401,743827
15,813119	399,947530	401,743827
15,826543	399,895641	401,568389
15,839966	399,927466	401,568389
15,853390	399,936806	402,025999
15,866814	399,903943	401,726651
15,880238	399,854130	401,726651
15,893661	399,952373	401,918037
15,907085	399,908094	401,834613
15,920509	399,944416	401,834613
15,933932	399,980047	401,918037
15,947356	399,931963	401,909450
15,960780	399,941995	401,909450
15,974203	399,973820	401,909450
15,987627	399,932655	401,843200
16,001051	399,901522	401,843200
16,014475	400,009104	401,743827
16,027898	399,921239	401,817437
16,041322	399,952373	401,817437
16,054746	399,955832	401,992875
16,068169	399,884225	401,684938
16,081593	399,925736	401,684938
16,095017	399,946492	401,743827
16,108440	399,957907	401,743827
16,121864	399,951681	401,843200
16,135288	399,918126	401,660402
16,148712	399,912245	401,660402
16,162135	399,922969	401,660402
16,175559	399,930925	401,759775
16,188983	399,949605	401,826025
16,202406	399,944070	401,826025
16,215830	399,922623	401,759775
16,229254	399,970015	401,759775
16,242677	399,919510	402,008823
16,256101	399,902559	401,660402
16,269525	399,922623	401,843200
16,282949	399,925045	401,843200
16,296372	399,877653	401,601513
16,309796	399,949605	401,601513
16,323220	399,928158	401,601513
16,336643	399,929196	402,092248
16,350067	399,914321	402,092248
16,363491	399,980047	401,817437
16,376914	399,933693	401,444478
16,390338	399,989733	401,444478
16,403762	399,987657	401,726651
16,417186	399,942687	401,660402
16,430609	399,903597	401,610101
16,444033	399,884571	401,610101
16,457457	399,921931	401,668989
16,470880	399,925390	401,668989
16,484304	399,940265	401,618689
16,497728	399,946146	401,810076
16,511151	399,952373	401,810076
16,524575	399,950643	402,257871
16,537999	399,870388	401,984287
16,551423	399,922969	401,594152
16,564846	399,920547	401,594152
16,578270	399,926428	401,801488
16,591694	399,936806	401,743827
16,605117	399,969323	401,743827
16,618541	399,982468	401,444478
16,631965	399,970361	401,834613
16,645388	399,956524	401,834613
16,658812	399,954794	401,702114
16,672236	399,945108	401,702114
16,685660	399,957216	401,519315
16,699083	399,944762	401,926625
16,712507	399,920202	401,776951
16,725931	399,971053	401,776951
16,739354	399,934384	401,743827
16,752778	399,947184	402,067712
16,766202	399,922969	402,067712
16,779625	399,934039	401,710702
16,793049	399,949951	401,676351
16,806473	399,899792	401,676351
16,819897	399,942687	401,759775
16,833320	399,881804	401,776951
16,846744	399,933347	401,776951
16,860168	399,949605	401,469015
16,873591	399,900484	401,469015
16,887015	399,952719	401,660402
16,900439	399,926428	401,702114
16,913862	399,945800	401,702114
16,927286	399,962059	402,001462
16,940710	399,929542	401,444478
16,954134	399,926082	401,444478
16,967557	399,956870	401,718063
16,980981	399,927120	401,559801
16,994405	399,974512	401,559801
17,007828	399,936460	401,792900
17,021252	399,970361	401,643226
17,034676	399,959983	401,643226
17,048099	399,922277	401,519315
17,061523	399,952027	401,319341
17,074947	399,912937	401,319341
17,088371	399,962404	401,627277
17,101794	399,927812	401,710702
17,115218	399,927466	401,710702
17,128642	399,973128	401,343878
17,142065	399,894257	401,343878
17,155489	399,878691	401,951162
17,168913	399,901176	401,959750
17,182337	399,940611	401,959750
17,195760	399,929887	401,627277
17,209184	399,934384	401,693526
17,222608	399,936114	401,702114
17,236031	399,946146	401,702114
17,249455	399,951335	401,843200
17,262879	399,967593	401,343878
17,276302	399,947530	401,343878
17,289726	399,945108	401,660402
17,303150	399,917088	401,627277
17,316574	399,950643	401,627277
17,329997	399,931963	401,643226
17,343421	399,937152	401,643226
17,356845	399,892528	401,543852
17,370268	399,920202	401,726651
17,383692	399,898754	401,726651
17,397116	399,893565	401,535264
17,410539	399,948221	401,543852
17,423963	399,894949	401,543852
17,437387	399,872810	401,627277
17,450811	399,929887	401,643226
17,464234	399,889068	401,643226
17,477658	399,954448	401,776951
17,491082	399,943724	401,435890
17,504505	399,917088	401,435890
17,517929	399,884225	401,801488
17,531353	399,956524	401,718063
17,544776	399,934039	401,718063
17,558200	399,974858	401,594152
17,571624	399,975550	401,768363
17,585048	399,938882	401,768363
17,598471	399,917434	401,418715
17,611895	399,907402	401,435890
17,625319	399,948567	401,435890
17,638742	399,935768	401,552440
17,652166	399,856205	401,535264
17,665590	399,953410	401,535264
17,679013	399,949951	401,735239
17,692437	399,922969	401,502140
17,705861	399,958945	401,502140
17,719285	399,961367	401,693526
17,732708	399,904635	401,601513
17,746132	399,932309	401,601513
17,759556	399,897371	401,601513
17,772979	399,947184	401,594152
17,786403	399,907056	401,594152
17,799827	399,965518	401,460427
17,813250	399,913283	401,460427
17,826674	399,975550	401,576977
17,840098	399,965518	402,008823
17,853522	399,927120	402,008823
17,866945	399,970707	401,676351
17,880369	399,950643	401,502140
17,893793	399,973128	401,502140
17,907216	399,935768	401,502140
17,920640	399,947530	401,527903
17,934064	399,946838	401,527903
17,947487	399,924699	401,394178
17,960911	399,946492	401,435890
17,974335	399,928504	401,435890
17,987759	399,907056	401,759775
18,001182	399,919856	401,784312
18,014606	399,940611	401,784312
18,028030	399,950643	401,676351
18,041453	399,970707	401,676351
18,054877	399,917780	401,594152
18,068301	399,923315	401,486191
18,081724	399,977971	401,486191
18,095148	399,921239	401,411354
18,108572	399,930579	401,270267
18,121996	399,890798	401,270267
18,135419	399,869351	401,469015
18,148843	399,936806	401,394178
18,162267	399,905327	401,394178
18,175690	399,970707	402,008823
18,189114	399,919856	401,568389
18,202538	399,955140	401,568389
18,215961	399,946146	401,369641
18,229385	399,909478	401,327929
18,242809	399,922277	401,327929
18,256233	399,920202	401,311980
18,269656	399,995959	401,352465
18,283080	399,951681	401,352465
18,296504	399,906019	401,743827
18,309927	399,995613	401,277628
18,323351	399,927812	401,277628
18,336775	399,917088	401,202791
18,350198	399,938190	401,202791
18,363622	399,942687	401,735239
18,377046	399,966210	401,735239
18,390470	399,894603	401,435890
18,403893	399,938190	401,435890
18,417317	399,941649	401,244504
18,430741	399,913975	401,369641
18,444164	399,932655	401,369641
18,457588	399,966901	401,810076
18,471012	399,928158	401,411354
18,484435	399,898754	401,411354
18,497859	399,927466	401,502140
18,511283	399,939573	401,801488
18,524707	399,929542	401,801488
18,538130	399,930579	401,893501
18,551554	399,912937	401,768363
18,564978	399,889414	401,768363
18,578401	399,936460	401,277628
18,591825	399,951681	401,418715
18,605249	399,957561	401,418715
18,618672	399,908440	401,735239
18,632096	399,945800	401,660402
18,645520	399,936460	401,660402
18,658944	399,932655	401,543852
18,672367	399,915013	401,585565
18,685791	399,981430	401,585565
18,699215	399,962404	401,834613
18,712638	399,947530	401,253092
18,726062	399,930925	401,253092
18,739486	399,915705	401,552440
18,752909	399,918472	401,411354
18,766333	399,917780	401,411354
18,779757	399,961021	401,178255
18,793181	399,928850	401,178255
18,806604	399,965172	401,585565
18,820028	399,917434	401,585565
18,833452	399,918818	401,735239
18,846875	399,900830	401,519315
18,860299	399,960675	401,519315
18,873723	399,895987	401,510727
18,887146	399,886301	401,510727
18,900570	399,913283	401,651814
18,913994	399,879382	401,585565
18,927418	399,950989	401,585565
18,940841	399,979009	401,244504
18,954265	399,936806	401,270267
18,967689	399,937152	401,270267
18,981112	399,912245	401,311980
18,994536	399,942341	401,369641
19,007960	399,929542	401,900862
19,021383	399,935422	401,900862
19,034807	399,937498	401,610101
19,048231	399,992154	401,477603
19,061655	399,908440	401,477603
19,075078	399,905327	401,385590
19,088502	399,957907	401,219967
19,101926	399,971744	401,219967
19,115349	399,928158	401,634638
19,128773	399,961367	401,361053
19,142197	399,924007	401,361053
19,155620	399,935076	401,676351
19,169044	399,907056	401,676351
19,182468	399,961713	401,726651
19,195892	399,988349	401,643226
19,209315	399,947530	401,568389
19,222739	399,932655	401,568389
19,236163	399,935076	401,169667
19,249586	399,965172	401,169667
19,263010	399,945108	401,486191
19,276434	399,925736	401,486191
19,289857	399,972782	401,486191
19,303281	399,924353	401,270267
19,316705	399,926082	401,444478
19,330129	399,956870	401,444478
19,343552	399,913283	401,718063
19,356976	399,875577	401,435890
19,370400	399,938536	401,435890
19,383823	399,949259	401,519315
19,397247	399,938882	401,634638
19,410671	399,942341	401,194203
19,424094	399,926082	401,194203
19,437518	399,911208	401,493552
19,450942	399,934384	401,493552
19,464366	399,957561	401,543852
19,477789	399,925045	401,668989
19,491213	399,973820	401,668989
19,504637	399,965518	401,959750
19,518060	399,999072	401,676351
19,531484	399,932309	401,676351
19,544908	399,939919	401,726651
19,558331	399,941303	401,752414
19,571755	399,980047	401,752414
19,585179	399,929542	401,303392
19,598603	399,933347	401,369641
19,612026	399,961367	401,369641
19,625450	399,902559	401,702114
19,638874	399,961713	401,435890
19,652297	399,934039	401,435890
19,665721	399,958253	401,676351
19,679145	399,982814	401,676351
19,692568	399,874194	401,601513
19,705992	399,928158	401,510727
19,719416	399,926082	401,510727
19,732840	399,934730	401,643226
19,746263	399,918126	401,311980
19,759687	399,938536	401,311980
19,773111	399,938882	401,261679
19,786534	399,918818	401,411354
19,799958	399,907402	401,411354
19,813382	399,965864	401,394178
19,826805	399,922623	401,444478
19,840229	399,900484	401,444478
19,853653	399,925045	401,752414
19,867077	399,972782	401,444478
19,880500	399,955486	401,444478
19,893924	399,888376	401,343878
19,907348	399,906019	401,427303
19,920771	399,931617	401,427303
19,934195	399,941649	401,702114
19,947619	399,937152	401,319341
19,961042	399,953410	401,319341
19,974466	399,918818	401,369641
19,987890	399,947530	401,684938
20,001314	399,942341	401,684938
20,014737	399,899446	401,519315
20,028161	399,895295	401,261679
20,041585	399,939573	401,261679
20,055008	399,919510	401,543852
20,068432	399,893219	401,543852
20,081856	399,901868	401,684938
20,095279	399,952719	401,377002
20,108703	399,929542	401,377002
20,122127	399,951681	401,402766
20,135551	399,910862	401,202791
20,148974	399,944416	401,202791
20,162398	399,966210	401,543852
20,175822	399,964826	401,228555
20,189245	399,860011	401,228555
20,202669	399,972090	401,311980
20,216093	399,942687	401,270267
20,229516	399,893565	401,270267
20,242940	399,948913	401,153718
20,256364	399,901176	401,161079
20,269788	399,929196	401,161079
20,283211	399,926774	401,493552
20,296635	399,935076	401,776951
20,310059	399,932309	401,776951
20,323482	399,978317	401,469015
20,336906	399,938882	401,535264
20,350330	399,987311	401,535264
20,363753	399,965864	401,535264
20,377177	399,959291	401,411354
20,390601	399,973474	401,411354
20,404025	399,921585	401,402766
20,417448	399,914321	401,643226
20,430872	399,946146	401,643226
20,444296	399,976587	401,752414
20,457719	399,955832	401,568389
20,471143	399,928504	401,568389
20,484567	399,906710	401,127954
20,497990	399,953410	401,427303
20,511414	399,948567	401,427303
20,524838	399,923315	401,369641
20,538262	399,998035	401,369641
20,551685	399,955832	401,585565
20,565109	399,959637	401,319341
20,578533	399,905673	401,319341
20,591956	399,887685	401,294804
20,605380	399,892873	401,585565
20,618804	399,978317	401,585565
20,632228	399,903943	401,493552
20,645651	399,975550	401,543852
20,659075	399,987311	401,543852
20,672499	399,901868	401,186842
20,685922	399,957907	401,277628
20,699346	399,945800	401,277628
20,712770	399,900138	401,343878
20,726193	399,946492	401,270267
20,739617	399,927812	401,270267
20,753041	399,986619	401,385590
20,766465	400,000110	401,053117
20,779888	399,941649	401,053117
20,793312	399,935422	401,601513
20,806736	399,911899	401,601513
20,820159	399,886301	401,601513
20,833583	399,970707	401,161079
20,847007	399,934730	401,161079
20,860430	399,931617	401,161079
20,873854	399,981776	401,194203
20,887278	399,928158	401,270267
20,900702	399,957561	401,270267
20,914125	399,908786	401,178255
20,927549	399,877653	401,178255
20,940973	399,939573	401,369641
20,954396	400,013255	401,444478
20,967820	399,946492	401,444478
20,981244	399,924007	401,228555
20,994667	399,955486	401,228555
21,008091	399,930925	401,228555
21,021515	399,915705	401,277628
21,034939	399,900138	401,319341
21,048362	399,924699	401,319341
21,061786	399,903597	401,294804
21,075210	399,930579	401,294804
21,088633	399,956178	401,294804
21,102057	399,937844	401,294804
21,115481	399,941303	401,618689
21,128904	400,000110	401,618689
21,142328	399,928850	401,385590
21,155752	399,967939	401,411354
21,169176	399,937498	401,411354
21,182599	399,885609	401,394178
21,196023	399,925390	401,211379
21,209447	399,907748	401,211379
21,222870	399,914321	401,119366
21,236294	399,906710	401,119366
21,249718	399,956524	401,178255
21,263141	399,889068	401,411354
21,276565	399,957561	401,361053
21,289989	399,948221	401,361053
21,303413	399,961367	401,319341
21,316836	399,942341	401,319341
21,330260	399,899792	401,502140
21,343684	399,941303	401,119366
21,357107	399,934384	401,119366
21,370531	399,917088	401,311980
21,383955	399,982814	401,253092
21,397378	399,931963	401,253092
21,410802	399,940265	401,112005
21,424226	399,950643	401,303392
21,437650	399,973474	401,303392
21,451073	399,929887	401,594152
21,464497	399,942687	401,303392
21,477921	399,928504	401,303392
21,491344	399,917434	401,643226
21,504768	399,966210	400,945155
21,518192	399,939573	400,945155
21,531615	399,940611	401,552440
21,545039	399,922277	401,070293
21,558463	399,920547	401,094830
21,571887	399,922623	401,094830
21,585310	399,930579	401,361053
21,598734	399,967939	401,361053
21,612158	399,894603	401,576977
21,625581	399,899100	400,903443
21,639005	399,912937	400,903443
21,652429	399,910862	401,270267
21,665852	399,933001	400,887494
21,679276	399,902905	400,829833
21,692700	399,961367	400,829833
21,706124	399,926082	400,829833
21,719547	399,960329	401,336517
21,732971	399,940265	401,336517
21,746395	400,000802	401,535264
21,759818	399,959637	401,535264
21,773242	399,917780	401,336517
21,786666	399,973474	401,078881
21,800089	399,921239	401,078881
21,813513	399,916396	401,286216
21,826937	399,897025	401,103417
21,840361	399,927812	401,103417
21,853784	399,934730	401,045756
21,867208	399,958599	401,286216
21,880632	399,924007	401,286216
21,894055	399,989041	401,228555
21,907479	399,952027	401,178255
21,920903	399,924353	401,178255
21,934326	399,916742	401,286216
21,947750	399,895987	401,012632
21,961174	399,954794	401,012632
21,974598	399,894257	401,418715
21,988021	399,922277	401,228555
22,001445	399,922277	401,228555
22,014869	399,947876	401,244504
22,028292	400,005645	401,136542
22,041716	399,948567	401,136542
22,055140	399,954102	401,094830
22,068563	399,958945	401,444478
22,081987	399,921585	401,444478
22,095411	399,949605	401,327929
22,108835	399,920893	401,327929
22,122258	399,931963	401,327929
22,135682	399,934039	401,136542
22,149106	399,889760	401,136542
22,162529	399,906710	401,202791
22,175953	399,963442	400,945155
22,189377	399,881458	400,945155
22,202800	399,895641	401,469015
22,216224	399,945108	401,361053
22,229648	399,938190	401,361053
22,243072	399,909132	401,253092
22,256495	399,945108	401,336517
22,269919	399,907056	401,336517
22,283343	399,927812	401,228555
22,296766	399,935768	401,319341
22,310190	399,904635	401,319341
22,323614	399,938190	401,311980
22,337037	399,960329	401,219967
22,350461	399,926082	401,202791
22,363885	399,901176	401,202791
22,377309	399,920547	401,186842
22,390732	399,946838	401,186842
22,404156	399,925736	401,402766
22,417580	399,954794	401,178255
22,431003	399,890452	401,178255
22,444427	399,867967	401,078881
22,457851	399,957561	401,053117
22,471274	399,905673	401,053117
22,484698	399,903597	401,219967
22,498122	399,948913	401,136542
22,511546	399,903251	401,136542
22,524969	399,955486	401,294804
22,538393	399,918472	401,261679
22,551817	399,953756	401,261679
22,565240	399,900484	400,962331
22,578664	399,915359	401,486191
22,592088	399,941649	401,486191
22,605511	399,944762	401,486191
22,618935	399,959637	401,277628
22,632359	399,928158	401,277628
22,645783	399,929542	401,087469
22,659206	399,961713	401,186842
22,672630	399,961021	401,186842
22,686054	399,898754	401,352465
22,699477	399,932655	401,244504
22,712901	399,902213	401,244504
22,726325	399,966901	401,019993
22,739748	399,975204	401,153718
22,753172	399,984544	401,153718
22,766596	399,978663	401,377002
22,780020	399,964134	401,228555
22,793443	399,945108	401,228555
22,806867	399,961367	401,136542
22,820291	399,942687	401,402766
22,833714	399,940611	401,402766
22,847138	399,958253	401,319341
22,860562	399,954102	401,319341
22,873985	399,906365	401,119366
22,887409	399,949259	401,169667
22,900833	399,970707	401,078881
22,914257	399,875231	401,078881
22,927680	399,906019	400,896082
22,941104	399,876615	401,235916
22,954528	399,864508	401,235916
22,967951	399,926082	401,178255
22,981375	399,942687	401,427303
22,994799	399,916396	401,427303
23,008222	399,895987	401,094830
23,021646	399,954448	401,618689
23,035070	399,954102	401,618689
23,048494	399,913629	401,651814
23,061917	399,959291	401,668989
23,075341	399,968285	401,668989
23,088765	399,895641	401,411354
23,102188	399,962404	401,270267
23,115612	399,958253	401,270267
23,129036	399,977279	401,211379
23,142459	399,927120	401,402766
23,155883	399,928850	401,402766
23,169307	399,931963	400,896082
23,182731	399,965518	400,896082
23,196154	399,894949	400,945155
23,209578	399,931617	401,194203
23,223002	399,935768	401,435890
23,236425	399,937152	401,435890
23,249849	399,893219	401,078881
23,263273	399,939227	401,078881
23,276696	399,977625	401,070293
23,290120	399,910516	400,678932
23,303544	399,946146	400,678932
23,316968	399,938882	401,178255
23,330391	399,869696	401,178255
23,343815	399,992500	401,261679
23,357239	399,921239	401,261679
23,370662	399,906365	401,112005
23,384086	399,929887	401,153718
23,397510	399,957907	401,153718
23,410933	399,932655	401,136542
23,424357	399,956870	401,045756
23,437781	399,939919	401,045756
23,451205	399,922277	401,219967
23,464628	400,004953	401,127954
23,478052	399,930925	401,127954
23,491476	399,857935	400,912031
23,504899	399,948913	400,912031
23,518323	399,991462	400,896082
23,531747	399,966210	401,394178
23,545170	399,941303	401,394178
23,558594	399,909132	400,887494
23,572018	399,899792	401,127954
23,585442	399,899100	401,127954
23,598865	399,985927	401,202791
23,612289	399,937844	400,912031
23,625713	399,914321	400,912031
23,639136	399,971744	401,087469
23,652560	400,010834	400,862957
23,665984	399,911553	400,862957
23,679407	399,949951	401,037168
23,692831	399,948913	401,202791
23,706255	399,908786	401,202791
23,719679	399,970361	401,136542
23,733102	399,941303	401,194203
23,746526	399,962404	401,194203
23,759950	399,963096	401,161079
23,773373	399,886993	401,037168
23,786797	399,972090	401,037168
23,800221	399,949951	401,186842
23,813644	399,939573	401,194203
23,827068	399,975550	401,194203
23,840492	399,958599	401,145130
23,853916	399,926082	401,145130
23,867339	399,920547	401,311980
23,880763	399,945108	400,995456
23,894187	399,970015	400,854370
23,907610	399,977971	400,854370
23,921034	399,981084	401,127954
23,934458	399,996305	400,896082
23,947881	399,916396	400,896082
23,961305	399,944416	400,920619
23,974729	399,930925	401,202791
23,988153	399,945800	401,202791
24,001576	399,954794	401,202791
24,015000	399,950989	401,119366
24,028424	399,929196	401,119366
