Zeit [s]  Piezo[nm]  MEMS[nm]
0,013350	-0,028003	0,000000
0,026701	9,944521	0,008588
0,040051	9,982896	0,158262
0,053402	9,955930	0,158262
0,066752	9,964227	9,506762
0,080103	9,952818	9,506762
0,093453	9,973907	10,255133
0,106804	9,979438	10,629318
0,120154	19,942089	10,363095
0,133505	19,949695	10,363095
0,146855	19,961795	10,796168
0,160206	20,013999	10,796168
0,173556	19,988762	20,950701
0,186907	19,993947	20,950701
0,200257	19,977007	20,386356
0,213608	27,424289	20,327467
0,226958	30,000658	20,452605
0,240309	29,951219	20,452605
0,253659	29,987866	28,604939
0,267010	29,996855	30,890537
0,280360	29,931167	30,890537
0,293710	29,944304	31,081923
0,307061	36,903871	31,081923
0,320411	39,996459	30,749450
0,333762	39,967763	30,650077
0,347112	39,946327	36,492276
0,360463	39,988161	36,492276
0,373813	39,978480	40,912571
0,387164	39,907951	40,995996
0,400514	39,975023	40,995996
0,413865	49,949540	40,872085
0,427215	49,959567	41,204558
0,440566	49,955764	41,204558
0,453916	49,997252	50,387435
0,467267	49,998635	50,387435
0,480617	49,970976	51,409391
0,493968	49,936748	51,409391
0,507318	59,962588	51,151755
0,520669	59,959822	51,151755
0,534019	60,002003	61,606862
0,547370	59,961205	61,606862
0,560720	59,978146	61,291565
0,574070	59,932854	61,406888
0,587421	59,923864	61,406888
0,600771	59,934236	61,415476
0,614122	70,008289	61,655936
0,627472	69,984432	61,655936
0,640823	69,927037	71,604360
0,654173	69,960230	71,729497
0,667524	69,965070	71,729497
0,680874	69,975788	71,463273
0,694225	69,951932	71,804334
0,707575	80,009542	71,804334
0,720926	80,009196	71,687785
0,734276	79,944194	81,577320
0,747627	79,942811	81,577320
0,760977	80,023718	81,676694
0,774328	79,963902	81,643569
0,787678	79,952492	81,643569
0,801029	80,002281	81,668106
0,814379	90,016481	81,892617
0,827730	89,980176	81,892617
0,841080	89,970149	92,123214
0,854430	89,968074	92,123214
0,867781	89,969457	91,856990
0,881131	89,985362	91,881527
0,894482	89,975335	91,799329
0,907832	99,931945	91,799329
0,921183	99,924338	91,749028
0,934533	100,000407	101,929324
0,947884	99,928142	101,929324
0,961234	99,944738	101,904788
0,974585	99,937823	102,345222
0,987935	100,002827	102,345222
1,001286	99,941281	101,955088
1,014636	109,986561	101,955088
1,027987	109,960973	101,988213
1,041337	109,950946	112,076496
1,054688	109,987598	112,076496
1,068038	109,994168	112,201633
1,081389	109,941610	112,060547
1,094739	109,919481	112,060547
1,108090	116,368499	112,109620
1,121440	119,968718	112,318183
1,134790	119,984969	112,318183
1,148141	119,957653	122,573316
1,161491	120,019201	122,573316
1,174842	120,014706	122,498479
1,188192	119,975288	122,357392
1,201543	119,926187	122,357392
1,214893	129,962093	122,249431
1,228244	129,953448	122,548779
1,241594	129,961401	122,548779
1,254945	130,007736	132,372065
1,268295	129,988372	132,854212
1,281646	129,952756	132,854212
1,294996	129,946878	132,213803
1,308347	136,786140	132,346302
1,321697	139,988124	132,346302
1,335048	139,983283	132,687363
1,348398	139,954929	142,834534
1,361749	140,005068	142,834534
1,375099	139,923462	142,651735
1,388450	139,899257	142,385512
1,401800	139,920696	142,385512
1,415150	149,806143	142,543774
1,428501	149,989759	142,601435
1,441851	149,966590	142,601435
1,455202	149,939273	152,508146
1,468552	149,969703	152,873744
1,481903	149,985955	152,873744
1,495253	150,009123	152,532683
1,508604	159,678599	152,607520
1,521954	159,999153	152,607520
1,535305	159,953162	152,591571
1,548655	159,950742	162,996378
1,562006	159,936564	162,996378
1,575356	159,941059	162,714206
1,588707	159,919966	162,646730
1,602057	159,926190	162,646730
1,615408	169,903578	162,912953
1,628758	169,985187	162,697030
1,642109	169,953719	162,697030
1,655459	169,968934	169,594309
1,668810	169,888362	173,293224
1,682160	169,947149	173,293224
1,695510	169,953028	173,011051
1,708861	179,272840	173,051537
1,722211	179,977598	173,051537
1,735562	179,968261	172,819665
1,748912	179,947859	182,700612
1,762263	179,950971	182,700612
1,775613	179,979673	183,107922
1,788964	179,945438	183,215884
1,802314	179,949242	183,215884
1,815665	189,453516	183,141047
1,829015	189,997481	183,141047
1,842366	190,015809	183,141047
1,855716	189,943880	187,080422
1,869067	189,976387	193,197432
1,882417	189,908607	193,197432
1,895768	189,929010	193,039170
1,909118	199,984319	193,039170
1,922469	199,997115	193,030583
1,935819	199,979824	203,311479
1,949170	199,888182	203,311479
1,962520	199,926913	203,285716
1,975870	199,942475	203,302891
1,989221	199,910660	203,302891
2,002571	199,927605	203,261179
2,015922	209,968198	203,369141
2,029272	209,940532	203,369141
2,042623	209,958169	212,851366
2,055973	209,926007	212,851366
2,069324	209,968198	213,732235
2,082674	209,952982	213,383814
2,096025	209,893154	213,474600
2,109375	220,046641	213,474600
2,122726	219,961221	213,291801
2,136076	219,914534	223,846282
2,149427	219,947042	223,846282
2,162777	219,915225	223,795982
2,176128	219,953612	223,830333
2,189478	219,856088	223,830333
2,202829	220,013441	223,513809
2,216179	229,999355	223,313835
2,229530	229,941946	223,313835
2,242880	229,944021	233,744406
2,256230	229,945404	233,528482
2,269581	229,895604	233,528482
2,282931	229,915663	233,395984
2,296282	229,941254	233,586144
2,309632	235,537928	233,586144
2,322983	239,978850	233,279434
2,336333	239,942883	242,911334
2,349684	239,961212	242,911334
2,363034	239,922132	243,833916
2,376385	239,977467	243,891577
2,389735	239,949454	243,891577
2,403086	239,951529	243,625353
2,416436	249,972678	243,484267
2,429787	249,966107	243,484267
2,443137	249,959882	253,199592
2,456488	249,959536	253,914838
2,469838	249,930831	253,914838
2,483189	249,967836	253,772525
2,496539	249,904200	253,772525
2,509890	256,632663	254,031387
2,523240	259,973575	253,498940
2,536590	259,975305	263,188501
2,549941	259,967696	263,188501
2,563291	259,949020	264,062009
2,576642	259,912706	264,062009
2,589992	259,902676	264,145434
2,603343	259,945907	263,853447
2,616693	269,955604	263,853447
2,630044	270,033076	263,612987
2,643394	269,923439	273,220350
2,656745	269,944883	273,220350
2,670095	269,933123	274,266842
2,683446	269,947649	274,009206
2,696796	269,939695	274,009206
2,710147	279,224619	273,993257
2,723497	280,000040	274,117168
2,736848	279,926026	274,117168
2,750198	280,002116	281,522358
2,763549	279,915650	284,057004
2,776899	279,970296	284,057004
2,790250	279,900778	284,173553
2,803600	279,969950	284,032467
2,816950	290,006240	284,032467
2,830301	289,941909	284,006703
2,843651	289,893142	291,652354
2,857002	289,930495	291,652354
2,870352	289,894179	294,245888
2,883703	289,941909	294,245888
2,897053	289,931879	294,254476
2,910404	296,569790	294,270424
2,923754	299,962441	294,153875
2,937105	299,955524	294,153875
2,950455	299,975239	301,525940
2,963806	299,953103	304,326810
2,977156	299,951719	304,326810
2,990507	299,964171	304,302273
3,003857	299,911252	304,126835
3,017208	310,009760	304,126835
3,030558	309,983820	304,193085
3,043909	309,979669	311,490313
3,057259	309,899080	311,490313
3,070610	309,956149	314,656780
3,083960	309,940239	314,632243
3,097310	309,936434	314,632243
3,110661	309,890087	314,432269
3,124011	319,939288	314,265419
3,137362	319,977335	314,265419
3,150712	319,941363	319,210800
3,164063	319,939288	319,210800
3,177413	319,969034	324,413817
3,190764	319,870111	324,413817
3,204114	319,871149	324,413817
3,217465	329,665238	324,529140
3,230815	329,924309	324,246967
3,244166	329,948175	324,246967
3,257516	329,925692	329,225473
3,270867	329,899059	334,660362
3,284217	329,954401	334,660362
3,297568	329,936415	334,710663
3,310918	329,924309	334,336477
3,324269	339,986616	334,336477
3,337619	339,930581	334,427263
3,350970	339,975202	336,995034
3,364320	339,982465	336,995034
3,377670	339,934386	344,683623
3,391021	339,930235	344,757233
3,404371	339,950989	344,757233
3,417722	349,907606	344,757233
3,431072	349,983012	344,349923
3,444423	350,002728	344,349923
3,457773	349,929052	349,145630
3,471124	349,980245	354,730194
3,484474	349,913140	354,730194
3,497825	349,959491	354,613644
3,511175	349,914178	354,938756
3,524526	359,940820	354,938756
3,537876	359,962957	354,921581
3,551227	359,940820	365,119052
3,564577	359,928713	365,119052
3,577928	359,970913	364,703154
3,591278	359,958461	364,645493
3,604629	359,953964	364,645493
3,617979	369,533845	364,652854
3,631330	369,998055	364,652854
3,644680	369,940288	366,962989
3,658030	369,918496	374,817201
3,671381	369,873182	374,817201
3,684731	369,881138	375,033125
3,698082	369,884251	374,750952
3,711432	369,873182	374,966875
3,724783	379,961703	374,966875
3,738133	379,968275	375,315297
3,751484	379,936797	385,138584
3,764834	379,897363	385,138584
3,778185	379,940948	384,757037
3,791535	379,874532	384,757037
3,804886	379,943715	384,682200
3,818236	388,646292	385,056385
3,831587	389,920659	386,950622
3,844937	389,967013	386,950622
3,858288	389,899904	395,468554
3,871638	389,914779	395,468554
3,884989	389,999875	395,069832
3,898339	389,957327	394,787659
3,911690	389,889527	394,787659
3,925040	399,806432	395,318880
3,938390	399,983545	395,501678
3,951741	399,917820	395,501678
3,965091	399,971784	405,309016
3,978442	399,918857	405,324965
3,991792	399,934078	405,324965
4,005143	399,953450	405,258715
4,018493	399,909863	404,926243
4,031844	409,908214	404,926243
4,045194	409,880540	405,217003
4,058545	409,877081	415,289337
4,071895	409,949034	415,289337
4,085246	409,910982	415,464775
4,098596	409,956299	415,106539
4,111947	409,942462	415,106539
4,125297	419,921594	414,807190
4,138648	419,909140	415,522436
4,151998	419,923324	415,522436
4,165349	419,936815	425,735857
4,178699	419,888038	425,445097
4,192050	419,893227	425,445097
4,205400	419,913291	425,246349
4,218750	419,961377	425,678196
4,232101	429,925786	425,678196
4,245451	429,886349	425,544470
4,258802	429,982175	435,750530
4,272152	429,878393	435,750530
4,285503	429,918868	435,600856
4,298853	429,911603	435,393520
4,312204	429,928900	435,393520
4,325554	439,714608	435,468357
4,338905	439,957116	435,400881
4,352255	439,901419	435,400881
4,365606	439,897613	445,714903
4,378956	439,897959	445,714903
4,392307	439,903840	445,640066
4,405657	439,839494	445,498979
4,419008	439,889311	445,498979
4,432358	449,881701	445,532104
4,445709	449,925291	445,498979
4,459059	449,923907	445,498979
4,472410	449,943280	455,978624
4,485760	449,916642	455,471940
4,499110	449,928404	455,471940
4,512461	449,913528	455,670687
4,525811	459,549737	455,745524
4,539162	459,884969	455,745524
4,552512	459,933749	455,712400
4,565863	459,934095	465,876747
4,579213	459,902612	465,876747
4,592564	459,939630	466,101258
4,605914	459,933403	465,652236
4,619265	469,870400	465,652236
4,632615	469,948241	465,676773
4,645966	469,963118	465,676773
4,659316	469,920564	466,890115
4,672667	469,827154	476,006743
4,686017	469,961042	476,006743
4,699368	469,903266	475,741746
4,712718	469,876281	475,625196
4,726069	479,979148	475,625196
4,739419	479,978110	475,898781
4,752770	479,912376	476,065631
4,766120	479,864979	476,065631
4,779470	479,933134	486,063128
4,792821	479,886429	485,822668
4,806171	479,897500	485,822668
4,819522	479,902343	485,780956
4,832872	489,971460	485,780956
4,846223	489,933403	485,780956
4,859573	489,888080	485,979703
4,872924	489,896730	495,936715
4,886274	489,891540	495,936715
4,899625	489,950701	495,895002
4,912975	489,894308	495,895002
4,926326	499,933824	495,895002
4,939676	499,930019	495,820165
4,953027	499,879506	496,085162
4,966377	499,901303	496,085162
4,979728	499,897497	506,075298
4,993078	499,909606	506,075298
5,006429	499,881928	506,075298
5,019779	499,879506	505,975925
5,033130	509,924712	506,191848
5,046480	509,922636	506,191848
5,059830	509,906029	506,291222
5,073181	509,874544	516,421217
5,086531	509,842022	516,421217
5,099882	509,849633	515,898585
5,113232	509,909489	516,064208
5,126583	519,948621	516,064208
5,139933	519,896723	516,139045
5,153284	519,915752	516,105920
5,166634	519,918866	516,105920
5,179985	519,897415	526,294804
5,193335	519,870774	526,235916
5,206686	519,859702	526,235916
5,220036	519,873195	526,061705
5,233387	529,936355	525,962331
5,246737	529,924591	525,962331
5,260088	529,910059	536,226052
5,273438	529,905907	536,226052
5,286789	529,885494	536,226052
5,300139	529,880650	536,292301
5,313490	529,841552	536,292301
5,326840	534,652963	536,018717
5,340190	539,947769	535,942653
5,353541	539,884797	535,942653
5,366891	539,878915	546,348687
5,380242	539,916283	546,289799
5,393592	539,904173	546,289799
5,406943	539,922857	546,157300
5,420293	539,814905	546,140124
5,433644	549,814015	546,140124
5,446994	549,907436	546,381811
5,460345	549,880794	546,381811
5,473695	549,907436	556,578056
5,487046	549,888406	556,055424
5,500396	549,896018	556,055424
5,513747	549,887368	556,403845
5,527097	549,899478	556,628357
5,540448	559,961370	556,628357
5,553798	559,934382	556,362133
5,567149	559,899435	566,127758
5,580499	559,888708	566,127758
5,593850	559,888708	565,878710
5,607200	559,896667	566,326506
5,620550	559,881442	566,326506
5,633901	568,959767	566,103221
5,647251	569,940374	566,103221
5,660602	569,928609	566,326506
5,673952	569,878783	576,149792
5,687303	569,864251	576,149792
5,700653	569,865635	576,250393
5,714004	569,881897	576,191504
5,727354	569,855946	576,191504
5,740705	579,817800	576,698188
5,754055	579,944790	576,149792
5,767406	579,844790	576,149792
5,780756	579,916416	586,571775
5,794107	579,882852	586,588951
5,807457	579,907073	586,588951
5,820808	579,901537	586,530062
5,834158	579,893924	586,530062
5,847509	589,926521	586,039327
5,860859	589,872887	586,206177
5,874210	589,836554	586,206177
5,887560	589,877385	594,857834
5,900910	589,870464	594,857834
5,914261	589,900223	596,477259
5,927611	589,886728	596,477259
5,940962	599,528462	596,377886
5,954312	599,919477	596,036825
5,967663	599,873109	596,036825
5,981013	599,855116	606,401146
5,994364	599,934011	606,117747
6,007714	599,881760	606,117747
6,021065	599,903214	606,542233
6,034415	599,816706	606,542233
6,047766	609,674168	606,176635
6,061116	609,864488	606,408507
6,074467	609,927467	606,408507
6,087817	609,921584	612,516930
6,101168	609,834729	616,623155
6,114518	609,873485	616,623155
6,127869	609,818119	616,464893
6,141219	619,959486	616,348343
6,154570	619,931457	616,348343
6,167920	619,843216	616,374107
6,181270	619,843216	626,462390
6,194621	619,895469	626,462390
6,207971	619,874360	626,413317
6,221322	619,828683	626,387553
6,234672	629,889576	626,387553
6,248023	629,878157	626,387553
6,261373	629,890615	636,992335
6,274724	629,866045	636,992335
6,288074	629,864661	636,593613
6,301425	629,860855	636,402226
6,314775	629,889922	636,402226
6,328126	629,852203	636,302852
6,341476	639,969312	636,302852
6,354827	639,925017	636,351926
6,368177	639,887644	646,657359
6,381528	639,904254	646,657359
6,394878	639,884183	646,756733
6,408229	639,866881	646,657359
6,421579	639,839889	646,657359
6,434930	647,133328	646,499097
6,448280	649,973071	646,399723
6,461630	649,855757	646,399723
6,474981	649,819075	656,663444
6,488331	649,884826	656,795943
6,501682	649,896938	656,795943
6,515032	649,859564	656,405808
6,528383	649,875482	656,405808
6,541733	659,975598	656,205834
6,555084	659,894274	656,430345
6,568434	659,903963	656,430345
6,581785	659,918152	666,570155
6,595135	659,863474	666,619229
6,608486	659,843056	666,619229
6,621836	659,865896	666,702654
6,635187	659,813987	666,619229
6,648537	669,839160	666,619229
6,661888	669,856809	666,478143
6,675238	669,855079	676,501404
6,688589	669,866499	676,501404
6,701939	669,845735	676,792164
6,715290	669,808360	676,334554
6,728640	669,801785	676,334554
6,741990	678,783354	676,592189
6,755341	679,874869	676,916075
6,768691	679,828841	676,916075
6,782042	679,895633	686,831374
6,795392	679,850644	686,831374
6,808743	679,846837	686,781073
6,822093	679,825727	686,316102
6,835444	679,879714	686,316102
6,848794	689,862281	686,598275
6,862145	689,874740	686,373763
6,875495	689,850169	686,373763
6,888846	689,869895	696,969957
6,902196	689,811754	697,053382
6,915547	689,842555	696,446098
6,928897	689,879239	696,446098
6,942248	698,918535	696,720909
6,955598	699,949173	696,662021
6,968949	699,901759	696,662021
6,982299	699,906951	706,593269
6,995650	699,904528	707,075416
7,009000	699,875803	707,075416
7,022350	699,845694	706,692643
7,035701	699,835311	706,834956
7,049051	709,857292	706,834956
7,062402	709,850024	706,551557
7,075752	709,903322	716,682779
7,089103	709,881864	716,682779
7,102453	709,915089	717,015252
7,115804	709,842410	717,031201
7,129154	709,860061	717,031201
7,142505	719,159550	717,039789
7,155855	719,880119	716,623891
7,169206	719,877696	716,623891
7,182556	719,868351	726,746526
7,195907	719,812284	726,746526
7,209257	719,907460	726,788238
7,222608	719,821282	726,913375
7,235958	719,845509	726,913375
7,249309	729,758776	726,629976
7,262659	729,855337	726,655740
7,276010	729,915559	726,655740
7,289360	729,861567	736,827448
7,302710	729,846339	737,010247
7,316061	729,876450	737,010247
7,329411	729,900331	737,051959
7,342762	729,853607	736,703537
7,356112	739,907890	736,703537
7,369463	739,879510	736,653237
7,382813	739,842823	745,877827
7,396164	739,877779	745,877827
7,409514	739,853898	747,282555
7,422865	739,859090	746,916958
7,436215	739,791599	746,916958
7,449566	749,906259	746,750108
7,462916	749,877531	746,750108
7,476267	749,826653	746,983207
7,489617	749,879262	755,734238
7,502968	749,890338	755,734238
7,516318	749,877531	756,947580
7,529669	749,843613	757,055541
7,543019	749,852265	757,055541
7,556370	759,865323	756,997880
7,569720	759,907549	757,055541
7,583070	759,821020	757,055541
7,596421	759,834865	765,856872
7,609771	759,862208	767,094751
7,623122	759,836249	767,094751
7,636472	759,803714	766,962253
7,649823	759,853901	767,011326
7,663173	769,938759	767,011326
7,676524	769,861920	766,945077
7,689874	769,849460	771,283174
7,703225	769,782312	771,283174
7,716575	769,834231	777,300811
7,729926	769,840807	777,300811
7,743276	769,824193	777,233335
7,756627	779,469279	777,116785
7,769977	779,859709	777,116785
7,783328	779,860055	777,067712
7,796678	779,881861	785,644531
7,810029	779,818174	785,644531
7,823379	779,780792	787,106921
7,836730	779,805713	787,106921
7,850080	779,817828	787,106921
7,863430	789,320455	787,073797
7,876781	789,880842	789,350807
7,890131	789,874266	789,350807
7,903482	789,842421	797,719064
7,916832	789,825461	797,719064
7,930183	789,868035	797,428304
7,943533	789,805731	797,337518
7,956884	799,849516	797,337518
7,970234	799,878938	797,412355
7,983585	799,860592	806,852868
7,996935	799,838440	806,852868
8,010286	799,892437	807,592651
8,023636	799,879284	807,609826
8,036987	799,884476	807,609826
8,050337	799,854708	807,808574
8,063688	799,786519	807,335015
8,077038	799,834978	807,335015
8,090389	799,829440	807,517814
8,103739	799,845362	807,817162
8,117090	799,851939	807,817162
8,130440	799,810403	807,766862
8,143790	799,831517	807,476101
8,157141	799,816633	807,476101
8,170491	799,768866	807,060203
8,183842	799,778212	807,135040
8,197192	799,833940	807,135040
8,210543	799,829786	807,052842
8,223893	799,773366	807,060203
8,237244	799,820441	807,060203
8,250594	799,814556	807,417213
8,263945	799,832555	806,811155
8,277295	799,874438	806,811155
8,290646	799,815941	807,185341
8,303996	799,886207	807,185341
8,317347	799,871669	807,385315
8,330697	799,853670	807,093328
8,344048	799,814902	807,093328
8,357398	799,823210	806,911756
8,370749	799,858516	807,143628
8,384099	799,777519	807,143628
8,397450	799,857131	807,119092
8,410800	799,812479	807,517814
8,424150	799,797595	807,517814
8,437501	799,840863	807,201290
8,450851	799,842939	806,919117
8,464202	799,770251	806,919117
8,477552	799,863362	807,101916
8,490903	799,804518	807,218465
8,504253	799,787557	807,218465
8,517604	799,825633	807,301890
8,530954	799,818710	807,234414
8,544305	799,831171	807,234414
8,557655	799,793442	807,284715
8,571006	799,808672	807,359552
8,584356	799,780981	807,359552
8,597707	799,828056	807,060203
8,611057	799,802788	806,985366
8,624408	799,795519	806,985366
8,637758	799,867861	807,185341
8,651109	799,867169	807,176753
8,664459	799,821133	807,176753
8,677810	799,820787	806,903168
8,691160	799,761597	807,276127
8,704510	799,761251	807,276127
8,717861	799,813172	807,160804
8,731211	799,861285	807,160804
8,744562	799,780981	806,903168
8,757912	799,856785	806,943654
8,771263	799,848131	806,943654
8,784613	799,782019	807,135040
8,797964	799,823556	806,744906
8,811314	799,855746	806,744906
8,824665	799,829440	806,919117
8,838015	799,824248	807,060203
8,851366	799,844670	807,060203
8,864716	799,860592	806,885992
8,878067	799,831171	806,927705
8,891417	799,807287	806,927705
8,904768	799,869592	806,952242
8,918118	799,810749	806,911756
8,931469	799,840170	806,911756
8,944819	799,822517	806,570695
8,958170	799,813864	806,852868
8,971520	799,835671	806,852868
8,984870	799,771289	806,661481
8,998221	799,816979	806,661481
9,011571	799,856439	806,661481
9,024922	799,860246	806,870044
9,038272	799,793788	806,295884
9,051623	799,855746	806,295884
9,064973	799,821825	806,612408
9,078324	799,804172	806,711782
9,091674	799,841555	806,711782
9,105025	799,842939	806,811155
9,118375	799,820441	806,495858
9,131726	799,802095	806,495858
9,145076	799,791365	806,703194
9,158427	799,806595	806,870044
9,171777	799,803134	806,870044
9,185128	799,816979	806,478682
9,198478	799,800365	806,528983
9,211829	799,856439	806,528983
9,225179	799,813864	806,104497
9,238530	799,792750	806,429609
9,251880	799,805903	806,429609
9,265230	799,825286	806,246810
9,278581	799,788942	806,670069
9,291931	799,864746	806,670069
9,305282	799,846747	806,595232
9,318632	799,790673	806,652893
9,331983	799,851247	806,652893
9,345333	799,819056	806,445558
9,358684	799,866477	806,379309
9,372034	799,815248	806,379309
9,385385	799,807980	806,462734
9,398735	799,832555	806,403845
9,412086	799,849516	806,403845
9,425436	799,794480	806,636944
9,438787	799,791365	806,511807
9,452137	799,831171	806,511807
9,465488	799,811441	806,337596
9,478838	799,816287	806,337596
9,492189	799,792750	806,254171
9,505539	799,822517	806,603820
9,518890	799,818364	806,603820
9,532240	799,860246	806,595232
9,545590	799,887937	805,971999
9,558941	799,826325	805,971999
9,572291	799,760559	806,612408
9,585642	799,771635	806,421021
9,598992	799,821133	806,421021
9,612343	799,766097	806,046836
9,625693	799,808326	806,753494
9,639044	799,825979	806,753494
9,652394	799,815595	806,304472
9,665745	799,831517	806,687245
9,679095	799,790327	806,687245
9,692446	799,823902	806,612408
9,705796	799,789980	806,353545
9,719147	799,834632	806,353545
9,732497	799,887591	806,362133
9,745848	799,849170	806,329008
9,759198	799,797595	806,329008
9,772549	799,821133	806,013711
9,785899	799,815595	806,262759
9,799250	799,810056	806,262759
9,812600	799,790673	806,320420
9,825950	799,851247	805,888574
9,839301	799,795172	805,888574
9,852651	799,831171	806,353545
9,866002	799,815595	806,262759
9,879352	799,831517	806,262759
9,892703	799,843632	806,320420
9,906053	799,836017	806,395258
9,919404	799,820094	806,395258
9,932754	799,797249	806,503219
9,946105	799,834978	806,104497
9,959455	799,851247	806,104497
9,972806	799,787904	806,586644
9,986156	799,865438	806,013711
9,999507	799,836709	806,013711
10,012857	799,836709	805,731539
10,026208	799,803826	806,054197
10,039558	799,796903	806,054197
10,052909	799,838440	806,313059
10,066259	799,839132	806,095909
10,079610	799,850901	806,095909
10,092960	799,851247	805,855449
10,106310	799,800018	806,113085
10,119661	799,806249	806,113085
10,133011	799,816633	806,163385
10,146362	799,845016	806,370721
10,159712	799,819056	806,370721
10,173063	799,831863	805,846861
10,186413	799,864400	806,154797
10,199764	799,831517	806,154797
10,213114	799,775789	806,254171
10,226465	799,836709	805,996535
10,239815	799,796557	805,996535
10,253166	799,872361	806,130261
10,266516	799,845362	806,370721
10,279867	799,815941	806,370721
10,293217	799,809710	805,905749
10,306568	799,811787	805,905749
10,319918	799,835671	806,005123
10,333269	799,837401	806,095909
10,346619	799,751905	806,095909
10,359970	799,840863	805,996535
10,373320	799,813864	805,879986
10,386670	799,819402	805,879986
10,400021	799,800018	805,879986
10,413371	799,798634	805,897162
10,426722	799,867861	805,897162
10,440072	799,861631	805,980587
10,453423	799,788942	806,095909
10,466773	799,813864	806,095909
10,480124	799,812133	805,789200
10,493474	799,805210	805,789200
10,506825	799,852285	805,789200
10,520175	799,827017	805,954823
10,533526	799,837747	805,954823
10,546876	799,867515	805,954823
10,560227	799,800711	805,689826
10,573577	799,863362	805,689826
10,586928	799,835671	805,689826
10,600278	799,807633	805,681238
10,613629	799,886899	805,681238
10,626979	799,804518	805,681238
10,640330	799,847785	805,639526
10,653680	799,815595	805,639526
10,667030	799,812825	805,813737
10,680381	799,836017	805,573277
10,693731	799,832901	805,573277
10,707082	799,795865	805,921698
10,720432	799,825633	805,747487
10,733783	799,804172	805,747487
10,747133	799,856439	805,797788
10,760484	799,788942	805,772024
10,773834	799,806941	805,772024
10,787185	799,883437	805,705775
10,800535	799,811095	805,564689
10,813886	799,750867	805,564689
10,827236	799,856093	805,772024
10,840587	799,801057	805,639526
10,853937	799,829786	805,639526
10,867288	799,819748	805,522976
10,880638	799,889322	805,747487
10,893989	799,863708	805,747487
10,907339	799,836709	805,581864
10,920690	799,822517	805,722951
10,934040	799,846401	805,722951
10,947390	799,839824	805,780612
10,960741	799,830132	805,864037
10,974091	799,858169	805,864037
10,987442	799,804172	805,481264
11,000792	799,830478	805,307053
11,014143	799,791711	805,307053
11,027493	799,842247	805,498439
11,040844	799,834632	806,054197
11,054194	799,791019	806,054197
11,067545	799,769904	805,772024
11,080895	799,821479	805,672650
11,094246	799,797249	805,672650
11,107596	799,882745	805,864037
11,120947	799,776481	805,738900
11,134297	799,817325	805,738900
11,147648	799,842247	805,747487
11,160998	799,829094	805,498439
11,174349	799,825633	805,498439
11,187699	799,821479	805,756075
11,201050	799,828056	805,822325
11,214400	799,829786	805,822325
11,227750	799,837747	805,481264
11,241101	799,821825	805,481264
11,254451	799,863708	805,731539
11,267802	799,827017	805,879986
11,281152	799,854016	805,879986
11,294503	799,851593	805,822325
11,307853	799,863362	805,806376
11,321204	799,868554	805,806376
11,334554	799,819056	805,806376
11,347905	799,794134	805,622350
11,361255	799,852285	805,622350
11,374606	799,786519	805,747487
11,387956	799,798288	805,564689
11,401307	799,816633	805,564689
11,414657	799,816633	805,406427
11,428008	799,813864	805,681238
11,441358	799,798980	805,681238
11,454709	799,830132	804,883794
11,468059	799,796211	804,883794
11,481410	799,797942	805,689826
11,494760	799,827709	805,589225
11,508110	799,838786	805,589225
11,521461	799,805557	805,340177
11,534811	799,822517	805,357353
11,548162	799,824940	805,357353
11,561512	799,864054	805,141430
11,574863	799,854016	805,432190
11,588213	799,830132	805,432190
11,601564	799,818364	805,124254
11,614914	799,790673	805,108305
11,628265	799,793788	805,108305
11,641615	799,842939	805,331590
11,654966	799,850901	805,040829
11,668316	799,825633	805,040829
11,681667	799,789288	805,249391
11,695017	799,779942	805,357353
11,708368	799,814210	805,357353
11,721718	799,797942	805,289877
11,735069	799,827709	805,331590
11,748419	799,857477	805,331590
11,761770	799,852285	805,573277
11,775120	799,823556	805,573277
11,788470	799,842939	805,040829
11,801821	799,840863	805,040829
11,815171	799,832555	805,157379
11,828522	799,793096	805,157379
11,841872	799,823210	805,157379
11,855223	799,796903	805,348765
11,868573	799,830478	805,348765
11,881924	799,827363	805,207679
11,895274	799,813172	805,273928
11,908625	799,817325	805,273928
11,921975	799,881015	805,190503
11,935326	799,777173	805,190503
11,948676	799,839824	805,240804
11,962027	799,783404	805,348765
11,975377	799,842247	805,348765
11,988728	799,841901	805,223628
12,002078	799,769904	805,223628
12,015429	799,806595	805,223628
12,028779	799,851247	805,223628
12,042130	799,822863	805,232216
12,055480	799,786519	805,232216
12,068830	799,821133	805,199091
12,082181	799,828056	804,983168
12,095531	799,870977	804,983168
12,108882	799,876169	804,991756
12,122232	799,879630	805,223628
12,135583	799,788942	805,223628
12,148933	799,794826	805,265340
12,162284	799,816287	805,141430
12,175634	799,831517	805,141430
12,188985	799,846747	805,348765
12,202335	799,771635	805,348765
12,215686	799,808672	805,232216
12,229036	799,811441	804,983168
12,242387	799,818364	804,983168
12,255737	799,776135	805,181915
12,269088	799,823210	804,941455
12,282438	799,790673	804,941455
12,295789	799,857131	805,273928
12,309139	799,813172	805,273928
12,322490	799,822171	805,390478
12,335840	799,830132	805,066593
12,349190	799,853324	805,132842
12,362541	799,791019	805,132842
12,375891	799,798980	805,289877
12,389242	799,847785	804,899743
12,402592	799,797595	804,899743
12,415943	799,799672	805,099717
12,429293	799,789980	805,256753
12,442644	799,847439	805,256753
12,455994	799,838093	805,016292
12,469345	799,852285	805,016292
12,482695	799,846055	805,099717
12,496046	799,842247	805,181915
12,509396	799,868207	804,732893
12,522747	799,768866	804,732893
12,536097	799,813864	804,983168
12,549448	799,878592	804,983168
12,562798	799,819748	805,240804
12,576149	799,809018	804,584446
12,589499	799,859554	804,584446
12,602850	799,848131	805,357353
12,616200	799,796211	805,058005
12,629550	799,873053	805,058005
12,642901	799,837055	804,667871
12,656251	799,820094	804,633519
12,669602	799,829440	804,633519
12,682952	799,795519	804,932867
12,696303	799,833594	805,007705
12,709653	799,839132	805,007705
12,723004	799,855400	805,132842
12,736354	799,810403	805,381890
12,749705	799,807287	805,381890
12,763055	799,863708	805,066593
12,776406	799,827017	804,699768
12,789756	799,842593	804,699768
12,803107	799,777866	804,659283
12,816457	799,860592	804,659283
12,829808	799,875476	804,659283
12,843158	799,867169	804,924280
12,856509	799,823902	804,957404
12,869859	799,844324	804,957404
12,883210	799,807980	804,534145
12,896560	799,851939	804,866618
12,909910	799,822171	804,866618
12,923261	799,807287	804,849443
12,936611	799,837401	804,692407
12,949962	799,874438	804,692407
12,963312	799,846747	805,148791
12,976663	799,831517	805,148791
12,990013	799,827017	805,099717
13,003364	799,813864	804,783193
13,016714	799,840863	804,725532
13,030065	799,834978	804,725532
13,043415	799,829440	804,808957
13,056766	799,821479	804,633519
13,070116	799,869938	804,633519
13,083467	799,837747	804,509609
13,096817	799,856785	804,891155
13,110168	799,849862	804,891155
13,123518	799,805557	804,633519
13,136869	799,860592	804,608982
13,150219	799,813518	804,608982
13,163570	799,808326	804,791781
13,176920	799,879630	804,791781
13,190270	799,762289	804,883794
13,203621	799,839132	804,741481
13,216971	799,837401	804,741481
13,230322	799,859554	804,741481
13,243672	799,843286	804,774605
13,257023	799,841209	804,600395
13,270373	799,820094	804,600395
13,283724	799,835671	804,824906
13,297074	799,784788	804,699768
13,310425	799,847785	804,699768
13,323775	799,896245	804,816318
13,337126	799,784788	804,974580
13,350476	799,813518	804,974580
13,363827	799,787211	804,866618
13,377177	799,843978	804,732893
13,390528	799,825286	804,732893
13,403878	799,882399	805,040829
13,417229	799,837401	804,608982
13,430579	799,791711	804,608982
13,443930	799,835671	804,667871
13,457280	799,884130	804,758657
13,470630	799,842939	804,758657
13,483981	799,859900	804,974580
13,497331	799,851939	804,492433
13,510682	799,834286	804,492433
13,524032	799,784442	804,575858
13,537383	799,837747	804,650695
13,550733	799,793788	804,650695
13,564084	799,797942	804,732893
13,577434	799,852977	804,732893
13,590785	799,813864	804,567270
13,604135	799,842593	804,584446
13,617486	799,836017	804,584446
13,630836	799,797595	804,600395
13,644187	799,826325	804,584446
13,657537	799,865784	804,584446
13,670888	799,805210	804,608982
13,684238	799,867861	804,692407
13,697589	799,814556	804,692407
13,710939	799,792750	804,783193
13,724290	799,814556	804,650695
13,737640	799,826325	804,650695
13,750990	799,796211	804,908331
13,764341	799,796211	804,908331
13,777691	799,864400	804,608982
13,791042	799,800018	804,567270
13,804392	799,894514	804,667871
13,817743	799,832209	804,667871
13,831093	799,779250	804,849443
13,844444	799,889668	804,750069
13,857794	799,861631	804,750069
13,871145	799,832209	804,267922
13,884495	799,822517	804,267922
13,897846	799,852977	804,633519
13,911196	799,834978	804,525557
13,924547	799,795865	804,483845
13,937897	799,807633	804,483845
13,951248	799,828748	804,567270
13,964598	799,804864	804,567270
13,977949	799,802441	804,417596
13,991299	799,833594	804,492433
14,004650	799,828056	804,151372
14,018000	799,792403	804,151372
14,031350	799,814210	804,492433
14,044701	799,818710	804,492433
14,058051	799,821479	804,534145
14,071402	799,868554	804,509609
14,084752	799,824594	803,977161
14,098103	799,865438	803,977161
14,111453	799,788942	804,334171
14,124804	799,812479	804,384471
14,138154	799,811095	804,384471
14,151505	799,862669	804,534145
14,164855	799,854708	804,251973
14,178206	799,855400	804,251973
14,191556	799,853670	804,699768
14,204907	799,800365	804,483845
14,218257	799,860592	804,483845
14,231608	799,798288	804,227436
14,244958	799,813864	804,267922
14,258309	799,812479	804,267922
14,271659	799,786519	804,193085
14,285010	799,843632	804,483845
14,298360	799,863708	804,483845
14,311710	799,856093	804,368522
14,325061	799,833248	804,434772
14,338411	799,814556	804,434772
14,351762	799,817325	804,267922
14,365112	799,842247	804,509609
14,378463	799,851593	804,509609
14,391813	799,778212	804,276510
14,405164	799,840516	804,767244
14,418514	799,823210	804,767244
14,431865	799,875822	804,285097
14,445215	799,816287	804,401647
14,458566	799,825979	804,401647
14,471916	799,865438	804,683819
14,485267	799,826671	804,534145
14,498617	799,841209	804,534145
14,511968	799,790673	804,475257
14,525318	799,819402	804,492433
14,538669	799,850901	804,492433
14,552019	799,895206	804,741481
14,565370	799,829094	804,741481
14,578720	799,803826	804,368522
14,592070	799,835671	804,758657
14,605421	799,811095	804,758657
14,618771	799,821133	804,384471
14,632122	799,825286	804,227436
14,645472	799,839478	804,443359
14,658823	799,871323	804,443359
14,672173	799,797942	804,401647
14,685524	799,820094	804,401647
14,698874	799,888630	804,617570
14,712225	799,796211	804,600395
14,725575	799,892783	804,600395
14,738926	799,824248	804,109660
14,752276	799,777519	804,292458
14,765627	799,824248	804,292458
14,778977	799,834286	804,093711
14,792328	799,774404	804,210260
14,805678	799,802095	804,185724
14,819029	799,810749	804,185724
14,832379	799,795865	803,985749
14,845730	799,860592	804,292458
14,859080	799,831171	804,292458
14,872430	799,840516	804,159960
14,885781	799,832555	803,728113
14,899131	799,905590	803,728113
14,912482	799,797595	804,227436
14,925832	799,802441	804,525557
14,939183	799,806595	804,525557
14,952533	799,801749	804,285097
14,965884	799,798634	803,977161
14,979234	799,837401	803,977161
14,992585	799,850901	804,368522
15,005935	799,830825	803,860612
15,019286	799,828748	803,860612
15,032636	799,853324	804,193085
15,045987	799,817325	804,401647
15,059337	799,818364	804,401647
15,072688	799,831517	804,018874
15,086038	799,834286	804,076535
15,099389	799,818710	804,076535
15,112739	799,843286	804,159960
15,126090	799,845709	804,102299
15,139440	799,853670	804,102299
15,152790	799,884476	804,168548
15,166141	799,873746	804,210260
15,179491	799,821479	804,210260
15,192842	799,826325	804,393059
15,206192	799,787904	804,002925
15,219543	799,817671	804,002925
15,232893	799,789634	804,542733
15,246244	799,798288	804,567270
15,259594	799,823210	804,567270
15,272945	799,796903	804,185724
15,286295	799,806249	804,267922
15,299646	799,867861	804,267922
15,312996	799,842247	804,126835
15,326347	799,784442	804,251973
15,339697	799,802788	804,251973
15,353048	799,849516	804,384471
15,366398	799,812479	804,334171
15,379749	799,893822	804,334171
15,393099	799,824594	804,243385
15,406450	799,839478	804,243385
15,419800	799,866477	804,243385
15,433150	799,832209	804,043410
15,446501	799,829094	804,043410
15,459851	799,825286	804,267922
15,473202	799,806249	804,034823
15,486552	799,785481	804,034823
15,499903	799,824940	803,968573
15,513253	799,780289	804,144011
15,526604	799,825979	804,144011
15,539954	799,792057	804,018874
15,553305	799,792403	803,944037
15,566655	799,858169	803,944037
15,580006	799,847785	804,010286
15,593356	799,829786	804,467896
15,606707	799,802788	804,467896
15,620057	799,861631	804,292458
15,633408	799,891052	804,443359
15,646758	799,828056	804,443359
15,660109	799,819056	804,467896
15,673459	799,827709	804,251973
15,686810	799,895206	804,251973
15,700160	799,845362	804,318222
15,713510	799,817325	804,318222
15,726861	799,804864	804,210260
15,740211	799,866477	804,168548
15,753562	799,865092	804,285097
15,766912	799,836363	804,285097
15,780263	799,864054	804,243385
15,793613	799,820787	804,267922
15,806964	799,818018	804,267922
15,820314	799,843286	803,811538
15,833665	799,810749	803,811538
15,847015	799,850554	804,301046
15,860366	799,865438	804,185724
15,873716	799,846055	804,185724
15,887067	799,870284	803,961212
15,900417	799,834978	803,869200
15,913768	799,888976	803,869200
15,927118	799,853324	804,126835
15,940469	799,819402	804,159960
15,953819	799,819402	804,159960
15,967170	799,845709	803,985749
15,980520	799,856785	803,787001
15,993870	799,864054	803,787001
16,007221	799,817325	804,210260
16,020571	799,862669	803,994337
16,033922	799,855400	803,994337
16,047272	799,823902	803,961212
16,060623	799,851247	803,961212
16,073973	799,833940	803,977161
16,087324	799,845709	804,193085
16,100674	799,826671	803,928088
16,114025	799,809710	803,928088
16,127375	799,830132	803,802950
16,140726	799,851247	804,076535
16,154076	799,857477	804,076535
16,167427	799,772327	804,085123
16,180777	799,833248	804,060586
16,194128	799,819056	804,060586
16,207478	799,845362	804,135423
16,220829	799,813864	804,401647
16,234179	799,850208	804,401647
16,247530	799,776481	803,935449
16,260880	799,812479	803,919500
16,274230	799,859900	803,919500
16,287581	799,813172	804,043410
16,300931	799,792750	803,562490
16,314282	799,863708	803,562490
16,327632	799,875476	803,919500
16,340983	799,807287	803,677813
16,354333	799,897283	803,677813
16,367684	799,829786	803,794362
16,381034	799,850901	804,168548
16,394385	799,825286	804,168548
16,407735	799,815248	803,961212
16,421086	799,800018	803,952624
16,434436	799,849170	803,952624
16,447787	799,803826	804,051998
16,461137	799,894514	803,778414
16,474488	799,830478	803,778414
16,487838	799,791365	803,844663
16,501189	799,838440	803,562490
16,514539	799,808326	803,562490
16,527890	799,809018	804,018874
16,541240	799,844324	804,102299
16,554590	799,809710	804,102299
16,567941	799,804172	804,043410
16,581291	799,834978	803,893736
16,594642	799,844670	803,893736
16,607992	799,795519	803,562490
16,621343	799,860592	803,860612
16,634693	799,841901	803,860612
16,648044	799,804518	803,910912
16,661394	799,846401	803,653276
16,674745	799,842247	803,653276
16,688095	799,836709	804,118247
16,701446	799,783404	804,118247
16,714796	799,818018	803,968573
16,728147	799,839132	804,118247
16,741497	799,810749	804,118247
16,754848	799,872707	803,836075
16,768198	799,818364	803,944037
16,781549	799,834286	803,886375
16,794899	799,809710	803,886375
16,808250	799,817325	803,769826
16,821600	799,836709	803,769826
16,834950	799,824248	803,844663
16,848301	799,875476	803,636100
16,861651	799,818364	803,636100
16,875002	799,820787	803,802950
16,888352	799,827363	803,902324
16,901703	799,788942	803,902324
16,915053	799,834978	803,902324
16,928404	799,851593	803,628739
16,941754	799,832209	803,628739
16,955105	799,836363	803,977161
16,968455	799,833248	803,736701
16,981806	799,812133	803,736701
16,995156	799,834978	803,545314
17,008507	799,813518	803,794362
17,021857	799,824594	803,794362
17,035208	799,873746	803,877787
17,048558	799,823556	803,602976
17,061909	799,842593	803,602976
17,075259	799,852285	803,827487
17,088610	799,854708	803,736701
17,101960	799,815248	803,736701
17,115310	799,830478	803,794362
17,128661	799,832555	803,794362
17,142011	799,818710	803,562490
17,155362	799,822517	803,562490
17,168712	799,750867	803,628739
17,182063	799,841901	803,628739
17,195413	799,820787	803,703576
17,208764	799,767828	803,778414
17,222114	799,805557	803,778414
17,235465	799,830132	803,818899
17,248815	799,815595	803,852024
17,262166	799,861631	803,852024
17,275516	799,804172	803,893736
17,288867	799,852977	803,710937
17,302217	799,833594	803,710937
17,315568	799,846055	804,051998
17,328918	799,862669	803,985749
17,342269	799,815595	803,985749
17,355619	799,861631	803,553902
17,368970	799,826671	803,811538
17,382320	799,814556	803,811538
17,395670	799,800365	804,034823
17,409021	799,806595	803,977161
17,422371	799,870630	803,977161
17,435722	799,790673	803,669225
17,449072	799,821479	803,669225
17,462423	799,789288	803,686401
17,475773	799,783404	803,869200
17,489124	799,818018	803,869200
17,502474	799,855746	803,869200
17,515825	799,808326	803,852024
17,529175	799,825979	803,852024
17,542526	799,797942	803,852024
17,555876	799,823556	803,644688
17,569227	799,831517	803,587027
17,582577	799,851247	803,587027
17,595928	799,902821	803,620152
17,609278	799,817671	803,536727
17,622629	799,864054	803,536727
17,635979	799,833248	803,745289
17,649330	799,863362	803,337979
17,662680	799,832209	803,337979
17,676030	799,823210	803,553902
17,689381	799,818710	803,553902
17,702731	799,818018	803,553902
17,716082	799,816979	803,710937
17,729432	799,819056	803,710937
17,742783	799,795172	803,710937
17,756133	799,828056	803,569851
17,769484	799,854362	803,661864
17,782834	799,859554	803,661864
17,796185	799,795865	803,719525
17,809535	799,825286	803,811538
17,822886	799,825286	803,811538
17,836236	799,804864	803,769826
17,849587	799,876861	803,620152
17,862937	799,877899	803,620152
17,876288	799,836363	803,877787
17,889638	799,855054	803,877787
17,902989	799,814556	803,536727
17,916339	799,840863	803,428765
17,929690	799,852977	803,428765
17,943040	799,816979	803,802950
17,956390	799,801749	803,545314
17,969741	799,838440	803,545314
17,983091	799,781327	803,703576
17,996442	799,766443	803,536727
18,009792	799,784788	803,536727
18,023143	799,811095	803,877787
18,036493	799,803134	803,761238
18,049844	799,769212	803,761238
18,063194	799,840516	803,860612
18,076545	799,902475	803,794362
18,089895	799,830132	803,794362
18,103246	799,817671	803,677813
18,116596	799,797942	803,844663
18,129947	799,867515	803,844663
18,143297	799,866823	803,703576
18,156648	799,853324	803,445941
18,169998	799,851939	803,445941
18,183349	799,897629	803,245966
18,196699	799,813864	804,027462
18,210050	799,823902	804,027462
18,223400	799,852631	803,378465
18,236750	799,864746	803,686401
18,250101	799,816287	803,686401
18,263451	799,857823	803,188305
18,276802	799,867515	803,188305
18,290152	799,848824	803,437353
18,303503	799,820441	802,963794
18,316853	799,831517	802,963794
18,330204	799,828402	803,395640
18,343554	799,821825	803,428765
18,356905	799,843286	803,428765
18,370255	799,823902	803,345340
18,383606	799,793096	803,445941
18,396956	799,829094	803,445941
18,410307	799,875822	803,694989
18,423657	799,839478	803,461890
18,437008	799,869592	803,461890
18,450358	799,778558	803,461890
18,463709	799,855054	803,263142
18,477059	799,855054	803,263142
18,490410	799,823902	803,345340
18,503760	799,871669	803,369877
18,517110	799,830132	803,369877
18,530461	799,834286	803,869200
18,543811	799,802788	803,628739
18,557162	799,865438	803,628739
18,570512	799,786519	803,553902
18,583863	799,825633	803,553902
18,597213	799,801749	803,221429
18,610564	799,805557	803,146592
18,623914	799,849862	803,146592
18,637265	799,838440	803,520778
18,650615	799,819056	803,096292
18,663966	799,864054	803,096292
18,677316	799,869246	803,728113
18,690667	799,836709	803,562490
18,704017	799,788596	803,562490
18,717368	799,842939	803,453302
18,730718	799,819402	803,644688
18,744069	799,810056	803,644688
18,757419	799,827017	803,653276
18,770770	799,801057	803,594388
18,784120	799,894168	803,594388
18,797470	799,836017	803,461890
18,810821	799,846401	803,461890
18,824171	799,862669	803,212842
18,837522	799,792403	803,212842
18,850872	799,840516	803,528139
18,864223	799,836017	803,528139
18,877573	799,835671	803,461890
18,890924	799,839478	803,312215
18,904274	799,856439	803,312215
18,917625	799,826325	803,279091
18,930975	799,860246	803,304854
18,944326	799,825979	803,304854
18,957676	799,828056	803,329391
18,971027	799,848478	803,503602
18,984377	799,767135	803,503602
18,997728	799,805210	803,228790
19,011078	799,812133	803,562490
19,024429	799,829786	803,562490
19,037779	799,832901	803,620152
19,051130	799,859900	803,437353
19,064480	799,875822	803,437353
19,077830	799,865784	803,179717
19,091181	799,819402	803,179717
19,104531	799,878592	803,479065
19,117882	799,847785	803,545314
19,131232	799,840516	803,188305
19,144583	799,831863	803,188305
19,157933	799,849516	803,387052
19,171284	799,830132	803,387052
19,184634	799,833248	803,545314
19,197985	799,869246	803,669225
19,211335	799,807980	803,669225
19,224686	799,789634	803,479065
19,238036	799,861285	803,237378
19,251387	799,802441	803,237378
19,264737	799,846055	803,453302
19,278088	799,809710	803,437353
19,291438	799,811441	803,437353
19,304789	799,847093	803,562490
19,318139	799,829786	803,411589
19,331490	799,845709	803,411589
19,344840	799,879284	803,512190
19,358190	799,802095	803,228790
19,371541	799,886207	803,228790
19,384891	799,800365	803,404228
19,398242	799,836363	803,569851
19,411592	799,829786	803,569851
19,424943	799,874784	803,470477
19,438293	799,842247	803,171129
19,451644	799,775789	803,171129
19,464994	799,835671	803,453302
19,478345	799,817671	803,304854
19,491695	799,819402	803,304854
19,505046	799,818364	803,369877
19,518396	799,839132	803,195666
19,531747	799,822863	803,195666
19,545097	799,809364	803,520778
19,558448	799,841901	803,345340
19,571798	799,841209	803,171129
19,585149	799,868207	803,171129
19,598499	799,882399	803,437353
19,611850	799,801403	803,520778
19,625200	799,805557	803,520778
19,638550	799,833594	803,304854
19,651901	799,779596	803,320803
19,665251	799,868554	803,320803
19,678602	799,833940	803,237378
19,691952	799,845016	803,445941
19,705303	799,768174	803,445941
19,718653	799,824594	803,353928
19,732004	799,836017	803,245966
19,745354	799,894168	803,245966
19,758705	799,883784	803,387052
19,772055	799,788250	803,503602
19,785406	799,812825	803,503602
19,798756	799,848478	803,146592
19,812107	799,834632	803,171129
19,825457	799,834978	803,171129
19,838808	799,846401	803,628739
19,852158	799,812479	803,188305
19,865509	799,827017	803,188305
19,878859	799,822517	803,279091
19,892210	799,845016	803,279091
19,905560	799,845709	803,818899
19,918910	799,870284	803,320803
19,932261	799,806249	802,979742
19,945611	799,780289	802,979742
19,958962	799,812825	803,245966
19,972312	799,841555	803,245966
19,985663	799,818364	803,245966
19,999013	799,825979	803,162541
20,012364	799,875130	803,162541
20,025714	799,864400	803,420177
20,039065	799,818364	803,337979
20,052415	799,816979	803,337979
20,065766	799,839478	803,587027
20,079116	799,863362	803,179717
20,092467	799,846055	803,179717
20,105817	799,770251	803,047219
20,119168	799,867861	803,047219
20,132518	799,856785	803,212842
20,145869	799,838093	803,479065
20,159219	799,785481	803,479065
20,172570	799,791711	803,470477
20,185920	799,822863	803,320803
20,199270	799,821479	803,320803
20,212621	799,857131	803,129417
20,225971	799,838786	803,353928
20,239322	799,812479	803,353928
20,252672	799,845362	803,329391
20,266023	799,902475	803,329391
20,279373	799,824248	803,420177
20,292724	799,878938	803,404228
20,306074	799,878245	803,404228
20,319425	799,807980	803,245966
20,332775	799,832555	803,387052
20,346126	799,832901	803,387052
20,359476	799,909398	803,411589
20,372827	799,823556	803,146592
20,386177	799,802095	803,146592
20,399528	799,841901	803,562490
20,412878	799,819748	803,479065
20,426229	799,883091	803,479065
20,439579	799,888283	803,228790
20,452930	799,785481	803,395640
20,466280	799,828402	803,395640
20,479630	799,852285	803,395640
20,492981	799,836363	803,395640
20,506331	799,786173	803,129417
20,519682	799,834286	803,195666
20,533032	799,826671	803,195666
20,546383	799,889668	803,312215
20,559733	799,809364	803,171129
20,573084	799,850554	803,171129
20,586434	799,832555	803,030043
20,599785	799,864400	803,113468
20,613135	799,860592	803,113468
20,626486	799,894514	803,047219
20,639836	799,809710	803,279091
20,653187	799,826671	803,279091
20,666537	799,831863	803,179717
20,679888	799,842939	803,138004
20,693238	799,814210	803,138004
20,706589	799,895552	803,179717
20,719939	799,836017	803,329391
20,733290	799,853670	803,329391
20,746640	799,865438	803,353928
20,759990	799,891052	803,188305
20,773341	799,879630	803,188305
20,786691	799,856785	803,270503
20,800042	799,816979	802,955206
20,813392	799,812479	802,955206
20,826743	799,859900	802,963794
20,840093	799,860592	802,805532
20,853444	799,845362	802,805532
20,866794	799,901783	803,395640
20,880145	799,876861	803,012867
20,893495	799,852977	803,012867
20,906846	799,859554	803,162541
20,920196	799,820441	803,129417
20,933547	799,861631	803,129417
20,946897	799,830825	802,913493
20,960248	799,816979	803,287679
20,973598	799,866131	803,287679
20,986949	799,749829	803,129417
21,000299	799,823556	802,688982
21,013650	799,808326	802,688982
21,027000	799,870630	803,304854
21,040350	799,822863	803,254554
21,053701	799,803134	803,254554
21,067051	799,836363	803,171129
21,080402	799,857823	803,129417
21,093752	799,814210	803,129417
21,107103	799,836017	802,938030
21,120453	799,871669	803,138004
21,133804	799,860246	803,138004
21,147154	799,873399	802,979742
21,160505	799,819748	803,021455
21,173855	799,864746	803,021455
21,187206	799,826671	803,569851
21,200556	799,858516	803,279091
21,213907	799,905590	803,279091
21,227257	799,768866	802,780995
21,240608	799,850554	802,814119
21,253958	799,829786	802,814119
21,267309	799,864054	803,353928
21,280659	799,843632	802,713519
21,294010	799,886899	802,713519
21,307360	799,818018	802,747870
21,320710	799,865438	803,445941
21,334061	799,845709	803,445941
21,347411	799,845362	803,263142
21,360762	799,836709	802,871781
21,374112	799,845709	802,871781
21,387463	799,879630	802,938030
21,400813	799,899360	803,545314
21,414164	799,828056	803,545314
21,427514	799,823210	803,038631
21,440865	799,900052	802,904905
21,454215	799,849170	802,904905
21,467566	799,816979	803,012867
21,480916	799,842939	803,129417
21,494267	799,870630	803,129417
21,507617	799,859554	802,913493
21,520968	799,823902	803,012867
21,534318	799,849170	803,012867
21,547669	799,876169	803,021455
21,561019	799,839478	803,021455
21,574370	799,829786	803,021455
21,587720	799,812479	803,021455
21,601070	799,866823	803,021455
21,614421	799,897975	802,822707
21,627771	799,819402	802,988330
21,641122	799,855054	802,979742
21,654472	799,796557	802,979742
21,667823	799,858169	803,047219
21,681173	799,849170	803,047219
21,694524	799,837401	802,622733
21,707874	799,831863	803,162541
21,721225	799,882745	803,096292
21,734575	799,915628	803,096292
21,747926	799,867515	802,822707
21,761276	799,825633	802,747870
21,774627	799,865438	802,747870
21,787977	799,821479	802,971155
21,801328	799,855400	802,971155
21,814678	799,830825	802,871781
21,828029	799,838440	802,805532
21,841379	799,812133	802,805532
21,854730	799,838440	802,913493
21,868080	799,819056	802,929442
21,881430	799,833594	802,929442
21,894781	799,847093	803,021455
21,908131	799,803826	802,864420
21,921482	799,864746	802,864420
21,934832	799,807633	802,904905
21,948183	799,893129	802,871781
21,961533	799,842939	802,871781
21,974884	799,816979	802,805532
21,988234	799,842593	802,805532
22,001585	799,833940	802,805532
22,014935	799,850901	802,913493
22,028286	799,839478	802,647270
22,041636	799,864054	802,647270
22,054987	799,846055	802,772407
22,068337	799,865784	802,805532
22,081688	799,865784	802,805532
22,095038	799,857823	802,855832
22,108389	799,876861	802,796944
22,121739	799,846055	802,796944
22,135090	799,786173	802,822707
22,148440	799,842939	802,822707
22,161790	799,811787	802,822707
22,175141	799,843978	802,796944
22,188491	799,804518	802,814119
22,201842	799,882399	802,814119
22,215192	799,827017	803,054580
22,228543	799,876515	802,455883
22,241893	799,835671	802,455883
22,255244	799,852631	802,589608
22,268594	799,803480	802,713519
22,281945	799,855400	802,713519
22,295295	799,888976	802,680394
22,308646	799,787211	802,680394
22,321996	799,834632	802,713519
22,335347	799,866477	802,539308
22,348697	799,871323	802,539308
22,362048	799,779250	802,539308
22,375398	799,861631	802,605557
22,388749	799,842939	802,664445
22,402099	799,845016	802,664445
22,415450	799,855400	802,622733
22,428800	799,831517	802,598196
22,442150	799,830132	802,598196
22,455501	799,802095	802,589608
22,468851	799,877207	802,589608
22,482202	799,881361	802,938030
22,495552	799,869246	802,838656
22,508903	799,823210	802,838656
22,522253	799,820441	802,780995
22,535604	799,818710	802,497595
22,548954	799,830825	802,497595
22,562305	799,818364	802,713519
22,575655	799,869592	802,673033
22,589006	799,866477	802,673033
22,602356	799,860246	802,739282
22,615707	799,871669	802,780995
22,629057	799,825633	802,780995
22,642408	799,869938	802,547896
22,655758	799,822517	802,331972
22,669109	799,774404	802,331972
22,682459	799,859900	802,805532
22,695810	799,828402	802,215423
22,709160	799,818364	802,215423
22,722510	799,749829	802,780995
22,735861	799,814556	802,565071
22,749211	799,838093	802,565071
22,762562	799,848478	802,647270
22,775912	799,852631	802,631321
22,789263	799,861977	802,631321
22,802613	799,882053	802,747870
22,815964	799,819402	802,888957
22,829314	799,837747	802,888957
22,842665	799,856439	802,556484
22,856015	799,839132	802,655857
22,869366	799,804518	802,655857
22,882716	799,815941	802,281672
22,896067	799,858862	802,389634
22,909417	799,883437	802,389634
22,922768	799,823902	802,365097
22,936118	799,831863	802,323385
22,949469	799,861631	802,323385
22,962819	799,788942	802,871781
22,976170	799,855746	802,347921
22,989520	799,798980	802,347921
23,002870	799,745675	802,398222
23,016221	799,857823	802,382273
23,029571	799,804864	802,382273
23,042922	799,798288	802,173710
23,056272	799,810749	802,173710
23,069623	799,815941	802,897544
23,082973	799,792403	802,382273
23,096324	799,841209	802,382273
23,109674	799,872361	802,688982
23,123025	799,834632	802,904905
23,136375	799,834286	802,888957
23,149726	799,789634	802,888957
23,163076	799,796211	802,739282
23,176427	799,870284	802,739282
23,189777	799,827363	802,706158
23,203128	799,840516	802,655857
23,216478	799,827709	802,655857
23,229829	799,840863	802,556484
23,243179	799,792750	802,307436
23,256530	799,847093	802,307436
23,269880	799,875476	802,747870
23,283230	799,874438	802,581020
23,296581	799,857823	802,581020
23,309931	799,799326	802,506183
23,323282	799,838786	802,747870
23,336632	799,807633	802,739282
23,349983	799,831863	802,739282
23,363333	799,838786	802,581020
23,376684	799,831171	802,581020
23,390034	799,832209	802,373685
23,403385	799,800365	802,523359
23,416735	799,845016	802,523359
23,430086	799,830478	802,647270
23,443436	799,859900	802,514771
23,456787	799,834632	802,514771
23,470137	799,841209	802,697570
23,483488	799,860592	802,539308
23,496838	799,830478	802,539308
23,510189	799,812825	802,431346
23,523539	799,860939	802,506183
23,536890	799,786865	802,506183
23,550240	799,860592	802,265723
23,563590	799,798634	802,605557
23,576941	799,817671	802,605557
23,590291	799,843632	802,257135
23,603642	799,906629	802,589608
23,616992	799,831863	802,589608
23,630343	799,880322	802,664445
23,643693	799,796903	802,730694
23,657044	799,848824	802,730694
23,670394	799,832209	802,631321
23,683745	799,813864	802,539308
23,697095	799,840170	802,539308
23,710446	799,836017	802,622733
23,723796	799,859554	802,523359
23,737147	799,867169	802,523359
23,750497	799,854362	802,331972
23,763848	799,849516	802,763819
23,777198	799,830825	802,763819
23,790549	799,777866	802,622733
23,803899	799,862323	802,356509
23,817250	799,881361	802,356509
23,830600	799,828748	802,448522
23,843950	799,818018	802,347921
23,857301	799,896591	802,347921
23,870651	799,831517	802,539308
23,884002	799,855400	802,664445
23,897352	799,888976	802,664445
23,910703	799,797942	802,539308
23,924053	799,821825	802,365097
23,937404	799,811787	802,365097
23,950754	799,855746	802,290260
23,964105	799,833594	802,556484
23,977455	799,907667	802,556484
23,990806	799,840863	802,539308
24,004156	799,890014	802,281672
24,017507	799,832901	802,281672
24,030857	799,787211	802,365097
24,044208	799,822517	802,664445
24,057558	799,843286	802,664445
24,070909	799,822171	802,415397
24,084259	799,831517	802,415397
24,097610	799,842593	802,415397
24,110960	799,836709	802,631321
24,124310	799,869592	802,631321
24,137661	799,832901	802,415397
24,151011	799,820094	802,439934
24,164362	799,803480	802,439934
24,177712	799,856785	802,722107
24,191063	799,829094	802,530720
24,204413	799,811095	802,530720
24,217764	799,845362	802,389634
24,231114	799,880322	802,415397
24,244465	799,834632	802,415397
24,257815	799,800711	802,489008
24,271166	799,825979	802,224011
24,284516	799,859208	802,224011
24,297867	799,830825	802,307436
24,311217	799,852631	802,755231
24,324568	799,826671	802,755231
24,337918	799,840516	802,448522
24,351269	799,845016	802,314797
24,364619	799,868900	802,314797
24,377970	799,820441	802,347921
24,391320	799,882399	802,215423
24,404670	799,811441	802,215423
24,418021	799,834632	802,406809
24,431371	799,863015	802,406809
24,444722	799,911821	802,406809
24,458072	799,882399	802,398222
24,471423	799,759520	802,506183
24,484773	799,780981	802,506183
24,498124	799,837401	802,224011
24,511474	799,831171	802,307436
24,524825	799,843286	802,307436
24,538175	799,869938	802,382273
24,551526	799,841555	802,382273
24,564876	799,883437	802,116049
24,578227	799,816287	802,340560
24,591577	799,790673	802,340560
24,604928	799,847093	802,182298
24,618278	799,845016	802,439934
24,631629	799,818018	802,439934
24,644979	799,844324	802,814119
24,658330	799,841555	802,373685
24,671680	799,816633	802,373685
24,685030	799,768520	802,406809
24,698381	799,851247	802,314797
24,711731	799,819748	802,314797
24,725082	799,830825	802,265723
24,738432	799,830825	802,589608
24,751783	799,833594	802,589608
24,765133	799,776827	802,140586
24,778484	799,859554	802,190886
24,791834	799,800365	802,190886
24,805185	799,808672	802,565071
24,818535	799,875476	802,140586
24,831886	799,840516	802,140586
24,845236	799,833594	802,124637
24,858587	799,783058	802,273084
24,871937	799,779250	802,273084
24,885288	799,867861	801,933250
24,898638	799,903860	802,090285
24,911989	799,825633	801,808113
24,925339	799,800365	801,808113
24,938690	799,890706	802,024036
24,952040	799,861285	802,356509
24,965390	799,852977	802,356509
24,978741	799,840170	802,239960
24,992091	799,842939	802,248547
25,005442	799,850901	802,248547
25,018792	799,850901	802,314797
25,032143	799,852631	802,373685
25,045493	799,845362	802,373685
25,058844	799,864054	802,215423
25,072194	799,875130	802,057161
25,085545	799,793788	802,057161
25,098895	799,856439	801,759039
25,112246	799,792057	802,431346
25,125596	799,849862	802,431346
25,138947	799,835324	802,398222
25,152297	799,788942	802,439934
25,165648	799,813518	802,439934
25,178998	799,863015	802,331972
25,192349	799,842247	802,116049
25,205699	799,845709	802,464471
25,219050	799,788250	802,464471
25,232400	799,815248	801,949199
25,245750	799,824248	802,231372
25,259101	799,834632	802,231372
25,272451	799,857131	802,140586
25,285802	799,859900	802,140586
25,299152	799,859900	802,298848
25,312503	799,867861	801,941838
25,325853	799,896591	801,867001
25,339204	799,813864	801,867001
25,352554	799,839478	802,224011
25,365905	799,821479	802,224011
25,379255	799,775789	802,074337
25,392606	799,896937	802,116049
25,405956	799,877553	802,116049
25,419307	799,840516	802,065749
25,432657	799,874784	802,231372
25,446008	799,800711	802,231372
25,459358	799,798980	802,165122
25,472709	799,845016	802,224011
25,486059	799,824940	802,224011
25,499410	799,798980	802,057161
25,512760	799,840863	802,281672
25,526110	799,843632	802,281672
25,539461	799,825286	802,165122
25,552811	799,860246	802,373685
25,566162	799,876861	802,373685
25,579512	799,872361	802,639909
25,592863	799,795172	802,431346
25,606213	799,843978	802,431346
25,619564	799,842593	802,057161
25,632914	799,873746	802,439934
25,646265	799,835671	802,439934
25,659615	799,874092	802,090285
25,672966	799,847093	802,547896
25,686316	799,815941	802,547896
25,699667	799,854362	802,722107
25,713017	799,850554	802,124637
25,726368	799,828748	802,124637
25,739718	799,877207	802,090285
25,753069	799,838093	802,224011
25,766419	799,826325	802,224011
25,779770	799,836017	802,048573
25,793120	799,838786	802,506183
25,806470	799,818710	802,506183
25,819821	799,848478	802,190886
25,833171	799,844670	802,382273
25,846522	799,868554	802,382273
25,859872	799,891052	802,722107
25,873223	799,854708	802,722107
25,886573	799,846401	802,481647
25,899924	799,834978	802,206835
25,913274	799,825286	802,206835
25,926625	799,825979	802,565071
25,939975	799,812133	802,423985
25,953326	799,841555	802,423985
25,966676	799,821479	802,530720
25,980027	799,783404	802,190886
25,993377	799,842247	802,523359
26,006728	799,836709	802,523359
26,020078	799,879284	802,523359
26,033429	799,868900	802,448522
26,046779	799,845709	802,448522
26,060130	799,860592	802,448522
26,073480	799,841901	802,448522
26,086830	799,832901	802,448522
26,100181	799,815248	802,448522
26,113531	799,865438	802,231372
26,126882	799,819748	802,231372
26,140232	799,895552	802,455883
26,153583	799,838093	802,239960
26,166933	799,815595	802,239960
26,180284	799,871669	802,257135
26,193634	799,834286	802,323385
26,206985	799,872707	802,323385
26,220335	799,838786	802,199474
26,233686	799,869246	802,273084
26,247036	799,806595	802,273084
26,260387	799,897283	802,290260
26,273737	799,844670	802,165122
26,287088	799,890360	802,165122
26,300438	799,824940	802,314797
26,313789	799,856439	802,107461
26,327139	799,885514	802,107461
26,340490	799,845362	802,231372
26,353840	799,869592	802,340560
26,367190	799,863362	802,340560
26,380541	799,828748	801,949199
26,393891	799,841901	802,024036
26,407242	799,875130	802,024036
26,420592	799,849170	802,024036
26,433943	799,853324	801,675614
26,447293	799,803826	801,675614
26,460644	799,840516	802,331972
26,473994	799,887591	802,605557
26,487345	799,862323	802,605557
26,500695	799,862669	801,966375
26,514046	799,883437	801,966375
26,527396	799,806249	801,966375
26,540747	799,818710	802,248547
26,554097	799,855400	802,248547
26,567448	799,853670	802,024036
26,580798	799,903513	802,382273
26,594149	799,835324	802,382273
26,607499	799,832209	801,916075
26,620850	799,856439	801,832650
26,634200	799,801749	801,832650
26,647550	799,874784	802,057161
26,660901	799,842939	802,116049
26,674251	799,872361	802,116049
26,687602	799,844324	802,239960
26,700952	799,868207	801,700151
26,714303	799,834978	801,700151
26,727653	799,868554	802,290260
26,741004	799,850554	801,832650
26,754354	799,817671	801,832650
26,767705	799,827017	801,616726
26,781055	799,844670	802,439934
26,794406	799,802095	802,439934
26,807756	799,879976	802,231372
26,821107	799,810056	801,874362
26,834457	799,847785	801,874362
26,847808	799,813172	802,523359
26,861158	799,857823	801,983551
26,874509	799,838093	801,983551
26,887859	799,867861	802,307436
26,901210	799,855400	802,439934
26,914560	799,863362	802,439934
26,927910	799,803134	801,949199
26,941261	799,836709	802,157761
26,954611	799,849170	802,157761
26,967962	799,810403	802,015448
26,981312	799,849170	801,916075
26,994663	799,844324	801,916075
27,008013	799,831863	802,082924
27,021364	799,802788	801,832650
27,034714	799,853324	801,832650
27,048065	799,819056	802,098873
27,061415	799,857131	801,957787
27,074766	799,904898	801,957787
27,088116	799,832555	801,949199
27,101467	799,848131	801,957787
27,114817	799,839478	801,957787
27,128168	799,813518	802,182298
27,141518	799,861631	801,891538
27,154869	799,881015	801,891538
27,168219	799,835671	802,157761
27,181570	799,872015	802,116049
27,194920	799,847785	802,116049
27,208270	799,831863	801,933250
27,221621	799,824940	801,700151
27,234971	799,863015	801,700151
27,248322	799,815248	802,057161
27,261672	799,801403	802,057161
27,275023	799,819748	802,057161
27,288373	799,830825	802,157761
27,301724	799,794826	801,867001
27,315074	799,832555	801,867001
27,328425	799,839478	801,783576
27,341775	799,835671	801,783576
27,355126	799,828748	801,783576
27,368476	799,858862	801,766400
27,381827	799,819402	801,766400
27,395177	799,866131	801,867001
27,408528	799,805903	801,999499
27,421878	799,834286	801,999499
27,435229	799,806595	802,074337
27,448579	799,802788	801,990912
27,461930	799,847439	801,990912
27,475280	799,852631	802,182298
27,488630	799,801403	801,941838
27,501981	799,862669	801,941838
27,515331	799,856093	802,057161
27,528682	799,839132	801,891538
27,542032	799,857477	801,891538
27,555383	799,826325	801,774988
27,568733	799,785481	801,774988
27,582084	799,857477	801,924662
27,595434	799,797249	801,924662
27,608785	799,826671	801,924662
27,622135	799,861977	802,057161
27,635486	799,799672	801,858413
27,648836	799,837055	801,858413
27,662187	799,899360	801,933250
27,675537	799,808672	802,190886
27,688888	799,834978	802,190886
27,702238	799,852631	801,733276
27,715589	799,819402	801,941838
27,728939	799,814210	801,941838
27,742290	799,902821	802,356509
27,755640	799,804172	802,074337
27,768990	799,867515	802,074337
27,782341	799,824940	801,882950
27,795691	799,808326	801,867001
27,809042	799,872361	801,867001
27,822392	799,868207	802,149174
27,835743	799,798980	802,157761
27,849093	799,833594	802,157761
27,862444	799,809710	801,625314
27,875794	799,857823	801,625314
27,889145	799,834978	802,008087
27,902495	799,771289	801,974963
27,915846	799,803480	801,974963
27,929196	799,872707	802,373685
27,942547	799,811095	801,559065
27,955897	799,855054	801,559065
27,969248	799,784788	801,534528
27,982598	799,819748	801,916075
27,995949	799,827363	801,916075
28,009299	799,824248	802,173710
28,022650	799,880322	802,307436
28,036000	799,854708	802,307436
28,049350	799,881707	802,074337
