Zeit [s]  Piezo[nm]  MEMS[nm]
eoh
0,013368	-0,012446	0,000000
0,026735	9,974598	0,000000
0,040103	9,923086	0,141086
0,053471	9,980821	5,160078
0,066839	9,885403	5,160078
0,080206	9,922395	10,204833
0,093574	9,929655	9,880948
0,106942	9,959732	9,880948
0,120310	9,920666	9,880948
0,133677	9,991193	9,880948
0,147045	9,865005	9,880948
0,160413	9,953509	9,880948
0,173780	9,899232	9,880948
0,187148	9,915480	9,880948
0,200516	9,906837	9,880948
0,213884	9,874340	9,880948
0,227251	9,900269	9,932475
0,240619	9,943829	9,932475
0,253987	9,912023	10,360641
0,267354	9,945904	10,046571
0,280722	9,960078	10,046571
0,294090	9,920320	9,872360
0,307458	9,882637	9,872360
0,320825	9,908220	9,872360
0,334193	9,887477	9,872360
0,347561	9,907183	9,872360
0,360929	9,915135	9,872360
0,374296	9,941409	10,114047
0,387664	9,962498	10,213421
0,401032	9,903035	10,213421
0,414399	9,955238	10,147171
0,427767	10,007787	10,030622
0,441135	9,935532	10,030622
0,454503	9,871574	10,180296
0,467870	9,915480	10,180296
0,481238	9,916518	10,114047
0,494606	9,955238	10,204833
0,507974	9,888514	10,204833
0,521341	9,897157	10,006085
0,534709	9,944521	10,129996
0,548077	9,920320	10,129996
0,561444	9,970795	9,971734
0,574812	9,888514	10,088283
0,588180	9,880563	10,088283
0,601548	9,918938	10,387632
0,614915	9,890934	10,147171
0,628283	9,931038	10,147171
0,641651	9,909949	10,006085
0,655019	9,934149	10,022034
0,668386	9,965955	10,022034
0,681754	9,977018	10,163120
0,695122	9,926889	10,163120
0,708489	9,969067	10,055159
0,721857	9,904417	9,980322
0,735225	9,906492	9,980322
0,748593	9,924815	10,288258
0,761960	9,941064	10,171708
0,775328	9,972524	10,171708
0,788696	9,937261	9,731274
0,802063	9,936915	9,772986
0,815431	9,907529	9,772986
0,828799	9,909257	10,587606
0,842167	9,971487	10,163120
0,855534	9,908220	10,163120
0,868902	9,981513	10,380270
0,882270	9,966301	10,006085
0,895638	9,936569	10,006085
0,909005	9,914443	9,806111
0,922373	9,931729	9,964373
0,935741	9,928618	9,964373
0,949108	9,922049	10,114047
0,962476	9,966301	9,814698
0,975844	10,000181	9,814698
0,989212	9,952472	9,764398
1,002579	9,929309	9,823286
1,015947	9,926889	9,823286
1,029315	9,963190	10,246545
1,042683	9,893354	10,006085
1,056050	9,947287	10,006085
1,069418	9,883674	9,980322
1,082786	9,916172	10,046571
1,096153	9,889551	10,046571
1,109521	9,910640	10,204833
1,122889	9,996379	9,772986
1,136257	9,933803	9,772986
1,149624	9,959732	10,122635
1,162992	9,962844	9,747222
1,176360	9,952818	9,747222
1,189728	9,939681	10,255133
1,203095	9,911677	10,437932
1,216463	9,937606	10,437932
1,229831	9,929655	9,830647
1,243198	9,948324	10,229370
1,256566	9,923778	10,229370
1,269934	9,906837	10,305433
1,283302	9,956621	9,988909
1,296669	9,992230	9,988909
1,310037	9,952818	10,039210
1,323405	9,895083	9,914072
1,336772	9,951781	9,914072
1,350140	9,964572	9,939836
1,363508	9,905800	10,213421
1,376876	9,895429	10,213421
1,390243	9,931038	10,030622
1,403611	9,914443	10,030622
1,416979	9,944866	9,905484
1,430347	9,961807	10,288258
1,443714	9,861548	10,288258
1,457082	9,919283	9,939836
1,470450	9,930001	9,898123
1,483817	9,914443	9,898123
1,497185	9,951781	9,947197
1,510553	9,892317	9,922660
1,523921	9,947632	9,922660
1,537288	9,888514	10,222008
1,550656	9,882637	10,022034
1,564024	9,933803	10,022034
1,577392	9,945212	10,204833
1,590759	9,900269	10,039210
1,604127	9,971833	10,039210
1,617495	9,957658	9,939836
1,630862	9,934495	9,905484
1,644230	9,971487	9,905484
1,657598	9,871228	9,673612
1,670966	9,897503	10,030622
1,684333	9,915826	10,030622
1,697701	9,927235	10,122635
1,711069	9,949015	10,279670
1,724437	9,937952	10,279670
1,737804	9,979093	10,288258
1,751172	9,947287	10,088283
1,764540	9,938644	10,088283
1,777907	9,900614	10,171708
1,791275	9,988773	10,305433
1,804643	9,985661	10,305433
1,818011	9,916172	9,922660
1,831378	9,964572	9,847823
1,844746	9,906492	9,847823
1,858114	9,989118	9,997497
1,871481	9,921358	10,046571
1,884849	9,951435	10,046571
1,898217	9,904763	10,222008
1,911585	9,930001	10,396219
1,924952	9,950398	10,396219
1,938320	9,921703	10,072334
1,951688	9,946595	9,665024
1,965056	9,880217	9,665024
1,978423	9,959732	9,939836
1,991791	9,911332	9,931248
2,005159	9,951089	9,931248
2,018526	9,894737	10,063746
2,031894	9,917555	10,063746
2,045262	9,979438	10,013446
2,058630	9,866734	10,030622
2,071997	9,912369	10,022034
2,085365	9,938644	10,022034
2,098733	9,876414	10,046571
2,112101	9,926198	10,155759
2,125468	9,934149	10,155759
2,138836	9,951781	10,329970
2,152204	9,952127	10,329970
2,165571	9,961115	9,731274
2,178939	9,973907	9,814698
2,192307	9,947632	9,814698
2,205675	9,927926	9,823286
2,219042	9,896466	10,329970
2,232410	9,960424	10,329970
2,245778	9,931729	9,739861
2,259146	9,961115	10,188884
2,272513	9,984624	10,188884
2,285881	9,932075	9,606136
2,299249	9,893354	9,856411
2,312616	9,897503	9,856411
2,325984	9,888860	10,155759
2,339352	9,904417	10,180296
2,352720	9,970795	10,180296
2,366087	9,942101	9,889536
2,379455	9,941409	10,380270
2,392823	9,941409	10,380270
2,406190	9,921012	9,715325
2,419558	9,929655	9,997497
2,432926	9,933803	9,997497
2,446294	9,892317	9,548475
2,459661	9,977018	10,006085
2,473029	9,977018	10,006085
2,486397	9,872611	9,806111
2,499765	9,894392	10,063746
2,513132	9,901306	10,063746
2,526500	9,924469	9,947197
2,539868	9,930692	10,072334
2,553235	9,986007	10,072334
2,566603	9,923432	9,947197
2,579971	9,916172	10,345919
2,593339	9,881600	10,345919
2,606706	9,869846	9,872360
2,620074	9,934841	9,931248
2,633442	9,915826	9,931248
2,646810	9,943829	9,955785
2,660177	9,900960	9,980322
2,673545	9,953164	9,980322
2,686913	9,961461	9,698149
2,700280	9,983587	9,698149
2,713648	9,994996	10,039210
2,727016	9,968721	9,698149
2,740384	9,898194	9,698149
2,753751	9,945558	10,072334
2,767119	9,955238	10,345919
2,780487	9,930346	10,345919
2,793854	9,910295	10,039210
2,807222	9,927926	10,022034
2,820590	9,915480	10,022034
2,833958	9,925161	10,129996
2,847325	9,912023	10,122635
2,860693	9,914789	10,122635
2,874061	9,974598	9,872360
2,887429	9,911677	9,931248
2,900796	9,915480	9,931248
2,914164	9,928963	9,872360
2,927532	9,917555	10,096871
2,940899	9,963190	10,096871
2,954267	9,910986	10,114047
2,967635	9,917900	10,204833
2,981003	9,927926	10,204833
2,994370	9,935186	9,988909
3,007738	9,908566	10,013446
3,021106	9,945558	10,013446
3,034474	9,854288	9,997497
3,047841	9,933112	9,997497
3,061209	9,936224	10,055159
3,074577	9,875031	9,922660
3,087944	9,910640	9,922660
3,101312	9,906146	10,072334
3,114680	9,918592	9,856411
3,128048	9,945558	9,856411
3,141415	9,919283	9,931248
3,154783	9,925506	10,055159
3,168151	9,919629	10,055159
3,181519	9,949361	10,147171
3,194886	9,913060	10,180296
3,208254	9,938989	10,180296
3,221622	9,902343	9,656436
3,234989	9,937261	10,096871
3,248357	9,944521	10,096871
3,261725	9,937606	10,046571
3,275093	9,919975	10,030622
3,288460	9,961461	10,030622
3,301828	9,911677	9,931248
3,315196	9,907875	10,138584
3,328563	9,965264	10,138584
3,341931	9,966992	9,988909
3,355299	9,951781	9,988909
3,368667	9,891280	9,988909
3,382034	9,973215	10,013446
3,395402	9,957658	10,387632
3,408770	9,911677	10,387632
3,422138	9,895083	9,706737
3,435505	9,943829	9,706737
3,448873	9,917555	10,163120
3,462241	9,948669	10,188884
3,475608	9,874686	10,080922
3,488976	9,977710	10,080922
3,502344	9,887823	10,462469
3,515712	9,919975	9,971734
3,529079	9,897849	9,971734
3,542447	9,889206	10,271082
3,555815	9,936569	9,856411
3,569183	9,910640	9,856411
3,582550	9,925852	9,814698
3,595918	9,889897	10,321382
3,609286	9,912023	10,321382
3,622653	9,935878	10,420756
3,636021	9,937606	10,122635
3,649389	10,012627	10,122635
3,662757	9,946595	10,080922
3,676124	9,938644	10,213421
3,689492	9,903726	10,213421
3,702860	9,966992	10,296846
3,716228	9,892317	10,188884
3,729595	9,930001	10,188884
3,742963	9,958349	10,387632
3,756331	9,936224	10,387632
3,769698	9,904417	9,922660
3,783066	9,916172	9,872360
3,796434	9,895429	10,296846
3,809802	9,922049	10,296846
3,823169	9,950744	10,288258
3,836537	9,929309	10,288258
3,849905	9,922740	9,980322
3,863272	9,956275	10,271082
3,876640	9,965955	10,271082
3,890008	9,913060	10,296846
3,903376	9,959387	9,947197
3,916743	9,950398	9,939836
3,930111	9,937261	9,939836
3,943479	9,965955	10,030622
3,956847	9,904417	10,030622
3,970214	9,924469	10,371683
3,983582	9,929655	10,155759
3,996950	9,897503	10,380270
4,010317	9,954201	10,380270
4,023685	9,962152	9,971734
4,037053	9,961461	9,971734
4,050421	9,947287	9,922660
4,063788	9,902343	9,997497
4,077156	9,897849	9,997497
4,090524	9,944175	9,788935
4,103892	9,911332	10,271082
4,117259	9,904417	9,914072
4,130627	9,974944	9,914072
4,143995	10,022307	10,055159
4,157362	9,953509	10,013446
4,170730	9,890243	10,013446
4,184098	9,951435	9,880948
4,197466	9,891626	10,305433
4,210833	9,899923	10,305433
4,224201	9,881254	9,764398
4,237569	9,907183	10,046571
4,250937	9,890934	10,046571
4,264304	9,922740	9,856411
4,277672	9,925161	9,847823
4,291040	9,888514	9,847823
4,304407	9,921703	9,689561
4,317775	9,906837	10,080922
4,331143	9,982550	10,080922
4,344511	9,943829	10,437932
4,357878	9,968721	9,764398
4,371246	9,975290	9,764398
4,384614	9,913060	10,039210
4,397981	9,907183	10,196245
4,411349	9,929309	10,196245
4,424717	9,945904	10,222008
4,438085	9,942101	9,997497
4,451452	9,876068	9,997497
4,464820	9,910640	9,997497
4,478188	9,972178	9,997497
4,491556	9,950398	9,856411
4,504923	9,877797	10,006085
4,518291	9,924469	10,006085
4,531659	9,874340	10,022034
4,545026	9,924469	10,155759
4,558394	9,918246	9,590187
4,571762	9,966992	9,590187
4,585130	9,870883	9,914072
4,598497	9,926198	9,905484
4,611865	9,858091	9,905484
4,625233	9,931729	10,096871
4,638601	9,866043	10,096871
4,651968	9,955238	9,830647
4,665336	9,944866	10,122635
4,678704	9,950744	10,122635
4,692071	9,878143	9,797523
4,705439	9,910295	9,988909
4,718807	9,899577	9,988909
4,732175	9,911332	10,055159
4,745542	9,920666	9,889536
4,758910	9,927235	9,889536
4,772278	9,939335	10,030622
4,785646	9,942101	10,030622
4,799013	9,900614	10,030622
4,812381	9,893700	9,830647
4,825749	9,943484	9,988909
4,839116	9,901306	9,988909
4,852484	9,895429	9,980322
4,865852	9,928272	9,997497
4,879220	9,890934	9,997497
4,892587	9,907529	9,922660
4,905955	9,939335	9,922660
4,919323	9,943484	9,955785
4,932690	9,979093	10,105459
4,946058	9,882637	10,105459
4,959426	9,923432	10,105459
4,972794	9,930692	9,889536
4,986161	9,941409	9,889536
4,999529	9,871228	9,889536
5,012897	9,922395	9,830647
5,026265	9,937606	9,830647
5,039632	9,941064	9,830647
5,053000	9,897503	10,122635
5,066368	9,910986	10,122635
5,079735	9,867771	9,839235
5,093103	9,925852	9,905484
5,106471	9,935532	9,905484
5,119839	9,920666	9,889536
5,133206	9,956967	9,955785
5,146574	9,904763	9,955785
5,159942	9,950744	9,823286
5,173310	9,906146	9,806111
5,186677	9,902689	9,806111
5,200045	9,933458	9,889536
5,213413	9,933803	10,046571
5,226780	9,940026	10,046571
5,240148	9,902343	10,080922
5,253516	9,943138	10,096871
5,266884	9,926198	10,096871
5,280251	9,916172	10,138584
5,293619	9,922395	10,147171
5,306987	9,930001	10,147171
5,320354	9,952818	9,971734
5,333722	9,952818	10,246545
5,347090	9,901652	10,246545
5,360458	9,872957	10,263721
5,373825	9,872611	9,872360
5,387193	9,922049	9,872360
5,400561	9,980821	10,188884
5,413929	9,963881	10,030622
5,427296	9,880909	10,030622
5,440664	9,932766	10,080922
5,454032	9,901306	10,213421
5,467399	9,909949	10,213421
5,480767	9,952818	10,129996
5,494135	9,924469	10,122635
5,507503	9,923432	10,122635
5,520870	9,901997	10,030622
5,534238	9,879526	10,163120
5,547606	9,961115	10,163120
5,560974	9,912023	10,204833
5,574341	9,912715	10,204833
5,587709	9,966647	9,939836
5,601077	9,960424	9,880948
5,614444	9,973907	10,030622
5,627812	9,930692	10,030622
5,641180	9,899232	10,271082
5,654548	9,888514	10,039210
5,667915	9,907529	10,039210
5,681283	9,936224	10,096871
5,694651	9,878488	10,096871
5,708019	9,919283	10,246545
5,721386	9,938644	9,955785
5,734754	9,930346	9,955785
5,748122	9,942101	9,606136
5,761489	9,986698	10,155759
5,774857	9,926198	10,155759
5,788225	9,893700	9,889536
5,801593	9,883674	10,196245
5,814960	9,909257	10,196245
5,828328	9,911332	10,271082
5,841696	9,919629	9,682200
5,855063	9,891626	9,682200
5,868431	9,923086	9,889536
5,881799	9,949707	10,039210
5,895167	9,935878	10,039210
5,908534	9,955929	10,080922
5,921902	9,919629	9,939836
5,935270	9,913406	9,939836
5,948638	10,021616	10,055159
5,962005	9,957658	10,329970
5,975373	9,883329	10,329970
5,988741	9,949015	10,046571
6,002108	9,932075	10,521357
6,015476	9,957312	10,521357
6,028844	9,936915	10,387632
6,042212	9,898540	10,387632
6,055579	9,897503	9,598775
6,068947	9,888860	9,872360
6,082315	9,901997	9,872360
6,095683	9,944521	10,246545
6,109050	9,942101	10,296846
6,122418	9,947632	10,296846
6,135786	9,917209	10,479644
6,149153	9,925506	9,922660
6,162521	9,919975	9,922660
6,175889	9,884020	10,006085
6,189257	9,924469	10,096871
6,202624	9,971833	10,096871
6,215992	9,918938	10,246545
6,229360	9,909603	10,006085
6,242728	9,913752	10,006085
6,256095	9,954201	9,964373
6,269463	9,940026	10,122635
6,282831	9,940718	10,122635
6,296198	9,886786	10,046571
6,309566	9,892317	10,396219
6,322934	9,896466	10,396219
6,336302	9,924469	10,039210
6,349669	9,926889	10,063746
6,363037	9,917900	10,063746
6,376405	9,904417	10,155759
6,389772	9,950398	10,263721
6,403140	9,901306	10,263721
6,416508	9,956621	10,039210
6,429876	9,943829	9,922660
6,443243	9,950398	9,922660
6,456611	9,935532	9,988909
6,469979	9,882983	9,988909
6,483347	9,914098	9,988909
6,496714	9,951435	10,163120
6,510082	9,915135	10,163120
6,523450	9,899923	10,188884
6,536817	9,888514	9,971734
6,550185	9,926198	9,971734
6,563553	9,909949	10,039210
6,576921	9,982204	10,013446
6,590288	9,922395	10,013446
6,603656	9,952818	10,096871
6,617024	9,924469	10,063746
6,630392	9,945904	10,063746
6,643759	9,929309	10,105459
6,657127	9,941755	10,329970
6,670495	9,913406	10,329970
6,683862	9,892317	9,872360
6,697230	9,924123	9,905484
6,710598	9,895083	9,905484
6,723966	9,869154	10,006085
6,737333	9,907183	10,114047
6,750701	9,940372	10,114047
6,764069	9,910986	9,988909
6,777437	9,930001	9,747222
6,790804	9,939681	9,747222
6,804172	9,882637	10,338558
6,817540	9,954892	9,939836
6,830907	9,905800	9,939836
6,844275	9,973907	10,222008
6,857643	9,867080	10,055159
6,871011	9,890589	10,055159
6,884378	9,900269	9,788935
6,897746	9,977710	10,030622
6,911114	9,940372	10,030622
6,924481	9,930346	10,163120
6,937849	9,911677	10,163120
6,951217	9,979784	10,312794
6,964585	9,921012	9,847823
6,977952	9,851868	9,889536
6,991320	9,919629	9,889536
7,004688	9,940718	10,022034
7,018056	9,913406	9,531299
7,031423	9,949361	9,531299
7,044791	9,953855	9,531299
7,058159	9,871228	10,429344
7,071526	9,888514	10,429344
7,084894	9,950052	10,255133
7,098262	9,951781	10,255133
7,111630	9,968375	9,440513
7,124997	9,905800	10,039210
7,138365	9,970795	9,947197
7,151733	9,940372	9,947197
7,165101	9,914098	9,473638
7,178468	9,903380	10,163120
7,191836	9,972870	10,163120
7,205204	9,955238	10,213421
7,218571	9,944521	10,213421
7,231939	9,928272	10,088283
7,245307	9,929655	10,380270
7,258675	9,899577	10,380270
7,272042	9,928963	9,814698
7,285410	9,959387	10,163120
7,298778	9,954201	10,163120
7,312146	9,941064	9,706737
7,325513	9,940718	9,905484
7,338881	9,973561	9,905484
7,352249	9,955584	10,138584
7,365616	9,977018	10,039210
7,378984	9,896466	10,039210
7,392352	9,884711	9,964373
7,405720	9,928618	9,898123
7,419087	9,932075	9,898123
7,432455	9,910640	9,931248
7,445823	9,966647	10,039210
7,459190	9,957312	10,039210
7,472558	9,928272	9,955785
7,485926	9,904072	9,988909
7,499294	9,891280	9,988909
7,512661	9,952472	9,665024
7,526029	9,926198	9,971734
7,539397	9,948324	9,971734
7,552765	9,923086	9,755810
7,566132	9,974598	9,988909
7,579500	9,909949	9,988909
7,592868	9,979438	10,246545
7,606235	9,903380	9,922660
7,619603	9,944175	9,922660
7,632971	9,910295	9,988909
7,646339	9,923086	9,980322
7,659706	9,919975	9,980322
7,673074	9,966992	9,955785
7,686442	9,934841	9,847823
7,699810	9,903035	9,847823
7,713177	9,914789	9,856411
7,726545	9,958349	10,263721
7,739913	9,921703	10,263721
7,753280	9,989118	10,129996
7,766648	9,937261	10,129996
7,780016	9,956275	9,797523
7,793384	9,899577	9,988909
7,806751	9,944521	9,988909
7,820119	9,886786	10,147171
7,833487	9,952472	10,055159
7,846854	9,937606	10,055159
7,860222	9,939681	9,872360
7,873590	9,939681	10,188884
7,886958	9,917209	10,188884
7,900325	9,919975	10,196245
7,913693	9,917555	9,880948
7,927061	9,917555	10,022034
7,940429	9,926889	10,022034
7,953796	9,949361	10,022034
7,967164	9,937261	10,114047
7,980532	9,897157	10,114047
7,993899	9,973907	10,063746
8,007267	9,907875	9,839235
8,020635	9,955929	9,839235
8,034003	9,920320	10,213421
8,047370	9,932766	10,213421
8,060738	9,921012	10,129996
8,074106	9,933112	9,856411
8,087474	9,943138	9,872360
8,100841	9,896466	9,872360
8,114209	9,947632	10,030622
8,127577	9,909257	10,030622
8,140944	9,940372	9,922660
8,154312	9,889551	9,889536
8,167680	9,947287	9,889536
8,181048	9,916518	10,080922
8,194415	9,993959	9,872360
8,207783	9,992230	9,872360
8,221151	9,927235	10,114047
8,234519	9,952127	10,138584
8,247886	9,936224	10,138584
8,261254	9,900269	10,204833
8,274622	9,956621	10,271082
8,287989	9,940026	10,271082
8,301357	9,927581	9,863772
8,314725	9,884711	9,971734
8,328093	9,916518	9,971734
8,341460	9,982550	9,797523
8,354828	9,932766	9,880948
8,368196	9,942101	9,880948
8,381563	9,910640	10,171708
8,394931	9,930692	9,772986
8,408299	9,953855	9,772986
8,421667	9,908220	9,988909
8,435034	9,924815	10,188884
8,448402	9,946595	10,188884
8,461770	9,941409	9,964373
8,475138	9,918592	9,830647
8,488505	9,903380	9,830647
8,501873	9,943829	9,997497
8,515241	9,912023	10,114047
8,528608	9,949707	10,114047
8,541976	9,981858	10,006085
8,555344	9,884711	9,980322
8,568712	9,901997	9,980322
8,582079	9,913406	10,006085
8,595447	9,932075	10,122635
8,608815	9,886786	10,122635
8,622183	9,891280	10,122635
8,635550	9,925852	10,312794
8,648918	9,882291	10,312794
8,662286	9,918246	10,246545
8,675653	9,925506	10,363095
8,689021	9,964918	10,363095
8,702389	9,932766	10,163120
8,715757	9,920320	10,246545
8,729124	9,952127	10,246545
8,742492	9,944521	9,781574
8,755860	9,976673	9,781574
8,769228	9,923432	10,279670
8,782595	9,944521	10,080922
8,795963	9,921358	10,080922
8,809331	9,915135	10,229370
8,822698	9,949015	10,163120
8,836066	9,973215	10,163120
8,849434	9,927926	9,682200
8,862802	9,940026	9,898123
8,876169	9,889897	9,898123
8,889537	9,916172	9,947197
8,902905	9,968375	9,931248
8,916272	9,952472	9,931248
8,929640	9,914098	9,863772
8,943008	9,878488	10,396219
8,956376	9,929655	10,396219
8,969743	9,977018	9,872360
8,983111	9,906837	9,722686
8,996479	9,851522	9,722686
9,009847	9,934495	9,988909
9,023214	9,952472	9,830647
9,036582	9,959732	9,830647
9,049950	9,924815	10,222008
9,063317	9,996033	10,504181
9,076685	9,930692	10,504181
9,090053	9,926889	9,980322
9,103421	9,960770	9,980322
9,116788	9,916172	10,163120
9,130156	9,851522	9,980322
9,143524	9,882291	9,980322
9,156892	9,883329	9,922660
9,170259	9,949015	9,905484
9,183627	9,937952	9,905484
9,196995	9,987390	9,997497
9,210362	9,934149	10,080922
9,223730	9,932766	10,080922
9,237098	9,959387	9,856411
9,250466	9,911332	9,823286
9,263833	9,890243	9,823286
9,277201	9,916172	10,088283
9,290569	9,890589	9,931248
9,303937	9,933458	9,931248
9,317304	9,894392	10,237957
9,330672	9,918938	9,898123
9,344040	9,927235	9,898123
9,357407	9,913060	10,180296
9,370775	9,916172	10,180296
9,384143	9,914789	10,030622
9,397511	9,873648	9,814698
9,410878	9,902343	9,814698
9,424246	9,913060	9,814698
9,437614	9,931383	9,922660
9,450981	9,896812	9,922660
9,464349	9,922049	9,898123
9,477717	9,974944	10,147171
9,491085	9,932421	10,147171
9,504452	9,901652	10,088283
9,517820	9,943829	9,856411
9,531188	9,896812	9,997497
9,544556	9,966301	9,997497
9,557923	9,934495	10,204833
9,571291	9,951435	9,922660
9,584659	9,901652	9,922660
9,598026	9,879180	10,114047
9,611394	9,911677	10,114047
9,624762	9,950052	10,030622
9,638130	9,923432	10,196245
9,651497	9,851868	10,039210
9,664865	9,955584	10,039210
9,678233	9,922740	10,046571
9,691601	9,925852	10,046571
9,704968	9,918246	9,772986
9,718336	9,896466	9,788935
9,731704	9,965955	9,788935
9,745071	9,952127	9,931248
9,758439	9,928618	10,039210
9,771807	9,932766	10,039210
9,785175	9,919283	9,905484
9,798542	9,955584	10,188884
9,811910	9,959387	10,188884
9,825278	9,909603	9,706737
9,838646	9,937952	10,180296
9,852013	9,888860	10,180296
9,865381	9,958004	10,155759
9,878749	9,962498	10,171708
9,892116	9,896812	10,171708
9,905484	9,950398	9,931248
9,918852	9,903380	9,682200
9,932220	9,898886	9,682200
9,945587	9,935532	10,013446
9,958955	9,879180	10,039210
9,972323	10,019542	10,039210
9,985690	9,925161	10,163120
9,999058	9,947287	10,312794
10,012426	9,968375	10,312794
10,025794	9,915135	10,046571
10,039161	9,926198	10,487005
10,052529	9,895429	10,487005
10,065897	9,920320	9,806111
10,079265	9,896466	9,747222
10,092632	9,940372	9,747222
10,106000	9,914098	9,947197
10,119368	9,917555	9,863772
