Zeit [s]  Piezo[nm]  MEMS[nm]
eoh
0,013328	0,044943	0,000000
0,026657	0,936884	0,539808
0,039985	0,910955	0,539808
0,053314	0,917178	0,273585
0,066642	0,901275	1,337253
0,079971	0,936538	1,337253
0,093299	0,956244	1,246467
0,106628	0,979061	1,396141
0,119956	0,931007	1,396141
0,133285	0,906807	1,354428
0,146613	0,975950	1,204754
0,159942	0,968690	1,204754
0,173270	0,940687	1,030543
0,186599	0,932390	1,345841
0,199927	0,933427	1,345841
0,213256	0,948984	1,246467
0,226584	0,941032	1,088205
0,239913	0,935501	1,088205
0,253241	0,937575	1,039131
0,266570	0,954170	1,112741
0,279898	1,000150	1,112741
0,293227	0,942415	1,187579
0,306555	0,964887	1,171630
0,319884	0,902658	1,171630
0,333212	0,953824	1,279591
0,346541	0,996001	1,279591
0,359869	0,967652	1,138505
0,373198	0,913030	1,288179
0,386526	0,932735	1,288179
0,399855	0,991852	1,055080
0,413183	0,932044	1,112741
0,426512	0,924438	1,512690
0,439840	0,932390	1,512690
0,453169	0,923055	1,521278
0,466497	0,955898	1,521278
0,479826	0,973184	1,521278
0,493154	0,944490	1,337253
0,506483	0,958318	1,337253
0,519811	0,892978	1,271003
0,533140	0,935847	1,304128
0,546468	0,944490	1,304128
0,559797	0,950712	1,528639
0,573125	1,011904	1,528639
0,586454	0,903695	1,570352
0,599782	0,907498	1,321304
0,613111	0,937921	1,420678
0,626439	0,913375	1,420678
0,639768	0,986321	1,404729
0,653096	0,962121	1,404729
0,666425	0,942761	1,337253
0,679753	0,959010	1,312716
0,693082	1,009138	1,312716
0,706410	0,897818	1,495515
0,719739	0,936192	1,271003
0,733067	0,966961	1,271003
0,746396	0,960738	1,420678
0,759724	0,914067	1,145866
0,773053	0,967652	1,145866
0,786381	1,024004	1,296767
0,799710	0,930315	1,196166
0,813038	0,906807	1,196166
0,826367	0,932390	1,180217
0,839695	0,913375	1,296767
0,853024	0,971110	1,296767
0,866352	0,932044	1,387553
0,879681	0,905770	1,271003
0,893009	0,905078	1,271003
0,906338	0,922364	1,495515
0,919666	0,880533	1,180217
0,932995	0,940687	1,180217
0,946323	0,924784	1,262416
0,959652	0,951404	1,021955
0,972980	0,999458	1,021955
0,986309	1,016052	1,486927
0,999637	0,886064	1,262416
1,012966	0,970764	1,262416
1,026294	0,926858	1,246467
1,039623	0,934810	1,420678
1,052951	0,947601	1,420678
1,066280	0,960047	1,312716
1,079608	1,006027	1,312716
1,092937	0,977332	1,312716
1,106265	0,920981	1,412090
1,119594	0,911647	1,412090
1,132922	0,972147	1,112741
1,146251	0,896090	1,138505
1,159579	0,947601	1,138505
1,172908	0,918907	1,304128
1,186236	0,970072	1,337253
1,199565	0,957627	1,337253
1,212893	1,004990	1,171630
1,226222	0,899892	1,013368
1,239550	0,959010	1,013368
1,252879	0,954515	1,321304
1,266207	0,926858	1,594889
1,279536	0,920635	1,594889
1,292864	0,942415	1,578940
1,306193	0,952787	1,404729
1,319521	0,980444	1,404729
1,332850	0,961084	0,698070
1,346178	0,918907	1,695489
1,359507	0,971110	1,695489
1,372835	0,942415	1,262416
1,386164	1,006372	1,255055
1,399492	0,969035	1,288179
1,412821	0,939304	1,288179
1,426149	0,966615	1,521278
1,439478	0,972492	1,495515
1,452806	0,952787	1,495515
1,466135	0,952787	1,345841
1,479463	0,934118	0,947118
1,492792	0,911992	0,947118
1,506120	0,970418	1,495515
1,519449	0,952787	1,495515
1,532777	0,953132	1,288179
1,546106	0,937230	1,279591
1,559434	0,957281	1,279591
1,572763	0,915795	1,770326
1,586091	0,930315	1,237879
1,599420	0,934810	1,237879
1,612748	0,966270	1,528639
1,626077	0,936192	0,980243
1,639405	0,945872	0,980243
1,652734	1,001187	1,470978
1,666062	0,902312	1,237879
1,679391	0,983555	1,237879
1,692719	0,957281	1,304128
1,706047	0,926167	1,345841
1,719376	0,935155	1,345841
1,732704	0,960738	1,072256
1,746033	0,906115	1,246467
1,759361	0,945872	1,246467
1,772690	0,965924	1,237879
1,786018	0,970072	1,486927
1,799347	0,917870	1,486927
1,812675	0,922018	1,171630
1,826004	0,924438	1,213342
1,839332	0,978715	1,213342
1,852661	0,943798	1,080844
1,865989	0,927204	1,072256
1,879318	0,988395	1,072256
1,892646	0,912338	1,237879
1,905975	0,871890	1,296767
1,919303	0,924784	1,296767
1,932632	0,928587	1,213342
1,945960	0,981135	1,154454
1,959289	0,941378	1,154454
1,972617	0,886064	1,370377
1,985946	0,974567	1,312716
1,999274	0,949675	1,312716
2,012603	0,936538	1,312716
2,025931	0,933427	1,363016
2,039260	0,940341	1,363016
2,052588	0,939650	1,528639
2,065917	0,927550	1,187579
2,079245	0,932044	1,187579
2,092574	0,921672	1,171630
2,105902	0,949330	1,171630
2,119231	0,954861	1,271003
2,132559	0,880187	1,246467
2,145888	0,961430	1,246467
2,159216	0,943452	1,213342
2,172545	0,989087	1,213342
2,185873	0,924092	1,213342
2,199202	0,922018	1,171630
2,212530	0,943452	1,187579
2,225859	0,897127	1,187579
2,239187	0,923055	1,345841
2,252516	0,927895	1,221930
2,265844	0,991852	1,221930
2,279173	0,987704	1,096793
2,292501	0,950367	1,262416
2,305830	0,924438	1,262416
2,319158	0,926858	0,971655
2,332487	0,955207	1,420678
2,345815	0,920290	1,420678
2,359144	0,940687	1,255055
2,372472	0,909918	1,063668
2,385801	0,936192	1,063668
2,399129	0,906115	1,121329
2,412458	0,962467	1,495515
2,425786	0,936538	1,495515
2,439115	0,987358	1,504103
2,452443	0,954515	1,304128
2,465772	0,978024	1,304128
2,479100	0,974221	1,586301
2,492429	0,911992	1,387553
2,505757	0,943452	1,387553
2,519086	0,927895	1,321304
2,532414	0,933427	0,781495
2,545743	0,964887	0,781495
2,559071	0,964887	1,578940
2,572400	0,933427	1,063668
2,585728	0,976295	1,063668
2,599057	0,909918	0,964294
2,612385	0,926167	1,728614
2,625714	0,972492	1,728614
2,639042	0,919944	1,628013
2,652371	0,930315	1,329892
2,665699	0,921672	1,329892
2,679028	0,939650	1,404729
2,692356	0,924438	0,731195
2,705685	0,966961	0,731195
2,719013	0,971110	1,345841
2,732342	0,908881	1,554403
2,745670	0,950712	1,554403
2,758999	0,942761	1,055080
2,772327	0,908535	0,772908
2,785656	0,943798	0,772908
2,798984	0,986667	1,803451
2,812313	0,937575	1,803451
2,825641	0,884681	1,229291
2,838970	0,950021	1,354428
2,852298	0,939995	1,354428
2,865627	0,959355	1,229291
2,878955	0,949675	1,204754
2,892284	0,978370	1,204754
2,905612	0,927204	1,304128
2,918941	0,935501	1,145866
2,932269	0,989432	1,145866
2,945598	0,907844	1,486927
2,958926	0,979061	1,004780
2,972255	0,952441	1,004780
2,985583	0,979061	1,180217
2,998912	0,959355	1,171630
3,012240	0,962121	1,171630
3,025569	0,989432	1,055080
3,038897	0,963158	1,262416
3,052226	0,994964	1,262416
3,065554	0,950712	1,429265
3,078883	0,957972	1,237879
3,092211	0,943452	1,237879
3,105540	0,996001	1,171630
3,118868	0,931352	1,171630
3,132197	0,909227	1,237879
3,145525	0,876730	1,255055
3,158854	0,947601	1,255055
3,172182	1,010867	1,204754
3,185511	0,982172	1,221930
3,198839	0,891595	1,221930
3,212168	0,936538	1,594889
3,225496	0,914067	1,370377
3,238825	0,948292	1,370377
3,252153	0,976295	1,138505
3,265482	0,978024	1,445214
3,278810	0,946910	1,445214
3,292139	0,958664	1,296767
3,305467	0,956590	1,296767
3,318796	0,948292	1,296767
3,332124	0,994964	1,345841
3,345453	0,963850	1,204754
3,358781	0,911301	1,204754
3,372109	0,967307	1,004780
3,385438	0,934810	1,271003
3,398766	0,988741	1,271003
3,412095	0,947947	1,486927
3,425423	0,938958	1,213342
3,438752	0,941378	1,213342
3,452080	0,953132	1,246467
3,465409	0,924784	1,420678
3,478737	0,968344	1,420678
3,492066	0,956590	1,138505
3,505394	0,928241	1,196166
3,518723	0,908535	1,196166
3,532051	0,962812	1,420678
3,545380	0,931352	1,088205
3,558708	0,982864	1,088205
3,572037	0,955898	1,138505
3,585365	0,901275	1,370377
3,598694	0,914758	1,370377
3,612022	0,975950	0,997419
3,625351	0,963504	1,296767
3,638679	0,927204	1,296767
3,652008	0,944835	1,329892
3,665336	0,922018	1,337253
3,678665	0,940687	1,337253
3,691993	1,007755	1,187579
3,705322	0,886755	1,187579
3,718650	0,936192	1,470978
3,731979	0,927204	1,180217
3,745307	0,960738	1,180217
3,758636	0,928587	1,180217
3,771964	0,934810	1,412090
3,785293	0,951404	1,312716
3,798621	0,954861	1,312716
3,811950	0,927550	1,495515
3,825278	0,919598	1,246467
3,838607	0,990124	1,246467
3,851935	0,991161	1,445214
3,865264	0,936884	1,370377
3,878592	0,934118	1,370377
3,891921	0,960738	1,296767
3,905249	0,942070	1,296767
3,918578	0,962467	1,121329
3,931906	0,935501	1,528639
3,945235	0,951404	1,528639
3,958563	0,945872	1,495515
3,971892	0,959010	1,470978
3,985220	0,945872	1,470978
3,998549	0,937575	1,363016
4,011877	0,926167	1,337253
4,025206	0,945872	1,337253
4,038534	0,908881	1,296767
4,051863	1,001878	1,545815
4,065191	0,960047	1,545815
4,078520	0,931352	1,288179
4,091848	0,952787	1,545815
4,105177	0,925821	1,545815
4,118505	0,938958	1,429265
4,131834	0,915795	1,445214
4,145162	0,917870	1,445214
4,158491	0,981481	1,321304
4,171819	0,921327	1,237879
4,185148	0,946910	1,237879
4,198476	0,960738	1,387553
4,211805	0,923055	1,354428
4,225133	0,964887	1,354428
4,238462	0,940687	1,279591
4,251790	0,980098	1,420678
4,265119	0,953824	1,420678
4,278447	0,971801	1,545815
4,291776	0,968344	1,445214
4,305104	0,939650	1,445214
4,318433	0,908535	1,096793
4,331761	1,006718	1,096793
4,345090	0,938612	1,554403
4,358418	0,920635	1,437853
4,371747	0,940341	1,437853
4,385075	0,913030	1,495515
4,398404	0,927550	1,204754
4,411732	0,966961	1,204754
4,425061	0,959355	0,847745
4,438389	0,873618	1,055080
4,451718	0,973875	1,055080
4,465046	0,966270	1,088205
4,478375	0,934810	0,863693
4,491703	0,871198	0,863693
4,505032	0,974567	1,363016
4,518360	1,029189	0,896818
4,531689	0,923401	0,896818
4,545017	0,941032	1,221930
4,558346	0,946564	1,363016
4,571674	0,870161	1,363016
4,585003	1,001878	1,145866
4,598331	0,908881	1,196166
4,611660	0,956590	1,196166
4,624988	0,937921	1,412090
4,638317	0,974567	1,055080
4,651645	0,986667	1,055080
4,664974	0,932044	1,180217
4,678302	0,966615	1,180217
4,691631	0,899201	0,714019
4,704959	0,941724	1,695489
4,718288	0,946910	1,695489
4,731616	0,963158	1,662365
4,744945	0,973184	1,039131
4,758273	0,983901	1,039131
4,771602	0,932735	1,138505
4,784930	0,908535	1,345841
4,798259	0,997730	1,345841
4,811587	0,881915	0,971655
4,824916	0,921327	0,548396
4,838244	0,970418	0,548396
4,851573	0,991507	1,445214
4,864901	1,010521	0,964294
4,878230	0,923055	0,964294
4,891558	0,936538	1,387553
4,904887	0,943452	1,387553
4,918215	0,938958	1,030543
4,931544	0,952787	1,761738
4,944872	0,957627	1,761738
4,958201	0,951058	1,495515
4,971529	0,929970	1,378965
4,984858	0,936884	1,378965
4,998186	0,931007	1,479566
5,011515	0,964541	1,180217
5,024843	0,899201	1,180217
5,038172	0,965924	1,279591
5,051500	0,996001	1,704077
5,064828	0,929278	1,704077
5,078157	0,941724	1,262416
5,091485	0,920290	1,138505
5,104814	0,949675	1,138505
5,118142	0,938612	1,296767
5,131471	0,944835	1,363016
5,144799	0,919252	1,363016
5,158128	0,943107	1,312716
5,171456	0,962121	1,378965
5,184785	0,967652	1,378965
5,198113	0,907844	1,196166
5,211442	0,989087	1,196166
5,224770	0,992890	1,196166
5,238099	0,927895	1,429265
5,251427	0,901967	1,154454
5,264756	0,985630	1,154454
5,278084	0,989087	1,396141
5,291413	0,937921	1,255055
5,304741	0,967998	1,255055
5,318070	0,966615	1,196166
5,331398	0,919598	1,404729
5,344727	0,915795	1,404729
5,358055	0,990124	1,329892
5,371384	0,957281	1,237879
5,384712	0,978370	1,237879
5,398041	0,937575	1,163042
5,411369	0,941378	1,495515
5,424698	0,962467	1,495515
5,438026	0,999458	1,470978
5,451355	0,950367	1,163042
5,464683	0,984938	1,163042
5,478012	0,993927	1,271003
5,491340	0,969035	1,404729
5,504669	0,951058	1,404729
5,517997	0,950712	1,304128
5,531326	0,986321	1,321304
5,544654	0,974567	1,321304
5,557983	0,946218	1,437853
5,571311	0,904732	1,437853
5,584640	0,952095	1,437853
5,597968	0,955207	1,378965
5,611297	0,957972	1,378965
5,624625	0,943798	1,345841
5,637954	1,005681	1,345841
5,651282	0,936884	1,345841
5,664611	0,913030	1,304128
5,677939	1,006027	1,154454
5,691268	0,944490	1,154454
5,704596	0,928587	1,039131
5,717925	0,981827	1,695489
5,731253	0,942415	1,695489
5,744582	1,003607	1,288179
5,757910	0,960738	1,213342
5,771239	0,943798	1,213342
5,784567	0,880533	1,594889
5,797896	0,919252	1,445214
5,811224	0,980790	1,445214
5,824553	0,949675	1,512690
5,837881	0,932390	1,337253
5,851210	0,941378	1,337253
5,864538	0,950712	1,537227
5,877867	0,965232	1,537227
5,891195	0,945527	1,096793
5,904524	0,979061	1,121329
5,917852	0,924438	1,121329
5,931181	0,940687	1,187579
5,944509	0,996001	1,412090
5,957838	0,983210	1,412090
5,971166	0,913375	1,504103
5,984495	0,962812	1,213342
5,997823	1,027115	1,213342
6,011152	0,868433	1,271003
6,024480	0,913721	1,744563
6,037809	0,911992	1,744563
6,051137	0,938267	0,947118
6,064466	0,953132	1,861112
6,077794	0,979752	1,861112
6,091123	0,944835	1,271003
6,104451	0,887447	1,271003
6,117780	0,907844	1,512690
6,131108	0,953824	1,312716
6,144437	0,933427	1,545815
6,157765	0,953132	1,603476
6,171094	0,908881	1,603476
6,184422	0,991161	1,412090
6,197751	0,948638	1,412090
6,211079	0,908881	1,486927
6,224408	0,859790	1,894237
6,237736	0,927895	1,894237
6,251065	0,939650	1,603476
6,264393	0,984592	1,404729
6,277722	0,987012	1,404729
6,291050	0,960047	1,055080
6,304379	0,933081	1,004780
6,317707	0,918215	1,004780
6,331036	0,945872	1,586301
6,344364	0,901275	1,138505
6,357693	0,979752	1,138505
6,371021	0,960392	1,429265
6,384350	0,948984	1,486927
6,397678	0,963158	1,486927
6,411007	0,955207	1,545815
6,424335	0,994272	1,554403
6,437664	0,946910	1,554403
6,450992	0,937575	1,288179
6,464321	0,984938	1,528639
6,477649	0,954861	1,528639
6,490978	0,948292	1,237879
6,504306	0,940341	1,337253
6,517635	0,968690	1,337253
6,530963	0,948984	1,255055
6,544292	0,968690	1,845163
6,557620	0,921672	1,845163
6,570949	0,954170	1,462390
6,584277	0,979061	1,363016
6,597606	0,941378	1,363016
6,610934	0,979061	1,420678
6,624263	0,935155	1,354428
6,637591	0,925130	1,354428
6,650920	0,870161	1,404729
6,664248	0,961084	1,636601
6,677577	0,947255	1,636601
6,690905	0,945181	1,537227
6,704234	0,904387	1,561764
6,717562	0,981827	1,561764
6,730891	0,877421	1,345841
6,744219	0,917178	1,288179
6,757547	0,951750	1,255055
6,770876	0,949675	1,255055
6,784204	0,929970	1,329892
6,797533	1,025732	1,329892
6,810861	0,956244	1,288179
6,824190	0,890213	1,296767
6,837518	0,964541	1,296767
6,850847	0,989087	1,370377
6,864175	0,993581	1,594889
6,877504	0,946218	1,594889
6,890832	0,978024	1,462390
6,904161	0,916487	1,329892
6,917489	0,914758	1,329892
6,930818	0,933772	1,429265
6,944146	0,909918	1,603476
6,957475	0,993581	1,603476
6,970803	0,916141	1,495515
6,984132	0,878804	1,363016
6,997460	0,880878	1,363016
7,010789	0,997384	1,396141
7,024117	0,922364	1,486927
7,037446	0,944835	1,486927
7,050774	0,933081	1,645189
7,064103	0,957972	1,345841
7,077431	0,936884	1,345841
7,090760	0,963850	1,495515
7,104088	0,911992	1,528639
7,117417	0,923401	1,528639
7,130745	0,963158	1,296767
7,144074	0,926512	1,437853
7,157402	0,941032	1,437853
7,170731	0,894015	1,404729
7,184059	0,991852	1,653777
7,197388	0,950367	1,653777
7,210716	0,948984	1,429265
7,224045	0,953478	1,479566
7,237373	0,954861	1,479566
7,250702	0,973184	1,603476
7,264030	0,934464	1,603476
7,277359	0,963504	1,603476
7,290687	0,932044	0,997419
7,304016	0,961084	1,337253
7,317344	0,986321	1,337253
7,330673	0,985284	1,271003
7,344001	0,920290	1,154454
7,357330	0,922364	1,154454
7,370658	0,975950	1,396141
7,383987	0,924784	1,163042
7,397315	0,923401	1,163042
7,410644	0,945872	1,138505
7,423972	0,908535	1,337253
7,437301	0,998421	1,337253
7,450629	0,863938	1,180217
7,463958	0,956244	1,180217
7,477286	0,931007	1,636601
7,490615	0,945527	1,612064
7,503943	0,953824	1,612064
7,517272	0,988741	1,412090
7,530600	0,955898	1,105380
7,543929	0,924092	1,105380
7,557257	0,945872	1,121329
7,570586	0,887447	1,271003
7,583914	0,997730	1,271003
7,597243	0,930661	1,080844
7,610571	0,892287	1,246467
7,623900	0,989432	1,246467
7,637228	0,906461	1,329892
7,650557	0,913375	1,204754
7,663885	0,983210	1,204754
7,677214	0,937575	1,154454
7,690542	0,934118	1,363016
7,703871	0,905078	1,363016
7,717199	0,959701	1,229291
7,730528	0,911647	1,412090
7,743856	0,997384	1,412090
7,757185	0,962467	1,603476
7,770513	0,868778	0,830569
7,783842	0,939304	0,830569
7,797170	0,904387	1,770326
7,810499	0,970764	1,296767
7,823827	0,998421	1,296767
7,837156	0,960738	1,196166
7,850484	0,967652	1,112741
7,863813	0,919944	1,112741
7,877141	0,996001	1,387553
7,890470	1,020547	1,387553
7,903798	0,900238	0,664946
7,917127	0,982172	1,055080
7,930455	0,996347	1,196166
7,943784	0,979752	1,196166
7,957112	0,967998	1,013368
7,970441	0,916832	1,013368
7,983769	0,945181	1,229291
7,997098	0,958664	1,196166
8,010426	0,959355	1,196166
8,023755	0,969035	1,279591
8,037083	0,919944	1,145866
8,050412	0,959355	1,145866
8,063740	0,926858	1,088205
8,077069	1,006718	1,312716
8,090397	0,973530	1,312716
8,103726	0,960738	1,329892
8,117054	0,952787	1,321304
8,130383	0,926167	1,321304
8,143711	0,956590	1,154454
8,157040	1,010521	1,561764
8,170368	0,992890	1,561764
8,183697	0,909572	1,221930
8,197025	0,943452	0,964294
8,210354	0,950367	0,964294
8,223682	0,904732	1,312716
8,237011	1,034029	1,288179
8,250339	0,938958	1,288179
8,263668	0,978024	1,096793
8,276996	0,944490	1,304128
8,290325	0,952441	1,304128
8,303653	0,939995	1,429265
8,316982	0,959355	1,429265
8,330310	0,964887	1,521278
8,343639	1,009484	1,329892
8,356967	0,887793	1,329892
8,370296	0,973875	1,154454
8,383624	0,961430	1,138505
8,396953	0,965232	1,138505
8,410281	0,947947	1,055080
8,423609	0,940341	1,312716
8,436938	0,969381	1,378965
8,450266	0,892287	1,378965
8,463595	0,950021	1,262416
8,476923	0,979407	1,262416
8,490252	0,989432	1,479566
8,503580	0,906807	1,329892
8,516909	0,948638	1,329892
8,530237	0,934118	1,429265
8,543566	0,941378	1,262416
8,556894	0,977678	1,262416
8,570223	0,990124	1,329892
8,583551	0,971110	1,279591
8,596880	0,946564	1,279591
8,610208	0,947255	1,370377
8,623537	0,925821	1,370377
8,636865	0,981135	1,370377
8,650194	0,967307	1,204754
8,663522	0,990815	1,378965
8,676851	0,972147	1,378965
8,690179	0,923401	1,304128
8,703508	0,996347	1,138505
8,716836	1,004298	1,138505
8,730165	0,846653	1,345841
8,743493	0,915450	1,180217
8,756822	0,930661	1,180217
8,770150	0,971455	1,229291
8,783479	0,952787	1,363016
8,796807	0,982172	1,363016
8,810136	0,960047	1,121329
8,823464	0,964195	1,180217
8,836793	0,897472	1,180217
8,850121	0,999458	1,370377
8,863450	1,006372	1,237879
8,876778	0,938612	1,237879
8,890107	0,969381	1,304128
8,903435	0,930315	1,354428
8,916764	0,875693	1,354428
8,930092	0,941032	1,204754
8,943421	0,880187	1,204754
8,956749	0,922018	0,988831
8,970078	0,996347	1,288179
8,983406	0,930661	1,504103
8,996735	0,869124	1,504103
9,010063	0,899201	1,129917
9,023392	0,869470	1,129917
9,036720	0,936538	1,196166
9,050049	0,923055	1,512690
9,063377	0,929970	1,512690
9,076706	1,005681	1,453802
9,090034	0,885027	1,387553
9,103363	0,923401	1,387553
9,116691	0,962467	0,747144
9,130020	0,976987	1,255055
9,143348	0,906115	1,255055
9,156677	0,922364	1,354428
9,170005	0,912684	1,105380
9,183334	0,931352	1,105380
9,196662	0,976295	1,121329
9,209991	0,984247	1,262416
9,223319	0,988741	1,262416
9,236648	0,904387	1,171630
9,249976	0,981481	1,279591
9,263305	0,975258	1,279591
9,276633	0,927895	1,645189
9,289962	0,904732	1,504103
9,303290	0,920635	1,504103
9,316619	0,911301	1,486927
9,329947	0,905424	1,221930
9,343276	0,974221	1,221930
9,356604	0,916487	1,013368
9,369933	0,936192	1,279591
9,383261	0,960392	1,279591
9,396590	0,933427	1,387553
9,409918	0,916141	1,354428
9,423247	0,919252	1,354428
9,436575	0,956935	1,445214
9,449904	0,876038	0,863693
9,463232	0,966270	0,863693
9,476561	0,984247	1,861112
9,489889	0,936538	1,429265
9,503218	0,929624	1,429265
9,516546	0,965924	1,554403
9,529875	0,917870	1,271003
9,543203	0,963504	1,271003
9,556532	0,988050	1,794863
9,569860	0,970764	1,171630
9,583189	0,906807	1,171630
9,596517	0,984592	1,445214
9,609846	0,959355	1,495515
9,623174	0,937230	1,495515
9,636503	0,943107	1,462390
9,649831	0,966961	1,462390
9,663160	1,003261	1,105380
9,676488	0,923055	1,420678
9,689817	0,911992	1,420678
9,703145	0,914758	1,021955
9,716474	0,936538	1,345841
9,729802	0,871198	1,345841
9,743131	0,960738	1,412090
9,756459	0,952441	1,504103
9,769788	0,924438	1,504103
9,783116	0,974221	1,046492
9,796445	0,908535	1,262416
9,809773	0,925821	1,262416
9,823102	0,950367	1,187579
9,836430	0,970764	1,187579
9,849759	0,925130	1,479566
9,863087	0,915795	1,429265
9,876416	0,937575	1,429265
9,889744	0,936538	1,437853
9,903073	0,948292	1,479566
9,916401	0,859790	1,479566
9,929730	0,984592	1,429265
9,943058	1,020547	1,486927
9,956387	0,974221	1,486927
9,969715	0,899547	1,537227
9,983044	0,959701	1,312716
9,996372	0,966615	1,312716
10,009701	0,971110	1,271003
10,023029	0,940341	1,271003
10,036358	0,890904	1,486927
10,049686	0,913375	1,504103
10,063015	0,937921	1,504103
10,076343	0,974221	1,112741
10,089672	0,950021	1,288179
10,103000	0,936538	1,288179
10,116328	0,983901	1,711438
