Zeit [s]  Piezo[nm]  MEMS[nm]
0,013357	0,020397	0,000000
0,026714	0,950021	0,000000
0,040072	0,985284	0,323885
0,053429	0,979407	1,138505
0,066786	1,958469	1,138505
0,080143	2,049392	1,021955
0,093500	1,982323	1,529866
0,106858	1,993386	1,529866
0,120215	3,010825	2,194812
0,133572	2,940644	1,712665
0,146929	3,042630	2,443860
0,160286	3,940453	2,443860
0,173643	3,933538	3,208180
0,187001	3,998879	4,089049
0,200358	3,956701	4,089049
0,213715	4,965500	4,146710
0,227072	5,060572	4,089049
0,240429	4,964463	4,089049
0,253787	4,992120	5,169892
0,267144	6,008526	5,169892
0,280501	5,967040	5,211605
0,293858	5,974991	5,020218
0,307215	5,977411	6,050762
0,320573	6,467637	6,050762
0,333930	6,983101	6,050762
0,347287	6,991399	6,050762
0,360644	7,266589	6,715707
0,374001	8,010573	7,488615
0,387359	7,956987	7,488615
0,400716	8,694749	7,929050
0,414073	8,951272	7,753612
0,427430	8,994832	8,211222
0,440787	9,001746	9,092091
0,454144	9,834582	9,092091
0,467502	10,010207	9,233178
0,480859	10,030259	9,233178
0,494216	9,955583	9,781574
0,507573	10,945722	10,197472
0,520930	10,971651	10,197472
0,534288	11,038375	10,188884
0,547645	10,994469	11,502827
0,561002	11,969397	11,502827
0,574359	11,958334	10,987555
0,587716	11,948309	11,427990
0,601074	11,967323	11,427990
0,614431	12,642168	12,150597
0,627788	12,991691	12,533370
0,641145	12,983740	12,533370
0,654502	13,834558	12,599619
0,667860	13,905085	13,014290
0,681217	13,933434	13,014290
0,694574	13,975266	14,436195
0,707931	14,518048	14,436195
0,721288	14,990649	14,236220
0,734645	14,983389	14,302469
0,748003	14,982697	15,017716
0,761360	16,028851	15,017716
0,774717	15,993587	15,083965
0,788074	15,910960	15,083965
0,801431	16,029888	16,064208
0,814789	16,928420	16,347607
0,828146	17,072240	16,288719
0,841503	16,969906	16,288719
0,854860	17,021419	17,253013
0,868217	17,976996	17,253013
0,881575	18,016063	17,411275
0,894932	17,972502	17,253013
0,908289	17,953487	17,253013
0,921646	18,712003	18,417282
0,935003	19,020389	18,474943
0,948361	18,924623	18,474943
0,961718	19,842519	18,624617
0,975075	19,990489	19,239263
0,988432	19,967326	19,239263
1,001789	19,958683	20,577742
1,015146	20,888681	20,286982
1,028504	20,993089	20,286982
1,041861	20,957826	20,286982
1,055218	21,935189	20,694292
1,068575	21,979442	21,366599
1,081932	21,977713	21,366599
1,095290	21,963193	21,989832
1,108647	23,000023	22,447442
1,122004	22,975477	22,447442
1,135361	22,992417	22,397142
1,148718	22,995529	22,397142
1,162076	23,631664	23,603123
1,175433	24,021643	23,502522
1,188790	23,972204	23,502522
1,202147	23,960104	24,333091
1,215504	24,974465	24,250893
1,228862	24,955450	24,250893
1,242219	24,975156	25,613909
1,255576	25,665227	25,455647
1,268933	25,952526	25,455647
1,282290	26,034117	25,406574
1,295647	25,986753	26,287443
1,309005	26,992819	26,287443
1,322362	27,009760	26,353692
1,335719	26,957555	27,151137
1,349076	26,957555	27,151137
1,362433	27,939077	27,450485
1,375791	27,960512	27,267686
1,389148	27,913838	27,267686
1,402505	27,965352	28,355891
1,415862	29,008760	28,355891
1,429219	28,972805	28,315405
1,442577	28,977990	28,655239
1,455934	28,925094	29,303009
1,469291	30,039378	29,303009
1,482648	29,970578	29,320185
1,496005	29,976110	30,700377
1,509363	30,976305	30,700377
1,522720	30,999469	30,317604
1,536077	31,022287	31,007086
1,549434	30,952450	31,007086
1,562791	31,844779	31,614371
1,576148	31,994135	31,315022
1,589506	31,978922	31,315022
1,602863	32,000012	32,387278
1,616220	32,953537	32,387278
1,629577	32,952500	32,361515
1,642934	33,006434	33,242384
1,656292	33,984507	33,242384
1,669649	33,995916	33,517195
1,683006	33,934376	33,425183
1,696363	33,990039	33,425183
1,709720	34,945295	34,364940
1,723078	35,015824	34,314640
1,736435	35,006144	34,314640
1,749792	34,960853	35,470320
1,763149	36,011187	34,988173
1,776506	35,933397	34,988173
1,789864	35,952758	35,992953
1,803221	35,960019	35,992953
1,816578	36,941554	36,500864
1,829935	36,932219	36,666487
1,843292	37,010355	37,148634
1,856649	37,834928	37,148634
1,870007	38,024736	37,547356
1,883364	38,005029	37,547356
1,896721	37,962158	37,606244
1,910078	37,981173	38,163228
1,923435	38,974121	38,088391
1,936793	38,976541	38,088391
1,950150	38,946116	38,536187
1,963507	40,028610	38,536187
1,976864	39,959463	38,976621
1,990221	39,929730	39,575318
2,003579	39,981244	40,664750
2,016936	40,296900	40,664750
2,030293	40,987333	40,664750
2,043650	40,952413	40,664750
2,057007	40,970737	40,440238
2,070365	41,921855	41,695293
2,083722	41,952971	41,695293
2,097079	42,021427	41,495318
2,110436	42,730531	42,592111
2,123793	42,983956	42,592111
2,137150	42,969435	42,367600
2,150508	43,001934	43,688904
2,163865	43,961007	43,688904
2,177222	43,981751	43,431268
2,190579	43,983479	43,431268
2,203936	43,961698	43,506105
2,217294	44,876864	44,428686
2,230651	44,988882	44,428686
2,244008	44,980585	44,428686
2,257365	44,909363	45,210182
2,270722	45,979420	45,210182
2,284080	45,946229	45,210182
2,297437	46,017105	45,683741
2,310794	45,987026	45,683741
2,324151	46,961316	45,683741
2,337508	46,946795	46,639447
2,350866	46,947486	46,639447
2,364223	47,855741	46,639447
2,377580	48,022387	47,636866
2,390937	47,995074	47,636866
2,404294	47,944942	47,636866
2,417651	48,974553	48,725071
2,431009	48,938250	48,725071
2,444366	48,989074	49,182681
2,457723	49,024685	49,182681
2,471080	49,960947	49,182681
2,484437	49,985841	49,497978
2,497795	50,002782	50,778796
2,511152	49,952304	50,778796
2,524509	50,962556	50,786157
2,537866	50,980535	50,711320
2,551223	50,997130	50,711320
2,564581	51,370530	51,833876
2,577938	51,957944	51,584828
2,591295	51,949991	51,584828
2,604652	51,978688	52,606784
2,618009	51,976268	52,690209
2,631367	52,987561	52,690209
2,644724	52,945034	52,556484
2,658081	52,991364	53,645915
2,671438	53,894095	53,645915
2,684795	54,017871	53,595615
2,698152	53,971887	54,393059
2,711510	53,901010	54,393059
2,724867	54,926481	54,793008
2,738224	54,983529	54,642107
2,751581	54,993555	54,642107
2,764938	55,563339	55,681238
2,778296	55,929135	55,597813
2,791653	55,951954	55,597813
2,805010	55,950917	56,870044
2,818367	56,539717	56,770670
2,831724	56,938014	56,770670
2,845082	56,948732	56,812382
2,858439	57,008200	57,917763
2,871796	58,011548	57,917763
2,885153	57,939979	57,876050
2,898510	57,972825	58,931130
2,911868	57,960378	58,931130
2,925225	58,741069	59,197354
2,938582	58,984818	59,129878
2,951939	58,970989	59,129878
2,965296	59,309473	60,135885
2,978653	59,996814	59,845124
2,992011	59,981255	59,845124
3,005368	60,008915	60,776294
3,018725	59,958436	61,265802
3,032082	60,975619	61,265802
3,045439	60,987374	60,859719
3,058797	60,969395	61,673112
3,072154	61,971021	61,673112
3,085511	61,975862	61,839962
3,098868	61,966872	62,795668
3,112225	61,944744	62,795668
3,125583	62,983367	63,361240
3,138940	62,990282	63,361240
3,152297	62,967116	63,103604
3,165654	62,928047	64,108384
3,179011	63,968745	64,366020
3,192369	63,989144	64,366020
3,205726	64,035820	65,180640
3,219083	64,969684	65,180640
3,232440	64,998381	64,731617
3,245797	64,954126	64,815042
3,259154	64,947556	64,815042
3,272512	66,041157	65,978084
3,285869	65,963364	65,654199
3,299226	65,962327	65,654199
3,312583	66,137621	67,257675
3,325940	67,001647	66,984090
3,339298	66,981939	66,984090
3,352655	67,003376	66,950966
3,366012	67,711470	67,823247
3,379369	67,971127	67,823247
3,392726	67,962138	67,898084
3,406084	67,984266	69,177675
3,419441	68,966195	69,177675
3,432798	68,996275	68,961752
3,446155	68,988323	69,210800
3,459512	68,971727	69,210800
3,472870	69,915970	69,834033
3,486227	69,992381	69,826672
3,499584	69,978897	69,826672
3,512941	70,006211	70,998302
3,526298	70,984685	70,873165
3,539655	70,903434	70,873165
3,553013	70,971201	70,598353
3,566370	70,940775	71,936833
3,579727	71,937230	71,936833
3,593084	72,008800	71,920884
3,606441	71,914065	72,718328
3,619799	72,979671	72,718328
3,633156	72,961346	73,101101
3,646513	72,929883	72,760040
3,659870	72,971027	72,760040
3,673227	73,965411	74,022456
3,686585	73,975438	74,022456
3,699942	73,936022	74,629740
3,713299	73,960570	74,629740
3,726656	74,973972	74,629740
3,740013	74,991951	75,111888
3,753371	74,987456	75,111888
3,766728	74,943200	75,111888
3,780085	75,888835	75,111888
3,793442	76,012960	75,111888
3,806799	75,936549	75,111888
3,820156	76,909154	75,111888
3,833514	76,947187	75,111888
3,846871	76,959634	75,111888
3,860228	77,012535	75,111888
3,873585	77,887293	78,029307
3,886942	77,963705	78,029307
3,900300	77,982722	78,710201
3,913657	77,957827	78,710201
3,927014	78,917643	78,818163
3,940371	78,986102	79,133460
3,953728	78,988177	79,117511
3,967086	79,016874	79,117511
3,980443	79,967356	79,989793
3,993800	79,963553	79,989793
4,007157	79,947648	79,632783
4,020514	80,944117	80,987211
4,033872	80,961404	81,028924
4,047229	80,961404	81,028924
4,060586	80,936164	81,993218
4,073943	81,749038	81,768707
4,087300	81,941970	81,768707
4,100657	81,968247	82,433653
4,114015	81,937821	83,023761
4,127372	82,922191	83,023761
4,140729	82,979932	83,248273
4,154086	82,936367	84,228516
4,167443	82,948814	84,228516
4,180801	83,912440	83,862918
4,194158	83,915552	83,862918
4,207515	83,947708	84,627238
4,220872	84,808991	84,851749
4,234229	84,981524	85,234522
4,247587	84,968385	85,234522
4,260944	84,946603	85,990254
4,274301	85,810653	85,990254
4,287658	85,995980	86,016018
4,301015	85,958984	86,688324
4,314373	85,945845	86,987673
4,327730	86,992458	86,987673
4,341087	86,928492	86,963136
4,354444	86,919157	88,035392
4,367801	86,945780	88,035392
4,381158	87,914253	88,018216
4,394516	87,942259	88,018216
4,407873	87,987208	88,475826
4,421230	87,982022	88,923622
4,434587	88,929750	89,015635
4,447944	88,911771	89,015635
4,461302	88,957065	89,954165
4,474659	88,932862	89,954165
4,488016	90,007832	90,070715
4,501373	89,950436	90,136964
4,514730	89,928307	90,136964
4,528088	90,944845	90,902511
4,541445	90,914418	90,868159
4,554802	90,969394	90,868159
4,568159	90,969740	92,464274
4,581516	91,768795	92,464274
4,594874	91,933032	92,098677
4,608231	91,966917	92,098677
4,621588	91,954815	92,697374
4,634945	92,982767	92,697374
4,648302	93,031865	93,510767
4,661659	93,003167	94,384275
4,675017	92,938163	94,384275
4,688374	93,950903	94,060390
4,701731	93,962658	94,201476
4,715088	93,926008	94,201476
4,728445	94,922843	95,098294
4,741803	94,885501	95,331393
4,755160	94,876165	95,331393
4,768517	94,983698	96,852672
4,781874	95,892365	96,212262
4,795231	95,989871	96,212262
4,808589	95,878880	96,395061
4,821946	95,968779	96,894384
4,835303	96,968730	96,894384
4,848660	96,934845	97,110307
4,862017	96,967347	98,181336
4,875375	96,981523	98,181336
4,888732	97,920967	97,608403
4,902089	98,003950	98,306474
4,915446	98,000147	98,306474
4,928803	97,967991	99,112506
4,942160	98,929910	99,112506
4,955518	99,001830	99,112506
4,968875	98,967253	99,361554
4,982232	98,927490	100,318487
4,995589	99,975853	100,318487
5,008946	99,977581	100,135688
5,022304	99,975853	101,364979
5,035661	100,888676	101,364979
5,049018	100,922216	101,223893
5,062375	100,930168	102,195548
5,075732	101,895896	102,195548
5,089090	102,046305	101,913375
5,102447	101,962283	102,237261
5,115804	101,925977	102,237261
5,129161	102,766884	103,326692
5,142518	102,939422	103,326692
5,155875	102,947721	103,351229
5,169233	102,987484	104,157261
5,182590	103,920712	104,141312
5,195947	103,990212	104,141312
5,209304	103,990903	104,157261
5,222661	103,888556	104,157261
5,236019	104,932777	105,088430
5,249376	104,918946	105,287178
5,262733	104,972886	105,287178
5,276090	105,351503	105,678539
5,289447	105,934125	106,385197
5,302805	105,965244	106,385197
5,316162	105,951067	106,309134
5,329519	106,562734	107,215766
5,342876	106,908158	107,215766
5,356233	106,989068	107,024380
5,369591	106,964519	107,854949
5,382948	107,911929	107,854949
5,396305	107,948235	108,072099
5,409662	107,923685	108,312559
5,423019	107,950655	108,312559
5,436376	108,935756	109,217965
5,449734	108,958231	108,960329
5,463091	108,904291	108,960329
5,476448	108,998341	109,809300
5,489805	109,990359	110,173671
5,503162	109,935381	110,173671
5,516520	109,965118	110,173671
5,529877	109,957165	110,173671
5,543234	110,946764	111,196853
5,556591	110,932587	111,162502
5,569948	110,969239	112,143972
5,583306	111,975437	112,143972
5,596663	111,980969	112,135384
5,610020	111,948466	113,124215
5,623377	111,985118	113,124215
5,636734	112,956394	113,165927
5,650092	112,959161	113,165927
5,663449	112,990280	113,839461
5,676806	112,952937	114,213646
5,690163	113,954988	114,213646
5,703520	114,007892	114,180522
5,716877	113,942195	115,352151
5,730235	113,874423	115,476062
5,743592	114,947705	115,476062
5,756949	114,942519	115,268726
5,770306	114,933874	116,066171
5,783663	115,897894	116,066171
5,797021	115,974310	116,241608
5,810378	115,967394	116,241608
5,823735	115,945265	117,562912
5,837092	116,910668	117,155602
5,850449	116,947321	117,155602
5,863807	116,937639	117,470899
5,877164	116,981207	118,402069
5,890521	118,011964	118,402069
5,903878	117,957331	118,160382
5,917235	117,967359	119,032663
5,930593	117,946266	119,032663
5,943950	118,973913	119,265762
5,957307	118,955932	119,216689
5,970664	118,972875	119,216689
5,984021	119,515053	120,430031
5,997378	119,887455	120,088970
6,010736	120,026457	120,088970
6,024093	119,932060	121,401686
6,037450	120,006402	121,377149
6,050807	120,986334	121,377149
6,064164	120,937580	121,901009
6,077522	120,931356	122,423642
6,090879	121,967306	122,423642
6,104236	121,942064	122,224894
6,117593	121,924775	123,711821
6,130950	121,936877	123,711821
6,144308	121,988398	123,288562
6,157665	122,954848	123,288562
6,171022	123,036106	123,255437
6,184379	122,895720	124,061469
6,197736	123,912655	124,061469
6,211094	123,961756	124,144894
6,224451	123,994605	125,539808
6,237808	124,892248	125,539808
6,251165	124,979730	124,916575
6,264522	124,970740	125,690709
6,277879	125,017074	125,690709
6,291237	125,892243	126,554403
6,304594	125,991136	126,396141
6,317951	125,976959	126,396141
6,331308	125,957941	127,892882
6,344665	126,985946	127,277010
6,358023	126,950676	127,277010
6,371380	126,944107	127,593534
6,384737	126,911949	128,664563
6,398094	127,953787	128,664563
6,411451	128,007728	128,283017
6,424809	127,979029	128,283017
6,438166	128,131518	129,181062
6,451523	128,958973	129,646033
6,464880	128,933039	129,646033
6,478237	128,955170	129,388397
6,491595	129,815475	130,601739
6,504952	129,972114	130,601739
6,518309	129,937190	130,685164
6,531666	129,956900	131,499784
6,545023	130,946875	131,499784
6,558380	130,961052	131,491196
6,571738	130,910222	131,491196
6,585095	130,937539	131,491196
6,598452	131,836229	132,172091
6,611809	131,961748	132,172091
6,625166	131,956561	132,438315
6,638524	131,934085	133,194046
6,651881	132,977660	133,194046
6,665238	132,997369	133,376845
6,678595	132,919568	133,527746
6,691952	132,966249	133,527746
6,705310	133,939977	134,673612
6,718667	133,940668	134,408615
6,732024	133,934098	134,408615
6,745381	134,591089	135,446520
6,758738	134,957621	135,446520
6,772096	134,972489	135,446520
6,785453	134,934107	135,446520
6,798810	134,932724	136,278315
6,812167	135,958323	136,278315
6,825524	135,954173	136,311440
6,838881	135,933772	137,624156
6,852239	136,953148	137,624156
6,865596	137,016081	137,765242
6,878953	136,963867	137,765242
6,892310	136,908196	138,795786
6,905667	137,894724	138,447364
6,919025	137,957657	138,837498
6,932382	137,952124	138,837498
6,945739	138,570736	139,659479
6,959096	138,966662	139,601818
6,972453	138,906495	139,601818
6,985811	138,941074	140,649537
6,999168	139,976015	140,707198
7,012525	139,902708	140,707198
7,025882	139,980856	141,363556
7,039239	139,920689	141,563531
7,052597	140,945950	141,563531
7,065954	140,941109	141,655543
7,079311	140,941800	142,635786
7,092668	141,918306	142,635786
7,106025	142,017202	142,618611
7,119382	141,968100	143,508068
7,132740	142,000604	143,508068
7,146097	142,867496	143,748528
7,159454	142,988868	143,723991
7,172811	142,913832	143,723991
7,186168	142,937692	144,239263
7,199526	143,989928	144,604860
7,212883	143,921116	144,604860
7,226240	143,999265	145,809614
7,239597	143,893107	145,809614
7,252954	145,010700	145,436656
7,266312	144,950533	145,510266
7,279669	144,915262	146,665947
7,293026	145,937418	146,665947
7,306383	145,995511	146,507685
7,319740	145,928428	147,330893
7,333098	145,981334	147,330893
7,346455	146,671187	147,813040
7,359812	146,954735	147,813040
7,373169	146,993464	147,630241
7,386526	146,945053	148,819046
7,399883	147,907391	148,819046
7,413241	147,946119	149,009206
7,426598	147,928484	148,711085
7,439955	147,950960	148,711085
7,453312	148,930243	149,898663
7,466669	148,980037	149,691328
7,480027	148,913645	150,647034
7,493384	149,938228	150,647034
7,506741	149,960705	150,580785
7,520098	149,924051	151,561028
7,533455	149,948256	151,561028
7,546813	150,659898	151,686165
7,560170	150,926505	151,935213
7,573527	150,936187	151,935213
7,586884	150,992205	152,690945
7,600241	151,975642	152,690945
7,613599	151,928960	152,499558
7,626956	151,982212	153,049181
7,640313	152,005726	153,049181
7,653670	152,968071	153,946000
7,667027	152,979137	153,622114
7,680384	152,952511	153,622114
7,693742	152,923464	154,802332
7,707099	153,923156	154,859993
7,720456	153,968801	154,859993
7,733813	153,974680	155,375265
7,747170	154,652784	155,808339
7,760528	154,976794	155,808339
7,773885	154,908326	155,558064
7,787242	154,914551	156,440160
7,800599	155,888311	156,440160
7,813956	155,916321	156,945617
7,827314	155,970265	157,336978
7,840671	155,978564	157,336978
7,854028	156,912905	157,786000
7,867385	156,942298	157,660863
7,880742	156,937457	157,786000
7,894100	157,924361	157,786000
7,907457	157,965165	159,090128
7,920814	157,875603	159,314640
7,934171	157,988333	159,314640
7,947528	158,917490	159,829911
7,960885	158,976276	159,730537
7,974243	158,931322	159,730537
7,987600	158,968323	160,578282
8,000957	159,940360	160,810154
8,014314	159,964912	160,810154
8,027671	159,924108	161,185567
8,041029	159,945893	161,657899
8,054386	160,957353	161,657899
8,067743	160,976372	162,073797
8,081100	160,946633	161,584289
8,094457	161,906225	161,584289
8,107815	161,963628	162,879829
8,121172	161,925244	163,271190
8,134529	162,033133	163,271190
8,147886	162,998605	163,494474
8,161243	162,902473	164,044097
8,174601	162,978203	164,044097
8,187958	162,941203	164,700455
8,201315	163,879358	164,592494
8,214672	163,930882	164,592494
8,228029	164,030472	165,231676
8,241386	163,910480	165,231676
8,254744	164,941311	165,755535
8,268101	164,930245	165,515075
8,281458	164,928516	166,554207
8,294815	165,696886	166,554207
8,308172	165,957620	166,810616
8,321530	165,974564	166,810616
8,334887	165,916469	167,027766
8,348244	166,846675	167,792085
8,361601	166,941079	167,792085
8,374958	166,938659	167,625236
8,388316	166,939350	168,614066
8,401673	167,910362	168,614066
8,415030	168,024131	168,805453
8,428387	167,953242	169,303549
8,441744	167,954971	169,303549
8,455102	168,909732	169,678961
8,468459	169,007594	169,712086
8,481816	168,985462	169,712086
8,495173	169,792567	170,741402
8,508530	169,892504	170,741402
8,521887	169,874522	170,741402
8,535245	169,956823	170,991677
8,548602	170,805425	171,881134
8,561959	170,979019	171,881134
8,575316	170,978673	171,731460
8,588673	170,905708	172,844201
8,602031	171,932401	172,844201
8,615388	171,945196	172,769364
8,628745	171,933092	172,960751
8,642102	171,971131	172,960751
8,655459	172,565569	174,074719
8,668817	172,992984	173,867384
8,682174	172,989180	173,867384
8,695531	173,921125	173,867384
8,708888	173,894498	174,929825
8,722245	173,992707	174,913876
8,735603	173,910059	174,913876
8,748960	174,978945	175,953007
8,762317	174,980328	175,953007
8,775674	174,930532	175,761621
8,789031	174,942635	176,543116
8,802388	175,960689	176,543116
8,815746	175,909164	177,025263
8,829103	175,951698	177,922081
8,842460	176,910966	177,922081
8,855817	176,910274	177,789583
8,869174	176,956612	178,820126
8,882532	176,997763	178,820126
8,895889	177,831505	178,894963
8,909246	177,939397	178,894963
8,922603	177,938705	179,128062
8,935960	177,932480	179,934094
8,949318	178,932903	179,934094
8,962675	178,960913	179,916919
8,976032	178,995840	181,005123
8,989389	178,933248	181,005123
9,002746	179,946467	180,738900
9,016104	179,904278	180,905749
9,029461	179,896670	180,905749
9,042818	179,957533	181,919117
9,056175	180,971790	182,110504
9,069532	180,948967	182,110504
9,082889	180,934443	183,099335
9,096247	180,943780	182,568114
9,109604	181,870203	182,568114
9,122961	181,903747	183,058849
9,136318	181,932449	183,898006
9,149675	182,971608	183,898006
9,163033	183,014488	183,939718
9,176390	182,971954	184,986210
9,189747	182,918699	184,986210
9,203104	183,734120	184,761699
9,216461	183,983104	185,069635
9,229819	183,968234	185,069635
9,243176	183,922241	185,635207
9,256533	184,967282	186,124715
9,269890	184,957253	186,124715
9,283247	184,970048	186,864498
9,296605	185,419603	186,864498
9,309962	185,957686	186,831374
9,323319	186,013362	187,014172
9,336676	185,976706	187,520856
9,350033	186,976449	187,520856
9,363390	186,921119	187,720831
9,376748	186,941522	189,000422
9,390105	186,931839	189,000422
9,403462	187,900460	189,491157
9,416819	187,914984	188,916997
9,430176	187,963052	188,916997
9,443534	187,978959	189,848167
9,456891	188,927525	189,848167
9,470248	188,961760	190,147515
9,483605	188,974555	190,819822
9,496962	188,980780	190,819822
9,510320	189,940413	190,836997
9,523677	189,954937	191,136346
9,537034	189,992631	191,136346
9,550391	189,951133	191,768167
9,563748	190,995146	192,116589
9,577106	190,941199	192,116589
9,590463	190,967827	192,715285
9,603820	190,931862	192,972921
9,617177	191,954091	192,972921
9,630534	191,951670	192,981509
9,643891	191,976914	194,243925
9,657249	192,943814	194,243925
9,670606	192,958338	193,912679
9,683963	192,970442	194,917458
9,697320	192,906812	194,917458
9,710677	193,807316	195,025420
9,724035	193,944259	195,025420
9,737392	193,956708	195,016832
9,750749	193,996131	195,016832
9,764106	194,926377	195,765203
9,777463	194,910816	195,765203
9,790821	194,981708	196,047376
9,804178	194,990353	196,047376
9,817535	195,947920	196,879171
9,830892	195,870111	197,203056
9,844249	195,929246	197,203056
9,857607	196,966352	198,042213
9,870964	196,976381	197,826290
9,884321	196,904451	197,826290
9,897678	196,925892	198,482648
9,911035	197,933951	199,246967
9,924392	197,965766	199,246967
9,937750	197,951933	198,757459
9,951107	197,931530	199,671453
9,964464	198,995268	199,770827
9,977821	198,944432	199,770827
9,991178	198,938899	200,186725
10,004536	199,937624	200,186725
10,017893	199,917221	200,693408
10,031250	199,969094	200,843083
10,044607	199,932091	200,843083
10,057964	200,946034	202,014712
10,071322	200,958829	202,023300
10,084679	200,933585	202,023300
10,098036	200,958138	202,364361
10,111393	201,984186	203,095556
10,124750	201,941650	203,095556
10,138108	201,901189	203,095556
10,151465	201,972428	204,026725
10,164822	202,986720	204,026725
10,178179	202,937613	203,917537
10,191536	202,946950	204,873243
10,204893	204,000321	204,873243
10,218251	203,922166	205,056042
10,231608	203,911445	206,028924
10,244965	203,909716	206,028924
10,258322	204,964818	206,053461
10,271679	204,946489	206,070636
10,285037	205,025337	206,070636
10,298394	204,992138	207,358816
10,311751	205,933466	206,993218
10,325108	205,942803	206,993218
10,338465	205,976002	207,815199
10,351823	205,920670	207,807838
10,365180	206,932547	207,807838
10,378537	206,995141	208,314522
10,391894	206,918714	208,904631
10,405251	207,880449	208,904631
10,418609	207,994225	208,929167
10,431966	207,990075	210,192810
10,445323	207,945118	210,192810
10,458680	208,894404	209,951123
10,472037	208,966335	210,259059
10,485394	208,981206	210,259059
10,498752	208,949736	211,040554
10,512109	209,978217	211,040554
10,525466	209,961272	211,239302
10,538823	209,918389	212,120171
10,552180	210,475167	212,120171
10,565538	210,819954	211,804874
10,578895	210,946872	211,780337
10,592252	210,956209	211,780337
10,605609	210,963818	213,242727
10,618966	211,935933	212,976504
10,632324	211,935587	212,976504
10,645681	211,957028	213,824248
10,659038	212,810180	214,247507
10,672395	212,936407	214,247507
10,685752	212,909432	214,048759
10,699110	212,976177	214,921041
10,712467	213,899187	214,921041
10,725824	213,954865	214,962753
10,739181	213,928583	216,209220
10,752538	213,930658	216,209220
10,765895	214,944622	216,085309
10,779253	214,957763	215,944223
10,792610	214,986467	215,944223
10,805967	215,132060	217,140389
10,819324	215,952709	216,790741
10,832681	215,957205	216,790741
10,846039	215,966196	217,970958
10,859396	216,675835	218,087508
10,872753	216,916532	218,087508
10,886110	216,971864	217,970958
10,899467	216,934169	218,743866
10,912825	217,966813	218,743866
10,926182	217,993441	219,192888
10,939539	217,993096	219,998920
10,952896	217,970963	219,998920
10,966253	218,938246	220,106882
10,979611	218,880493	220,331393
10,992968	218,992887	220,331393
11,006325	218,934096	221,419598
11,019682	219,968473	221,112889
11,033039	219,939769	221,112889
11,046396	219,995102	222,284518
11,059754	219,976081	222,009707
11,073111	220,950284	222,009707
11,086468	220,966192	222,026882
11,099825	220,964809	222,998538
11,113182	221,900627	222,998538
11,126540	221,936939	223,530985
11,139897	221,945239	223,530985
11,153254	221,865698	224,213107
11,166611	222,959216	224,062206
11,179968	222,973395	224,062206
11,193326	222,950570	224,021720
11,206683	223,309543	225,217886
11,220040	223,907832	225,217886
11,233397	223,926161	225,292723
11,246754	223,979073	225,990794
11,260112	224,869246	225,990794
11,273469	224,988558	225,832532
11,286826	224,953283	226,149056
11,300183	224,965041	226,149056
11,313540	225,801956	227,146475
11,326897	225,999773	227,146475
11,340255	225,950319	226,930551
11,353612	225,934756	228,118130
11,366969	226,997848	228,118130
11,380326	226,968452	228,351229
11,393683	227,029664	228,218730
11,407041	226,949431	228,218730
11,420398	227,860011	229,148673
11,433755	227,919149	229,141312
11,447112	227,938861	229,141312
11,460469	227,972407	229,771906
11,473827	228,978785	230,487153
11,487184	228,985356	230,487153
11,500541	228,948006	230,079843
11,513898	228,992273	230,079843
11,527255	229,973752	230,079843
11,540613	229,979285	231,242884
11,553970	229,988623	231,542233
11,567327	230,999846	231,542233
11,580684	230,937941	232,140929
11,594041	230,959729	232,140929
11,607398	230,935174	232,140929
11,620756	231,972336	232,140929
11,634113	231,965765	232,140929
11,647470	231,973374	232,140929
11,660827	231,927378	234,076879
11,674184	232,980795	234,111230
11,687542	232,928228	234,111230
11,700899	232,919582	235,023997
11,714256	232,942753	235,149134
11,727613	233,949139	235,149134
11,740970	233,955364	235,323345
11,754328	233,947756	236,047179
11,767685	234,838633	236,047179
11,781042	234,976622	236,021416
11,794399	234,937542	236,021416
11,807756	235,018814	237,243346
11,821114	235,878914	237,342719
11,834471	235,942548	237,342719
11,847828	235,939781	237,393020
11,861185	235,910385	238,357314
11,874542	236,976951	238,357314
11,887899	236,919887	238,124215
11,901257	236,922308	239,279896
11,914614	236,923346	239,279896
11,927971	237,926971	239,387857
11,941328	237,960863	239,271308
11,954685	237,950142	239,271308
11,968043	237,991989	240,277314
11,981400	238,963798	240,277314
11,994757	238,990082	240,277314
12,008114	238,976248	241,224433
12,021471	238,920568	241,224433
12,034829	239,921775	241,058810
12,048186	239,935955	241,290682
12,061543	239,880274	241,290682
12,074900	240,909842	242,470899
12,088257	240,960335	241,847666
12,101615	240,947884	241,847666
12,114972	240,893242	243,127257
12,128329	241,941832	243,193507
12,141686	241,906556	243,193507
12,155043	241,923157	243,875628
12,168400	241,993017	244,490274
12,181758	242,965524	244,490274
12,195115	242,935435	244,706197
12,208472	242,934744	245,553942
12,221829	242,943044	245,553942
12,235186	243,964316	245,470517
12,248544	243,918319	244,930708
12,261901	243,935611	244,930708
12,275258	244,486193	246,276549
12,288615	244,984898	246,934134
12,301972	244,926797	246,934134
12,315330	244,918842	246,817584
12,328687	244,888062	247,581904
12,342044	245,956718	247,581904
12,355401	245,935967	247,498479
12,368758	245,892045	248,222313
12,382116	246,953786	248,222313
12,395473	246,927502	248,271386
12,408830	246,928885	248,271386
12,422187	246,940990	249,052882
12,435544	247,954659	249,609866
12,448901	247,889641	249,609866
12,462259	247,943592	248,953508
12,475616	247,941171	250,299348
12,488973	248,930634	250,299348
12,502330	248,959339	250,623233
12,515687	248,953460	250,656358
12,529045	249,947073	250,656358
12,542402	249,910068	251,230518
12,555759	249,954336	251,420678
12,569116	249,931165	251,420678
12,582473	250,911638	252,501521
12,595831	250,990145	252,402147
12,609188	250,943110	252,402147
12,622545	250,926855	253,075681
12,635902	252,006588	253,291605
12,649259	251,914938	253,291605
12,662617	252,007625	253,349266
12,675974	251,961628	254,289023
12,689331	252,948329	254,289023
12,702688	252,950750	254,338097
12,716045	252,983260	254,338097
12,729402	252,914436	254,978506
12,742760	253,944370	255,394404
12,756117	254,000052	255,394404
12,769474	253,955437	255,418940
12,782831	254,480781	256,390596
12,796188	254,899257	256,541497
12,809546	254,938684	256,541497
12,822903	254,989869	256,839618
12,836260	255,965854	256,839618
12,849617	255,870746	257,579401
12,862974	255,955133	257,587989
12,876332	255,822673	257,587989
12,889689	256,773412	258,261522
12,903046	256,960862	258,261522
12,916403	256,960862	258,261522
12,929760	256,932502	258,394021
12,943118	257,884281	259,283478
12,956475	257,983540	259,283478
12,969832	257,954834	259,191465
12,983189	258,048213	260,404807
12,996546	258,931515	260,404807
13,009903	258,950537	260,206060
13,023261	258,968867	260,704156
13,036618	258,908689	260,704156
13,049975	259,936903	261,652501
13,063332	259,944166	261,177715
13,076689	259,950391	261,177715
13,090047	260,606471	262,067172
13,103404	260,982066	262,142009
13,116761	260,931571	262,142009
13,130118	260,961660	262,142009
13,143475	261,910332	262,142009
13,156833	261,943188	262,142009
13,170190	261,914828	262,142009
13,183547	261,973623	262,142009
13,196904	262,894282	262,142009
13,210261	262,939242	264,618993
13,223619	263,040231	264,618993
13,236976	263,896909	264,618993
13,250333	263,973342	265,499863
13,263690	263,944291	266,389320
13,277047	263,949824	266,389320
13,290404	264,948649	266,297307
13,303762	264,943807	266,572118
13,317119	264,905417	266,572118
13,330476	264,944499	267,336438
13,343833	265,968572	267,394099
13,357190	265,961309	267,394099
13,370548	265,928799	268,757116
13,383905	265,962001	268,201358
13,397262	266,925897	268,201358
13,410619	266,963595	268,349806
13,423976	266,988151	269,547199
13,437334	266,875057	269,547199
13,450691	267,872848	269,629397
13,464048	267,953778	269,629397
13,477405	267,909163	269,571736
13,490762	268,702901	270,626816
13,504120	268,947075	270,403531
13,517477	268,909723	270,403531
13,530834	268,965060	271,566573
13,544191	269,923081	271,183800
13,557548	269,900946	271,183800
13,570905	269,914089	272,165270
13,584263	269,928960	272,696490
13,597620	270,973101	272,696490
13,610977	270,947162	272,422906
13,624334	270,950621	273,594535
13,637691	271,928705	273,594535
13,651049	271,906224	273,436273
13,664406	271,950839	273,810459
13,677763	271,957065	273,810459
13,691120	272,912669	274,409155
13,704477	272,959014	274,409155
13,717835	272,933767	274,625079
13,731192	272,945180	275,754996
13,744549	273,972379	275,754996
13,757906	273,870005	275,547660
13,771263	273,942981	276,644453
13,784621	273,884531	276,644453
13,797978	274,953926	276,336517
13,811335	274,930753	277,084887
13,824692	274,959805	277,084887
13,838049	274,933174	277,840619
13,851406	275,934782	277,890919
13,864764	275,947233	277,890919
13,878121	275,905730	277,757194
13,891478	275,932016	278,364479
13,904835	276,988617	278,364479
13,918192	276,940197	278,265105
13,931550	276,987580	279,752032
13,944907	277,999913	279,752032
13,958264	277,916214	279,445322
13,971621	277,938695	280,142166
13,984978	277,899959	280,142166
13,998336	278,906068	280,707738
14,011693	278,980082	280,591188
14,025050	278,905376	280,591188
14,038407	278,906414	281,372684
14,051764	279,942268	281,339559
14,065122	279,883818	281,339559
14,078479	279,897306	281,929668
14,091836	279,966479	282,561489
14,105193	280,968786	282,561489
14,118550	280,984696	282,868198
14,131907	280,908606	282,868198
14,145265	281,792285	283,367521
14,158622	281,893622	283,533144
14,171979	281,979050	283,533144
14,185336	281,907111	283,966218
14,198693	282,829527	284,431189
14,212051	282,948504	284,431189
14,225408	282,860309	284,439777
14,238765	282,975482	285,519394
14,252122	283,972606	285,519394
14,265479	283,922110	285,303470
14,278837	283,913809	285,735317
14,292194	283,960847	285,735317
14,305551	284,909206	286,591650
14,318908	284,997055	286,591650
14,332265	284,942063	286,525400
14,345623	284,908168	287,249234
14,358980	285,949566	287,249234
14,372337	285,963746	287,381733
14,385694	285,969280	287,522819
14,399051	286,923868	287,522819
14,412408	286,957071	288,487113
14,425766	286,965717	288,487113
14,439123	286,923176	288,487113
14,452480	287,872577	289,575318
14,465837	287,938983	289,667331
14,479194	287,933449	289,667331
14,492552	287,932757	290,548200
14,505909	288,921934	290,548200
14,519266	288,920897	290,290564
14,532623	288,946145	291,462194
14,545980	288,910867	291,462194
14,559338	289,918376	291,660941
14,572695	289,964031	291,528443
14,586052	289,894857	292,583523
14,599409	290,874699	292,583523
14,612766	290,912052	292,576162
14,626124	290,912398	292,576162
14,639481	290,940759	293,730616
14,652838	291,215378	293,373606
14,666195	291,927174	293,664367
14,679552	291,936167	293,664367
14,692909	291,934091	294,420099
14,706267	292,972734	294,420099
14,719624	292,865514	294,445862
14,732981	292,927771	295,459230
14,746338	292,979305	295,459230
14,759695	292,894221	295,509530
14,773053	293,946700	295,443281
14,786410	293,997889	295,443281
14,799767	293,894128	296,522898
14,813124	294,947646	296,522898
14,826481	294,998834	296,257901
14,839839	294,947300	297,154719
14,853196	294,966669	297,154719
14,866553	295,878727	297,579205
14,879910	295,932337	297,579205
14,893267	295,867313	297,579205
14,906625	296,616814	298,592572
14,919982	296,933286	298,900508
14,933339	296,931902	298,900508
14,946696	296,922218	299,165505
14,960053	296,928098	299,048956
14,973410	297,968823	299,048956
14,986768	297,933890	299,174093
15,000125	297,946687	300,462272
15,013482	298,933458	300,462272
15,026839	298,872585	300,587410
15,040196	298,936571	300,587410
15,053554	298,884690	300,587410
15,066911	299,753175	301,310017
15,080268	299,871809	301,675614
15,093625	299,933374	301,675614
15,106982	299,979375	302,282899
15,120340	300,968570	302,373685
15,133697	300,937442	302,373685
15,147054	300,940900	303,362516
15,160411	300,842673	303,362516
15,173768	301,994775	303,529366
15,187125	301,916608	303,612791
15,200483	301,912458	303,612791
15,213840	302,788901	304,493660
15,227197	302,997117	304,659283
15,240554	302,899926	304,659283
15,253911	302,965988	304,916919
15,267269	303,944466	305,423602
15,280626	303,981129	305,423602
15,293983	303,933744	305,639526
15,307340	303,935473	306,778031
15,320697	304,964450	306,778031
15,334055	304,913261	306,438197
15,347412	304,935742	306,803794
15,360769	304,891470	306,803794
15,374126	305,760309	307,517814
15,387483	305,869605	307,335015
15,400841	305,929787	307,509226
15,414198	306,951504	307,509226
15,427555	306,913804	308,299309
15,440912	306,956346	308,299309
15,454269	306,928676	309,312677
15,467626	307,907852	309,371565
15,480984	307,980486	309,371565
15,494341	307,971147	309,537188
15,507698	307,933446	310,518658
15,521055	308,930263	310,518658
15,534412	308,980069	310,551782
15,547770	308,944098	310,933329
15,561127	308,936143	310,933329
15,574484	309,938495	311,523438
15,587841	309,955443	311,432652
15,601198	309,914630	311,432652
15,614556	310,946037	312,038709
15,627913	310,936698	312,612869
15,641270	310,969557	312,612869
15,654627	310,932202	312,612869
15,667984	311,901007	313,360013
15,681342	311,956693	313,360013
15,694699	311,924181	313,360013
15,708056	312,574778	314,898467
15,721413	312,978419	314,898467
15,734770	312,913394	314,898467
15,748127	312,948328	314,714441
15,761485	313,915406	314,714441
15,774842	313,943423	315,629662
15,788199	313,957950	316,568193
15,801556	313,955183	316,568193
15,814913	314,962731	316,568193
15,828271	314,976912	316,643030
15,841628	314,921571	317,523899
15,854985	315,885885	317,523899
15,868342	315,908368	317,582787
15,881699	315,946760	317,582787
15,895057	315,918052	318,371643
15,908414	315,908713	318,620691
15,921771	316,951890	318,620691
15,935128	316,943243	318,604742
15,948485	316,933213	319,676998
15,961843	317,941111	319,676998
15,975200	317,894071	319,701535
15,988557	317,954946	320,324768
16,001914	317,918975	320,324768
16,015271	318,913385	320,498979
16,028628	318,952124	320,765203
16,041986	318,960425	320,765203
16,055343	318,935868	321,712321
16,068700	319,982162	321,787158
16,082057	319,899496	321,787158
16,095414	319,961409	322,443516
16,108772	319,918174	322,485229
16,122129	320,924694	322,485229
16,135486	320,902557	322,634903
16,148843	320,875924	323,823708
16,162200	321,567345	323,823708
16,175558	321,949893	323,400450
16,188915	321,926718	323,400450
16,202272	321,910116	323,997919
16,215629	322,963333	324,828488
16,228986	322,964025	324,828488
16,242344	322,937392	325,086124
16,255701	322,924594	325,460309
16,269058	323,938382	325,460309
16,282415	323,943224	325,502022
16,295772	323,907252	326,666290
16,309129	323,918320	326,640527
16,322487	324,967736	326,640527
16,335844	324,939027	326,549741
16,349201	325,032417	326,549741
16,362558	324,925538	327,812156
16,375915	325,908891	327,529984
16,389273	326,024417	327,529984
16,402630	325,948668	328,045256
16,415987	326,717573	328,419441
16,429344	326,946204	328,419441
16,442701	326,958310	328,361780
16,456059	326,923029	329,740745
16,469416	327,931289	329,740745
16,482773	327,964148	329,383735
16,496130	327,948929	330,139467
16,509487	327,911228	330,139467
16,522845	328,813993	330,663326
16,536202	328,911188	330,189767
16,549559	328,953040	330,189767
16,562916	328,923294	331,311096
16,576273	329,976522	331,918381
16,589630	329,931903	331,918381
16,602988	329,969258	331,669333
16,616345	329,975484	331,669333
16,629702	330,968184	332,425065
16,643059	330,939821	332,275391
16,656416	330,931520	332,491314
16,669774	331,536479	332,491314
16,683131	331,937711	333,431071
16,696488	331,986827	333,431071
16,709845	331,986481	333,871506
16,723202	332,814886	334,402727
16,736560	332,915886	334,402727
16,749917	332,945978	334,336477
16,763274	332,947362	335,208759
16,776631	333,975001	335,208759
16,789988	333,933494	335,624656
16,803346	333,978805	335,915417
16,816703	333,945946	335,915417
16,830060	334,941764	336,480989
16,843417	334,882617	336,422101
16,856774	334,978083	336,422101
16,870131	335,932742	337,079686
16,883489	335,913718	337,079686
16,896846	335,978054	337,469820
16,910203	335,918215	337,985091
16,923560	336,854889	338,400989
16,936917	336,985290	338,400989
16,950275	336,875642	338,632862
16,963632	336,919571	339,438894
16,976989	337,948599	339,438894
16,990346	337,918161	339,779954
17,003703	338,006709	339,696530
17,017061	337,974541	339,696530
17,030418	338,935777	340,693948
17,043775	338,948229	340,934408
17,057132	338,947883	340,934408
17,070489	338,944770	341,392019
17,083847	339,910849	341,442319
17,097204	339,949589	341,442319
17,110561	339,930219	341,757616
17,123918	339,928144	342,431150
17,137275	340,963058	342,431150
17,150632	340,948530	342,398025
17,163990	340,907369	343,453105
17,177347	341,894897	343,453105
17,190704	341,915650	343,702153
17,204061	341,945743	343,702153
17,217418	341,999703	343,802754
17,230776	342,911135	344,833297
17,244133	342,919437	344,833297
17,257490	342,895570	344,541310
17,270847	342,899721	345,463892
17,284204	343,978568	345,463892
17,297562	343,964732	345,705579
17,310919	343,931180	345,904326
17,324276	343,974763	345,904326
17,337633	344,901418	346,361937
17,350990	344,928052	346,361937
17,364348	344,945346	346,718946
17,377705	344,998614	347,350768
17,391062	345,925617	347,350768
17,404419	345,952251	347,949464
17,417776	345,932534	348,997183
17,431133	346,882367	348,997183
17,444491	346,959848	348,663483
17,457848	346,949125	349,603241
17,471205	346,933906	349,603241
17,484562	347,887199	349,395905
17,497919	347,864024	349,909950
17,511277	347,937700	349,909950
17,524634	347,903456	350,475522
17,537991	348,955677	350,517235
17,551348	348,959482	350,517235
17,564705	348,964671	351,382155
17,578063	348,952564	351,488890
17,591420	349,951173	351,488890
17,604777	349,891678	351,530602
17,618134	349,860893	352,893618
17,631491	350,973996	352,893618
17,644849	350,942519	352,703459
17,658206	350,983681	353,767127
17,671563	350,883024	353,767127
17,684920	351,897893	353,749951
17,698277	351,927641	353,741363
17,711634	351,899623	353,741363
17,724992	351,894088	354,540034
17,738349	352,998201	354,597696
17,751706	352,898582	354,597696
17,765063	352,930751	355,577939
17,778420	352,965341	355,412315
17,791778	353,936283	355,412315
17,805135	353,936975	355,628239
17,818492	353,874713	356,817044
17,831849	354,518435	356,817044
17,845206	354,932478	356,725031
17,858564	354,922101	357,473402
17,871921	354,877134	357,473402
17,885278	356,011346	357,531064
17,898635	355,928329	357,531064
17,911992	355,903424	357,780111
17,925350	355,890972	358,952968
17,938707	356,924181	358,952968
17,952064	356,908270	358,752993
17,965421	356,924527	359,492776
17,978778	356,880598	359,492776
17,992135	357,867112	359,484189
18,005493	357,971920	359,534489
18,018850	357,883369	359,534489
18,032207	358,668569	360,880329
18,045564	358,975040	360,697531
18,058921	358,958436	360,697531
18,072279	358,949443	361,479026
18,085636	359,553044	361,461850
18,098993	359,950834	361,461850
18,112350	359,852251	361,637288
18,125707	359,943916	362,642068
18,139065	360,955686	362,642068
18,152422	360,925938	362,725493
18,165779	360,905530	362,725493
18,179136	360,895152	362,559870
18,192493	361,845353	363,564649
18,205851	361,929408	363,764624
18,219208	361,970916	363,764624
18,232565	361,926294	364,511768
18,245922	362,960205	364,528944
18,259279	362,860239	364,528944
18,272636	362,899326	364,927666
18,285994	362,960897	365,617148
18,299351	363,919056	365,617148
18,312708	363,898994	365,467474
18,326065	363,919402	366,457532
18,339422	364,957467	366,457532
18,352780	364,927719	366,565493
18,366137	364,911807	367,171551
18,379494	364,924260	367,171551
18,392851	365,894183	367,512612
18,406208	365,953679	367,737123
18,419566	365,892453	367,737123
18,432923	366,296127	368,617992
18,446280	366,921874	369,008127
18,459637	366,902849	369,008127
18,472994	366,926370	369,241226
18,486352	366,861686	369,873047
18,499709	367,976893	369,873047
18,513066	367,948528	369,756497
18,526423	367,930195	369,756497
18,539780	368,875563	370,520817
18,553137	368,912575	370,794402
18,566495	368,898393	370,794402
18,579852	369,002857	371,351386
18,593209	369,957566	371,650734
18,606566	369,935428	371,650734
18,619923	369,924013	371,675271
18,633281	369,913290	372,707041
18,646638	370,935798	372,707041
18,659995	370,921962	372,839539
18,673352	370,921616	372,839539
18,686709	370,966238	373,313099
18,700067	371,929944	373,546198
18,713424	371,946202	373,546198
18,726781	371,892931	373,546198
18,740138	372,893305	374,759540
18,753495	372,908871	374,759540
18,766853	372,909909	375,282173
18,780210	372,908871	375,739783
18,793567	373,887107	375,739783
18,806924	373,922390	375,615872
18,820281	373,964937	376,712665
18,833638	373,928271	376,712665
18,846996	374,845628	376,670952
18,860353	374,943176	376,878288
18,873710	374,954937	376,878288
18,887067	374,904433	377,543234
18,900424	375,907233	377,501521
18,913782	375,965000	377,501521
18,927139	375,930755	378,897662
18,940496	375,879560	378,747988
18,953853	376,928367	378,747988
18,967210	376,936669	378,765164
18,980568	376,941858	378,765164
18,993925	377,741609	379,903669
19,007282	377,959188	379,587145
19,020639	377,923905	379,587145
19,033996	377,918025	380,593151
19,047354	378,819476	380,551439
19,060711	378,958533	380,551439
19,074068	378,933627	381,024998
19,087425	378,943659	381,507145
19,100782	379,964106	381,507145
19,114139	379,875552	381,640870
19,127497	379,966873	382,986711
19,140854	379,920867	382,986711
19,154211	380,934051	382,687363
19,167568	380,908108	382,753612
19,180925	380,893925	382,753612
19,194283	381,155091	383,876168
19,207640	381,947929	383,676193
19,220997	381,898463	383,676193
19,234354	381,958653	384,864999
19,247711	382,749416	384,690788
19,261069	382,932060	384,690788
19,274426	382,987752	384,856411
19,287783	382,960771	385,688207
19,301140	383,974652	385,688207
19,314497	383,932104	385,804756
19,327855	383,947670	386,776411
19,341212	383,954589	386,776411
19,354569	384,944949	386,776411
19,367926	384,929037	387,117472
19,381283	384,939414	387,117472
19,394640	385,932197	387,591031
19,407998	385,903486	387,540731
19,421355	385,950185	387,540731
19,434712	385,987890	388,438776
19,448069	386,885893	388,679236
19,461426	386,922215	388,679236
19,474784	386,825012	388,397063
19,488141	386,936743	389,843505
19,501498	387,919844	389,843505
19,514855	387,884214	389,883990
19,528212	387,922611	390,482687
19,541570	387,954436	390,482687
19,554927	388,850712	390,757498
19,568284	388,904675	391,064208
19,581641	388,950337	391,064208
19,594998	388,907788	391,920540
19,608356	389,944509	391,803991
19,621713	389,899540	391,803991
19,635070	389,945547	392,594074
19,648427	389,901961	392,594074
19,661784	391,013403	393,050457
19,675141	390,972238	392,684860
19,688499	390,963244	393,673691
19,701856	391,893079	393,673691
19,715213	391,854682	393,417282
19,728570	391,957420	393,417282
19,741927	391,981635	394,846547
19,755285	392,979271	394,655161
19,768642	392,931188	394,655161
19,781999	392,920465	394,622036
19,795356	392,895558	395,344643
19,808713	393,918795	395,693065
19,822071	393,901499	395,693065
19,835428	393,937474	396,067250
19,848785	393,881435	396,142087
19,862142	394,964172	396,142087
19,875499	394,955178	396,807033
19,888857	394,958983	396,807033
19,902214	395,917535	397,538228
19,915571	395,954549	397,456030
19,928928	395,968040	397,456030
19,942285	395,941749	398,502522
19,955642	396,946657	398,843583
19,969000	396,904454	398,843583
19,982357	396,939738	398,660784
19,995714	396,953575	399,632440
20,009071	397,922854	399,632440
20,022428	397,918357	399,841002
20,035786	397,924583	400,297385
20,049143	398,895593	400,297385
20,062500	398,981036	400,629858
20,075857	398,903549	400,629858
20,089214	398,918770	400,629858
20,102572	399,713705	401,727878
20,115929	399,931984	401,727878
20,129286	399,907077	401,843200
20,142643	399,919185	402,457846
20,156000	399,924719	402,457846
20,169358	399,944783	402,649232
20,182715	399,902580	402,640645
20,196072	399,929562	402,640645
20,209429	399,920222	402,640645
20,222786	399,921606	402,567034
20,236143	399,887705	402,816082
20,249501	399,931638	402,816082
20,262858	399,936135	402,724070
20,276215	399,937864	402,475022
20,289572	399,950318	402,475022
20,302929	399,929216	402,533910
20,316287	399,951010	402,533910
20,329644	399,948242	402,457846
20,343001	399,935443	402,525322
20,356358	399,936827	402,525322
20,369715	399,953085	402,558447
20,383073	399,905348	402,749833
20,396430	399,940286	402,749833
20,409787	399,948242	402,499558
20,423144	399,884938	402,358472
20,436501	399,924719	402,358472
20,449859	399,920222	402,682357
20,463216	399,884246	402,292223
20,476573	399,906039	402,292223
20,489930	399,917109	402,159724
20,503287	399,962079	402,516734
20,516644	399,913304	402,516734
20,530002	399,902580	402,674996
20,543359	399,918493	402,466434
20,556716	399,947204	402,466434
20,570073	399,917109	402,333935
20,583430	399,938902	402,408772
20,596788	399,939940	402,408772
20,610145	399,996672	402,525322
20,623502	399,878711	402,624696
20,636859	399,883554	402,624696
20,650216	399,879403	402,267686
20,663574	399,929562	402,558447
20,676931	399,974878	402,558447
20,690288	399,933713	402,208798
20,703645	399,958620	402,424721
20,717002	399,982489	402,424721
20,730360	399,949972	402,126600
20,743717	399,896353	402,765782
20,757074	399,912266	402,765782
20,770431	399,884246	402,624696
20,783788	399,849654	402,624696
20,797145	399,894278	402,475022
20,810503	399,905348	402,798907
20,823860	399,829590	402,798907
20,837217	399,900851	402,649232
20,850574	399,876636	402,259098
20,863931	399,941324	402,259098
20,877289	399,905002	402,833258
20,890646	399,974533	402,241923
20,904003	399,940632	402,241923
20,917360	399,952393	402,200210
20,930717	399,938210	402,457846
20,944075	399,881479	402,457846
20,957432	399,899121	402,192849
20,970789	399,891856	402,184261
20,984146	399,962079	402,184261
20,997503	399,903964	402,159724
21,010861	399,925411	402,300811
21,024218	399,951010	402,300811
21,037575	399,947550	402,882332
21,050932	399,908461	402,392823
21,064289	399,866950	402,392823
21,077646	399,930600	402,450485
21,091004	399,958966	402,450485
21,104361	399,879057	402,168312
21,117718	399,940632	402,168312
21,131075	399,920222	402,076299
21,144432	399,907077	402,076299
21,157790	399,937864	402,325347
21,171147	399,946167	402,325347
21,184504	399,866604	402,118012
21,197861	399,938210	402,367060
21,211218	399,903618	402,367060
21,224576	399,947204	402,259098
21,237933	399,846886	402,051763
21,251290	399,918493	402,051763
21,264647	399,950664	402,316760
21,278004	399,954123	402,192849
21,291362	399,991829	402,192849
21,304719	399,912958	402,076299
21,318076	399,909499	402,276274
21,331433	399,944783	402,276274
21,344790	399,939940	402,084887
21,358147	399,888743	402,126600
21,371505	399,935443	402,126600
21,384862	399,936827	402,241923
21,398219	399,909845	402,516734
21,411576	399,961387	402,516734
21,424933	399,879057	402,267686
21,438291	399,875252	402,367060
21,451648	399,878019	402,367060
21,465005	399,952393	402,159724
21,478362	399,874906	402,159724
21,491719	399,979721	402,259098
21,505077	399,948934	402,492197
21,518434	399,943053	402,492197
21,531791	399,954469	402,384236
21,545148	399,927487	402,109424
21,558505	399,956199	402,109424
21,571863	399,924719	402,300811
21,585220	399,922298	402,417360
21,598577	399,899467	402,417360
21,611934	399,946859	402,059124
21,625291	399,872831	402,175673
21,638648	399,893586	402,175673
21,652006	399,949280	402,358472
21,665363	399,899467	402,217386
21,678720	399,897045	402,217386
21,692077	399,913650	402,316760
21,705434	399,901888	402,392823
21,718792	399,898083	402,267686
21,732149	399,898775	402,267686
21,745506	399,903618	402,267686
21,758863	399,919530	402,208798
21,772220	399,919876	402,250510
21,785578	399,860031	402,250510
21,798935	399,915725	402,325347
21,812292	399,958274	402,192849
21,825649	399,925757	402,192849
21,839006	399,967960	402,358472
21,852364	399,978338	402,109424
21,865721	399,871101	402,109424
21,879078	399,874560	402,358472
21,892435	399,964155	402,084887
21,905792	399,962079	402,084887
21,919149	399,864874	402,100836
21,932507	399,937519	402,100836
21,945864	399,951356	402,217386
21,959221	399,891511	402,034587
21,972578	399,915725	402,034587
21,985935	399,941670	402,283635
21,999293	399,917801	402,283635
22,012650	399,950318	402,283635
22,026007	399,967268	402,450485
22,039364	399,871101	402,325347
22,052721	399,838930	402,325347
22,066079	399,896699	402,076299
22,079436	399,931638	402,483609
22,092793	399,875944	402,483609
22,106150	399,898775	402,159724
22,119507	399,949280	402,192849
22,132865	399,916763	402,192849
22,146222	399,897391	402,276274
22,159579	399,945475	402,325347
22,172936	399,921606	402,325347
22,186293	399,895316	402,159724
22,199650	399,885976	402,126600
22,213008	399,922990	402,126600
22,226365	399,963809	402,259098
22,239722	399,906385	402,259098
22,253079	399,932676	402,241923
22,266436	399,903964	402,417360
22,279794	399,951010	402,417360
22,293151	400,003936	402,175673
22,306508	399,966230	402,250510
22,319865	399,891856	402,250510
22,333222	399,938210	402,408772
22,346580	399,952393	402,276274
22,359937	399,895316	402,276274
22,373294	399,958966	402,168312
22,386651	399,952393	402,051763
22,400008	399,905693	402,051763
22,413366	399,878711	402,276274
22,426723	399,915379	402,159724
22,440080	399,880787	402,159724
22,453437	399,959658	402,025999
22,466794	399,877674	401,860376
22,480151	399,913650	401,860376
22,493509	399,954815	402,241923
22,506866	399,910882	402,433309
22,520223	399,922644	402,433309
22,533580	399,963117	402,025999
22,546937	399,881133	402,325347
22,560295	399,938210	402,325347
22,573652	399,878365	402,051763
22,587009	399,881825	402,175673
22,600366	399,882862	402,175673
22,613723	399,937173	402,400185
22,627081	399,916071	402,316760
22,640438	399,974878	402,316760
22,653795	399,926449	402,034587
22,667152	399,960696	402,241923
22,680509	399,896008	402,241923
22,693867	399,893240	402,208798
22,707224	399,933367	402,084887
22,720581	399,912958	402,118012
22,733938	399,912266	402,118012
22,747295	399,933367	402,067712
22,760652	399,912958	402,067712
22,774010	399,957236	401,984287
22,787367	399,914688	402,076299
22,800724	399,938902	402,076299
22,814081	399,903272	402,067712
22,827438	399,901542	401,959750
22,840796	399,911574	401,959750
22,854153	399,925757	402,276274
22,867510	399,935789	402,084887
22,880867	399,911574	402,084887
22,894224	399,938210	402,135188
22,907582	399,946167	402,283635
22,920939	399,909845	402,283635
22,934296	399,855188	402,333935
22,947653	399,902580	402,135188
22,961010	399,898429	402,135188
22,974368	399,919185	402,316760
22,987725	399,951356	401,952389
23,001082	399,906039	401,952389
23,014439	399,905002	402,283635
23,027796	399,958274	402,283635
23,041153	399,912958	401,926625
23,054511	399,891511	402,093475
23,067868	399,974187	402,093475
23,081225	399,915033	402,234561
23,094582	399,925757	402,234561
23,107939	399,907077	402,234561
23,121297	399,930254	402,184261
23,134654	399,917801	401,984287
23,148011	399,911920	401,984287
23,161368	399,936135	401,935213
23,174725	399,903964	402,135188
23,188083	399,902926	402,135188
23,201440	399,943745	402,001462
23,214797	399,891511	402,001462
23,228154	399,871447	401,935213
23,241511	399,893240	401,860376
23,254869	399,900851	401,860376
23,268226	399,965884	402,034587
23,281583	399,967268	401,926625
23,294940	399,948588	401,926625
23,308297	399,914688	402,076299
23,321654	399,952047	402,017411
23,335012	399,888051	402,017411
23,348369	399,921952	402,093475
23,361726	399,979721	402,093475
23,375083	399,932676	402,118012
23,388440	399,903618	401,860376
23,401798	399,898083	402,059124
23,415155	399,931984	402,059124
23,428512	399,967268	402,010050
23,441869	399,901196	402,010050
23,455226	399,972803	402,417360
23,468584	399,937864	402,051763
23,481941	399,887014	402,051763
23,495298	399,942362	402,017411
23,508655	399,923336	402,367060
23,522012	399,933367	402,367060
23,535370	399,952393	401,935213
23,548727	399,932330	401,952389
23,562084	399,937519	401,952389
23,575441	399,921260	401,926625
23,588798	399,914688	402,001462
23,602155	399,928525	402,001462
23,615513	399,860723	401,686165
23,628870	399,899121	401,968338
23,642227	399,900851	401,968338
23,655584	399,933367	401,918037
23,668941	399,954123	401,686165
23,682299	399,914688	401,686165
23,695656	399,927141	401,952389
23,709013	399,899813	402,457846
23,722370	399,909153	402,457846
23,735727	399,968306	401,935213
23,749085	399,897737	402,001462
23,762442	399,901196	402,001462
23,775799	399,964847	401,776951
23,789156	399,921606	401,918037
23,802513	399,925411	401,918037
23,815871	399,924027	402,034587
23,829228	399,909845	401,952389
23,842585	399,982835	401,952389
23,855942	399,851383	402,076299
23,869299	399,911228	402,076299
23,882656	399,867988	401,984287
23,896014	399,901888	401,992875
23,909371	399,909153	401,843200
23,922728	399,970727	401,843200
23,936085	399,892548	402,076299
23,949442	399,908461	402,076299
23,962800	399,892202	401,976926
23,976157	399,894278	401,818664
23,989514	399,879057	401,818664
24,002871	399,955853	401,984287
24,016228	399,964155	402,151137
24,029586	399,945475	402,151137
24,042943	399,892548	401,868964
24,056300	399,933713	401,768363
24,069657	399,940632	401,768363
24,083014	399,969344	401,876325
24,096372	399,906385	402,034587
24,109729	399,951702	402,034587
24,123086	399,941324	401,810076
24,136443	399,931638	401,810076
24,149800	399,980413	401,810076
24,163157	399,873176	402,017411
24,176515	399,984218	401,851788
24,189872	399,879057	401,851788
24,203229	399,897737	401,743827
24,216586	399,883208	401,743827
24,229943	399,883554	401,743827
24,243301	399,947550	401,959750
24,256658	399,897737	401,959750
24,270015	399,956890	401,810076
24,283372	399,947896	401,735239
24,296729	399,935097	401,735239
24,310087	399,901888	401,835839
24,323444	399,940978	401,984287
24,336801	399,929908	401,984287
24,350158	399,933713	401,843200
24,363515	399,960350	401,843200
24,376873	399,944783	401,860376
24,390230	399,965884	401,727878
24,403587	399,955161	401,818664
24,416944	399,939248	401,818664
24,430301	399,949972	401,611328
24,443658	399,917455	401,835839
24,457016	399,903272	401,835839
24,470373	399,971073	401,611328
24,483730	399,911574	401,611328
24,497087	399,861415	401,653041
24,510444	399,893586	401,801488
24,523802	399,939594	401,801488
24,537159	399,911920	401,543852
24,550516	399,872485	401,470242
24,563873	399,926103	401,470242
24,577230	399,909845	401,843200
24,590588	399,909153	402,025999
24,603945	399,886322	402,025999
24,617302	399,933713	401,918037
24,630659	399,939248	401,992875
24,644016	399,933713	401,992875
24,657374	399,896008	401,486191
24,670731	399,894278	401,735239
24,684088	399,916071	401,735239
24,697445	399,918493	401,968338
24,710802	399,940978	401,968338
24,724159	399,920914	401,569616
24,737517	399,887359	401,611328
24,750874	399,921606	401,611328
24,764231	399,937173	401,585565
24,777588	399,887359	401,627277
24,790945	399,980759	401,627277
24,804303	399,970036	401,561028
24,817660	399,943053	401,752414
24,831017	399,867296	401,752414
24,844374	399,947550	401,395405
24,857731	399,890127	401,686165
24,871089	399,887359	401,686165
24,884446	399,907423	401,569616
24,897803	399,889435	401,727878
24,911160	399,896353	401,727878
24,924517	399,953431	401,561028
24,937875	399,925757	401,668989
24,951232	399,913304	401,668989
24,964589	399,889781	401,294804
24,977946	399,865220	401,294804
24,991303	399,920568	401,660402
25,004660	399,949972	401,461654
25,018018	399,928870	401,893501
25,031375	399,933367	401,893501
25,044732	399,908115	401,827251
25,058089	399,890127	401,827251
25,071446	399,873176	401,768363
25,084804	399,926103	401,602740
25,098161	399,910536	401,884913
25,111518	399,930600	401,884913
25,124875	399,929908	401,884913
25,138232	399,982489	401,569616
25,151590	399,935789	401,569616
25,164947	399,855534	401,702114
25,178304	399,920914	401,702114
25,191661	399,915725	401,752414
25,205018	399,950318	401,503366
25,218375	399,936481	401,503366
25,231733	399,925411	401,561028
25,245090	399,892202	401,868964
25,258447	399,977300	401,868964
25,271804	399,930600	401,776951
25,285161	399,947550	401,893501
25,298519	399,959312	401,893501
25,311876	399,930946	401,594152
25,325233	399,932676	401,594152
25,338590	399,922990	401,486191
25,351947	399,891165	401,585565
25,365305	399,916763	401,585565
25,378662	399,894278	401,785539
25,392019	399,930600	401,336517
25,405376	399,923336	401,336517
25,418733	399,884938	401,336517
25,432091	399,910190	401,336517
25,445448	399,928870	401,710702
25,458805	399,935443	401,710702
25,472162	399,961387	401,527903
25,485519	399,924027	401,527903
25,498876	399,906385	401,702114
25,512234	399,887705	401,702114
25,525591	399,935789	401,453066
25,538948	399,926449	401,752414
25,552305	399,910882	401,752414
25,565662	399,897737	401,860376
25,579020	399,892202	401,727878
25,592377	399,923682	401,727878
25,605734	399,945821	401,618689
25,619091	399,906385	401,710702
25,632448	399,856918	401,710702
25,645806	399,911228	401,752414
25,659163	399,932330	401,602740
25,672520	399,908807	401,602740
25,685877	399,917455	401,660402
25,699234	399,908461	401,561028
25,712592	399,930946	401,561028
25,725949	399,938556	401,569616
25,739306	399,940286	401,801488
25,752663	399,942362	401,801488
25,766020	399,902580	401,653041
25,779377	399,931292	401,818664
25,792735	399,931292	401,818664
25,806092	399,912266	401,785539
25,819449	399,922298	401,611328
25,832806	399,949972	401,611328
25,846163	399,905002	401,710702
25,859521	399,898083	401,660402
25,872878	399,909499	401,660402
25,886235	399,912266	401,585565
25,899592	399,884246	401,843200
25,912949	399,918839	401,785539
25,926307	399,893240	401,653041
25,939664	399,916417	401,743827
25,953021	399,905348	401,743827
25,966378	399,952047	401,653041
25,979735	399,927487	401,719290
25,993093	399,919530	401,851788
26,006450	399,885630	401,851788
26,019807	399,925411	401,585565
26,033164	399,844119	401,585565
26,046521	399,915033	401,369641
26,059878	399,968998	401,361053
26,073236	399,941670	401,686165
26,086593	399,954469	401,686165
26,099950	399,928870	401,776951
26,113307	399,923682	401,776951
26,126664	399,937519	401,627277
26,140022	399,933022	401,552440
26,153379	399,997364	401,768363
26,166736	399,918147	401,768363
26,180093	399,936827	401,768363
26,193450	399,883554	401,653041
26,206808	399,942016	401,653041
26,220165	399,952739	401,660402
26,233522	400,007050	401,660402
26,246879	399,956544	401,511954
26,260236	399,977646	401,776951
26,273594	399,952047	401,776951
26,286951	399,920568	402,043175
26,300308	399,887705	401,702114
26,313665	399,903618	401,702114
26,327022	399,928870	401,868964
26,340379	399,874560	401,303392
26,353737	399,888051	401,303392
26,367094	399,892894	401,686165
26,380451	399,940286	401,618689
26,393808	399,904310	401,618689
26,407165	399,908807	401,843200
26,420523	399,925411	401,843200
26,433880	399,944783	401,461654
26,447237	399,921606	401,327929
26,460594	399,961387	401,327929
26,473951	399,968652	401,311980
26,487309	399,982835	401,868964
26,500666	399,891511	401,868964
26,514023	399,956199	401,585565
26,527380	399,878365	401,170894
26,540737	399,924373	401,170894
26,554095	399,923682	401,835839
26,567452	399,861415	401,602740
26,580809	399,920568	401,627277
26,594166	399,947550	401,627277
26,607523	399,967268	401,311980
26,620880	399,940632	401,311980
26,634238	399,897391	401,503366
26,647595	399,876982	401,552440
26,660952	399,939594	401,552440
26,674309	399,879057	401,594152
26,687666	399,914688	401,660402
26,701024	399,945475	401,660402
26,714381	399,873176	401,503366
26,727738	399,925757	401,561028
26,741095	399,978338	401,561028
26,754452	399,898775	401,519315
26,767810	399,958274	401,353692
26,781167	399,951702	401,353692
26,794524	399,851383	401,635865
26,807881	399,922644	401,752414
26,821238	399,939594	401,752414
26,834596	399,920222	401,543852
26,847953	399,962771	401,585565
26,861310	399,982835	401,585565
26,874667	399,944091	401,303392
26,888024	399,920222	401,868964
26,901381	399,914688	401,868964
26,914739	399,936827	401,710702
26,928096	399,901888	401,461654
26,941453	399,919876	401,461654
26,954810	399,906731	401,419942
26,968167	399,939248	401,494779
26,981525	399,979376	401,494779
26,994882	399,910190	401,585565
27,008239	399,924027	401,585565
27,021596	399,922298	401,635865
27,034953	399,923336	401,569616
27,048311	399,952739	401,536491
27,061668	399,904656	401,536491
27,075025	399,976262	401,719290
27,088382	399,928525	401,635865
27,101739	399,897045	401,635865
27,115097	399,898083	401,644453
27,128454	399,902926	401,644453
27,141811	399,937173	401,503366
27,155168	399,926449	401,503366
27,168525	399,968998	401,378229
27,181882	399,948934	401,378229
27,195240	399,921952	401,653041
27,208597	399,879057	401,727878
27,221954	399,965193	401,727878
27,235311	399,954123	401,386817
27,248668	399,937864	401,702114
27,262026	399,892548	401,702114
27,275383	399,947896	401,677577
27,288740	399,902234	401,686165
27,302097	399,946167	401,686165
27,315454	399,911574	401,411354
27,328812	399,906731	401,710702
27,342169	399,849308	401,710702
27,355526	399,928179	401,585565
27,368883	399,926449	401,585565
27,382240	399,895316	401,461654
27,395598	399,973149	401,511954
27,408955	399,933022	401,511954
27,422312	399,908807	401,428529
27,435669	399,913304	401,727878
27,449026	399,906731	401,311980
27,462383	399,918839	401,311980
27,475741	399,899467	401,668989
27,489098	399,902234	401,668989
27,502455	399,881825	401,461654
27,515812	399,923336	401,369641
27,529169	399,933713	401,369641
27,542527	399,958274	401,552440
27,555884	399,945129	401,536491
27,569241	399,894970	401,536491
27,582598	399,952739	401,536491
27,595955	399,914342	401,245731
27,609313	399,963463	401,245731
27,622670	399,905002	401,486191
27,636027	399,951010	401,411354
27,649384	399,923336	401,411354
27,662741	399,937519	401,336517
27,676099	399,902926	401,444478
27,689456	399,923336	401,444478
27,702813	399,966576	401,402766
27,716170	399,917455	401,552440
27,729527	399,969690	401,552440
27,742884	399,894624	401,527903
27,756242	399,927141	401,453066
27,769599	399,952047	401,453066
27,782956	399,957582	401,311980
27,796313	399,919185	401,303392
27,809670	399,898429	401,303392
27,823028	399,953085	401,369641
27,836385	399,911920	401,668989
27,849742	399,918493	401,668989
27,863099	399,880441	401,212606
27,876456	399,912612	401,345104
27,889814	399,922644	401,345104
27,903171	399,967614	401,843200
27,916528	399,936481	401,552440
27,929885	399,944783	401,552440
27,943242	399,934405	401,378229
27,956600	399,906731	401,543852
27,969957	399,949280	401,543852
27,983314	399,932676	401,353692
27,996671	399,937173	401,461654
28,010028	399,906731	401,461654
28,023385	399,921606	401,045756
28,036743	399,944783	401,045756
28,050100	399,974533	401,212606
28,063457	399,976608	401,319341
28,076814	399,913304	401,435890
28,090171	399,913304	401,435890
28,103529	399,929216	401,710702
28,116886	399,960004	401,710702
28,130243	399,917109	401,519315
28,143600	399,930254	402,168312
28,156957	399,901888	402,168312
28,170315	399,974878	401,470242
28,183672	399,940286	401,543852
28,197029	399,911228	401,543852
28,210386	399,948588	401,145130
28,223743	399,905693	401,486191
28,237101	399,914688	401,486191
28,250458	399,973149	401,204018
28,263815	399,965539	401,444478
28,277172	399,944437	401,444478
28,290529	399,924373	401,378229
28,303886	400,003936	400,920619
28,317244	399,921260	400,920619
28,330601	399,937864	401,103417
28,343958	399,963117	401,660402
28,357315	399,967960	401,660402
28,370672	399,898775	401,776951
28,384030	399,961387	401,776951
28,397387	399,922298	401,212606
28,410744	399,943399	401,511954
28,424101	399,931292	401,511954
28,437458	399,935097	401,694753
28,450816	399,964847	401,618689
28,464173	399,925065	401,618689
28,477530	399,943399	401,503366
28,490887	399,934059	401,453066
28,504244	399,926103	401,453066
28,517602	399,946167	401,395405
28,530959	399,931984	401,677577
28,544316	399,932330	401,677577
28,557673	399,915379	401,503366
28,571030	399,890127	401,503366
28,584387	399,906385	401,618689
28,597745	399,889089	401,278855
28,611102	399,910190	401,278855
28,624459	399,885630	401,569616
28,637816	399,956544	401,486191
28,651173	399,930600	401,561028
28,664531	399,859339	401,561028
28,677888	399,880095	401,668989
28,691245	399,945475	401,411354
28,704602	400,001169	401,411354
28,717959	399,887359	401,386817
28,731317	399,969690	401,386817
28,744674	399,948934	401,851788
28,758031	399,945821	401,668989
28,771388	399,973841	401,411354
28,784745	399,900851	401,411354
28,798103	399,928525	401,494779
28,811460	399,931292	401,494779
28,824817	399,907077	401,561028
28,838174	399,969690	401,561028
28,851531	399,921260	401,561028
28,864888	399,924373	401,611328
28,878246	399,956544	401,435890
28,891603	399,887359	401,435890
28,904960	399,964847	401,402766
28,918317	399,890819	401,618689
28,931674	399,949972	401,618689
28,945032	399,915033	401,569616
28,958389	399,993558	401,345104
28,971746	399,906731	401,345104
28,985103	399,923682	401,402766
28,998460	399,883900	401,552440
29,011818	399,900505	401,552440
29,025175	399,957236	401,519315
29,038532	399,931638	401,710702
29,051889	399,916071	401,710702
29,065246	399,958274	401,668989
29,078604	399,892548	401,444478
29,091961	399,958966	401,444478
29,105318	399,993213	401,561028
29,118675	399,904656	401,444478
29,132032	399,925757	401,444478
29,145389	399,939248	401,204018
29,158747	399,908807	401,204018
29,172104	399,974533	400,979507
29,185461	399,945129	401,635865
29,198818	399,973841	401,635865
29,212175	399,920568	401,435890
29,225533	399,927141	401,428529
29,238890	399,903964	401,428529
29,252247	399,966230	401,727878
29,265604	399,935097	401,419942
29,278961	399,929908	401,419942
29,292319	399,964847	401,402766
29,305676	399,911228	400,913258
29,319033	399,931638	400,913258
29,332390	399,957236	401,319341
29,345747	399,879057	401,470242
29,359105	399,943053	401,470242
29,372462	399,929908	401,453066
29,385819	399,929908	401,336517
29,399176	399,971419	401,336517
29,412533	399,907077	401,186842
29,425890	399,958620	401,178255
29,439248	399,933713	401,178255
29,452605	399,937864	401,602740
29,465962	399,916071	401,120593
29,479319	399,931638	401,120593
29,492676	399,966230	401,228555
29,506034	399,945821	401,453066
29,519391	399,941324	401,453066
29,532748	399,906731	401,195430
29,546105	399,959658	401,120593
29,559462	399,974533	401,120593
29,572820	399,888051	401,311980
29,586177	399,914342	401,453066
29,599534	399,919530	401,453066
29,612891	399,884246	401,419942
29,626248	399,913304	401,461654
29,639606	399,869025	401,461654
29,652963	399,942707	401,411354
29,666320	399,918147	401,653041
29,679677	399,897737	401,653041
29,693034	399,931292	401,402766
29,706391	399,937173	401,287443
29,719749	399,889089	401,287443
29,733106	399,935443	401,511954
29,746463	399,879403	401,611328
29,759820	399,933022	401,611328
29,773177	399,949626	401,419942
29,786535	399,973495	401,270267
29,799892	399,884938	401,270267
29,813249	399,948934	401,186842
29,826606	399,915725	401,186842
29,839963	399,935443	401,186842
29,853321	399,963117	401,261679
29,866678	399,941670	401,287443
29,880035	399,892548	401,287443
29,893392	399,940632	401,428529
29,906749	399,894624	401,327929
29,920107	399,956544	401,327929
29,933464	399,936827	401,444478
29,946821	399,922990	401,453066
29,960178	399,934059	401,453066
29,973535	399,890127	401,270267
29,986892	399,912958	401,470242
30,000250	399,878365	401,470242
30,013607	399,943745	401,204018
30,026964	399,926449	401,204018
30,040321	399,961733	401,461654
30,053678	399,920222	401,585565
30,067036	399,964155	401,585565
30,080393	399,906039	401,162306
30,093750	399,939940	401,219967
30,107107	399,931292	401,219967
30,120464	399,933367	401,327929
30,133822	399,906385	401,419942
30,147179	399,947550	401,419942
30,160536	399,971073	401,261679
30,173893	399,931638	401,237143
30,187250	399,918839	401,237143
30,200608	399,929908	401,428529
30,213965	399,916417	401,444478
30,227322	399,968652	401,444478
30,240679	399,926103	401,345104
30,254036	399,973149	401,311980
30,267393	399,929908	401,311980
30,280751	399,917801	401,618689
30,294108	399,943399	401,818664
30,307465	399,948588	401,818664
30,320822	399,956890	401,129181
30,334179	399,966922	401,327929
30,347537	399,922990	401,327929
30,360894	399,866258	401,219967
30,374251	399,916071	401,361053
30,387608	399,976954	401,361053
30,400965	399,920914	401,303392
30,414323	399,943745	401,294804
30,427680	399,883900	401,294804
30,441037	399,964155	401,503366
30,454394	399,940978	401,503366
30,467751	399,886322	401,519315
30,481109	399,936481	401,453066
30,494466	399,976262	401,453066
30,507823	399,953777	401,378229
30,521180	399,950318	401,287443
30,534537	399,892202	401,287443
30,547894	399,931292	401,319341
30,561252	399,941324	401,345104
30,574609	399,952739	401,345104
30,587966	399,888051	401,078881
30,601323	399,914342	401,327929
30,614680	399,964501	401,327929
30,628038	399,859685	401,327929
30,641395	399,911228	401,635865
30,654752	399,952047	401,635865
30,668109	399,938556	401,486191
30,681466	399,954815	401,486191
30,694824	399,952393	401,511954
30,708181	399,916071	401,428529
30,721538	399,992521	401,428529
30,734895	399,903272	401,212606
30,748252	399,917109	401,486191
30,761610	399,921952	401,719290
30,774967	399,943745	401,719290
30,788324	399,981105	401,336517
30,801681	399,960350	401,336517
30,815038	399,913650	401,635865
30,828395	399,973841	401,428529
30,841753	399,937864	401,428529
30,855110	399,925411	401,543852
30,868467	399,884246	401,294804
30,881824	399,974187	401,294804
30,895181	399,907769	401,186842
30,908539	399,938210	401,611328
30,921896	400,000131	401,611328
30,935253	399,918493	401,237143
30,948610	399,952739	401,543852
30,961967	399,881133	401,543852
30,975325	399,943745	401,419942
30,988682	399,927487	401,611328
31,002039	399,923682	401,611328
31,015396	399,958966	401,219967
31,028753	399,912266	401,237143
31,042111	399,960696	401,237143
31,055468	399,961733	401,369641
31,068825	399,942707	401,237143
31,082182	399,938210	401,237143
31,095539	399,944091	401,261679
31,108896	399,932676	401,287443
31,122254	399,929908	401,287443
31,135611	399,931984	401,353692
31,148968	399,953085	401,311980
31,162325	399,957928	401,311980
31,175682	399,908807	401,136542
31,189040	399,943053	401,136542
31,202397	399,960004	401,136542
31,215754	399,944091	401,294804
31,229111	399,959312	401,219967
31,242468	399,987678	401,219967
31,255826	399,934059	401,136542
31,269183	399,936135	401,004044
31,282540	399,927833	401,004044
31,295897	399,959312	401,378229
31,309254	399,949280	401,378229
31,322612	399,970727	401,378229
31,335969	399,892548	401,237143
31,349326	399,952739	401,237143
31,362683	399,956544	401,395405
31,376040	399,918839	401,212606
31,389397	399,865566	401,212606
31,402755	399,924719	401,120593
31,416112	399,902580	401,327929
31,429469	399,921260	401,327929
31,442826	399,926103	401,195430
31,456183	399,929908	401,195430
31,469541	399,952393	401,195430
31,482898	399,916763	401,319341
31,496255	399,876982	401,120593
31,509612	399,914688	401,311980
31,522969	399,981797	401,311980
31,536327	399,950318	401,029807
31,549684	399,877674	401,162306
31,563041	399,874906	401,162306
31,576398	399,929216	401,162306
31,589755	399,892202	401,129181
31,603113	399,931292	401,129181
31,616470	399,935443	400,979507
31,629827	399,927833	400,854370
31,643184	399,907769	400,854370
31,656541	399,894278	401,045756
31,669898	399,888397	401,186842
31,683256	399,926103	401,186842
31,696613	399,884938	401,162306
31,709970	399,937173	401,070293
31,723327	399,944437	401,070293
31,736684	399,979721	401,070293
31,750042	399,943745	401,078881
31,763399	399,914342	401,078881
31,776756	399,926795	401,120593
31,790113	399,926449	401,120593
31,803470	399,960696	401,021219
31,816828	399,931984	401,145130
31,830185	399,871793	401,145130
31,843542	399,927833	401,045756
31,856899	399,894278	401,245731
31,870256	399,919876	401,245731
31,883614	399,924027	401,395405
31,896971	399,941324	401,287443
31,910328	399,921606	401,287443
31,923685	399,929216	401,170894
31,937042	399,941324	401,054344
31,950399	399,935097	401,054344
31,963757	399,956199	400,988095
31,977114	399,976608	401,162306
31,990471	399,925411	401,162306
32,003828	399,973841	400,772171
32,017185	399,962425	400,772171
32,030543	399,922990	400,946382
32,043900	399,897737	400,580785
32,057257	399,883554	400,580785
32,070614	399,928870	400,629858
32,083971	399,959312	401,078881
32,097329	399,847232	401,162306
32,110686	399,917455	401,162306
32,124043	399,929562	400,772171
32,137400	399,921606	400,772171
32,150757	399,903964	401,054344
32,164115	399,944783	401,054344
32,177472	399,883554	401,054344
32,190829	399,872485	400,838421
32,204186	399,902580	400,862957
32,217543	399,937173	400,862957
32,230900	399,950318	401,062932
32,244258	399,891511	401,062932
32,257615	399,987678	401,062932
32,270972	399,917109	401,037168
32,284329	399,872139	400,812657
32,297686	399,942016	400,812657
32,311044	399,962771	401,303392
32,324401	399,966230	401,087469
32,337758	399,945129	400,754996
32,351115	399,920222	400,754996
32,364472	399,911228	401,219967
32,377830	399,908115	401,219967
32,391187	399,930600	401,096056
32,404544	399,911228	401,212606
32,417901	399,849308	401,212606
32,431258	399,952739	400,920619
32,444616	399,962079	401,045756
32,457973	399,907423	401,045756
32,471330	399,970036	401,129181
32,484687	399,948934	401,186842
32,498044	399,956544	401,186842
32,511401	399,970727	400,979507
32,524759	399,844119	400,704695
32,538116	399,937864	400,704695
32,551473	399,928525	401,096056
32,564830	399,960350	401,103417
32,578187	399,862453	401,103417
32,591545	399,904310	401,096056
32,604902	399,985602	401,012632
32,618259	399,946513	401,012632
32,631616	399,951702	400,904670
32,644973	399,909499	400,995456
32,658331	399,915379	400,995456
32,671688	399,959658	401,103417
32,685045	399,920568	401,045756
32,698402	399,942362	401,045756
32,711759	399,945129	401,037168
32,725117	399,907423	400,954970
32,738474	399,980759	400,954970
32,751831	399,895316	401,204018
32,765188	399,944091	401,278855
32,778545	399,978338	401,278855
32,791902	399,916417	401,012632
32,805260	399,911920	400,862957
32,818617	399,949626	400,862957
32,831974	399,934405	401,253092
32,845331	399,956199	401,062932
32,858688	399,910882	401,062932
32,872046	399,836163	401,219967
32,885403	399,930600	401,219967
32,898760	399,954815	401,004044
32,912117	399,915725	401,087469
32,925474	399,949280	401,087469
32,938832	399,892894	401,120593
32,952189	399,981105	400,988095
32,965546	399,924027	400,988095
32,978903	399,895316	401,070293
32,992260	399,940632	401,345104
33,005618	399,956544	401,345104
33,018975	399,964155	401,327929
33,032332	399,922644	400,979507
33,045689	399,941670	400,979507
33,059046	399,942362	401,311980
33,072403	399,934751	401,136542
33,085761	399,903618	401,136542
33,099118	399,936135	401,037168
33,112475	399,908461	401,278855
33,125832	399,963809	401,278855
33,139189	399,932676	401,444478
33,152547	399,890127	401,162306
33,165904	399,907423	401,162306
33,179261	399,981451	400,988095
33,192618	399,962079	400,862957
33,205975	399,933022	400,862957
33,219333	399,964155	401,228555
33,232690	399,886322	401,186842
33,246047	399,897045	400,995456
33,259404	399,926449	400,995456
33,272761	399,938210	401,129181
33,286119	399,880095	401,037168
33,299476	399,883900	401,037168
33,312833	399,924719	400,920619
33,326190	399,980413	401,103417
33,339547	399,935443	401,103417
33,352904	399,936135	400,946382
33,366262	399,911574	400,946382
33,379619	399,932676	401,345104
33,392976	399,948934	400,878906
33,406333	399,925411	400,878906
33,419690	399,923682	401,012632
33,433048	399,954469	401,261679
33,446405	399,902580	401,261679
33,459762	399,945475	401,311980
33,473119	399,949280	401,096056
33,486476	399,977300	401,096056
33,499834	399,953431	400,995456
33,513191	399,948588	401,004044
33,526548	399,935789	401,004044
33,539905	399,883208	401,012632
33,553262	399,934059	401,585565
33,566620	399,917455	401,585565
33,579977	399,929562	400,995456
33,593334	399,881133	401,228555
33,606691	399,943745	401,228555
33,620048	399,891856	401,120593
33,633405	399,949626	401,120593
33,646763	399,933022	401,228555
33,660120	399,935097	400,838421
33,673477	399,921606	400,838421
33,686834	399,927487	400,779532
33,700191	399,904310	401,037168
33,713549	399,978684	400,929207
33,726906	399,920222	400,929207
33,740263	399,933022	401,112005
33,753620	399,907077	400,962331
33,766977	399,933022	400,962331
33,780335	399,860377	401,170894
33,793692	399,924373	401,170894
33,807049	399,996672	401,062932
33,820406	399,913304	400,878906
33,833763	399,925065	400,878906
33,847121	399,893932	400,821245
33,860478	399,951356	401,153718
33,873835	399,873522	401,153718
33,887192	399,904310	401,045756
33,900549	399,892548	401,237143
33,913906	399,885630	401,145130
33,927264	399,915379	401,145130
33,940621	399,902234	401,012632
33,953978	399,885976	401,012632
33,967335	399,980413	401,070293
33,980692	399,948588	401,212606
33,994050	399,976954	401,212606
34,007407	399,984218	401,287443
34,020764	399,928525	401,070293
34,034121	399,912958	401,070293
34,047478	399,887359	400,829833
34,060836	399,886668	401,303392
34,074193	399,911920	401,303392
34,087550	399,922644	401,162306
34,100907	399,918839	401,186842
34,114264	399,953085	401,186842
34,127622	399,906731	400,845782
34,140979	399,913304	401,212606
34,154336	399,903964	401,212606
34,167693	399,881479	401,078881
34,181050	399,934405	401,096056
34,194407	399,930946	401,096056
34,207765	399,916071	400,887494
34,221122	399,894278	400,829833
34,234479	399,886322	400,829833
34,247836	399,958620	401,012632
34,261193	399,906385	401,012632
34,274551	399,883554	401,012632
34,287908	399,920568	401,012632
34,301265	399,933367	400,788120
34,314622	399,930600	400,788120
34,327979	399,947204	401,087469
34,341337	399,891165	400,904670
34,354694	399,933022	400,904670
34,368051	399,879403	401,087469
34,381408	399,961733	401,021219
34,394765	399,939940	401,021219
34,408123	399,905348	400,937794
34,421480	399,973841	400,946382
34,434837	399,936481	400,946382
34,448194	399,886322	401,186842
34,461551	399,943399	401,186842
34,474908	399,912266	401,112005
34,488266	399,865566	401,195430
34,501623	399,933713	400,838421
34,514980	399,953777	400,838421
34,528337	399,950664	401,004044
34,541694	399,931292	401,004044
34,555052	399,966576	401,129181
34,568409	399,970036	400,995456
34,581766	399,918147	400,995456
34,595123	399,904656	401,219967
34,608480	399,943399	401,078881
34,621838	399,915379	401,078881
34,635195	399,941670	401,021219
34,648552	399,919185	401,054344
34,661909	399,925065	401,054344
34,675266	399,923336	400,763584
34,688624	399,967614	401,070293
34,701981	399,990099	401,070293
34,715338	399,947204	400,896082
34,728695	399,918839	400,589373
34,742052	399,925065	400,589373
34,755409	399,923682	401,270267
34,768767	399,955161	400,962331
34,782124	399,954815	400,962331
34,795481	399,971765	401,195430
34,808838	399,944783	401,453066
34,822195	399,949972	401,453066
34,835553	399,850691	400,805296
34,848910	399,958274	401,070293
34,862267	399,892202	401,070293
34,875624	399,873522	400,937794
34,888981	399,935789	400,937794
34,902339	400,003936	401,186842
34,915696	399,938210	401,219967
34,929053	399,892202	401,219967
34,942410	399,961387	400,779532
34,955767	399,963117	400,946382
34,969125	399,889089	400,946382
34,982482	399,918839	400,763584
34,995839	399,902234	400,788120
35,009196	399,954815	400,788120
35,022553	399,858648	400,929207
35,035910	399,920914	400,878906
35,049268	399,931292	400,878906
35,062625	399,894970	400,772171
35,075982	399,968306	400,796708
35,089339	399,985256	400,796708
35,102696	399,958966	400,871545
35,116054	399,945821	400,970919
35,129411	399,913304	400,970919
35,142768	399,913304	400,878906
35,156125	399,949972	400,688746
35,169482	399,907769	400,688746
35,182840	399,958620	400,979507
35,196197	399,940978	400,222548
35,209554	399,948934	400,222548
35,222911	399,902580	400,647034
35,236268	399,981105	401,253092
35,249625	399,945475	401,253092
35,262983	399,901196	400,812657
35,276340	399,940978	400,647034
35,289697	399,912612	400,647034
35,303054	399,917455	401,037168
35,316411	399,956890	401,021219
35,329769	399,960004	401,021219
35,343126	399,900851	400,513309
35,356483	399,948588	400,737820
35,369840	399,980759	400,737820
35,383197	399,911574	400,845782
35,396555	399,949626	400,845782
35,409912	399,897045	400,920619
35,423269	399,963809	400,721871
35,436626	399,935097	400,721871
35,449983	399,908461	400,871545
35,463341	399,928525	401,004044
35,476698	399,934059	401,004044
35,490055	399,956890	400,779532
35,503412	399,966576	400,721871
35,516769	399,957236	400,721871
35,530126	399,909845	400,605322
35,543484	399,944783	401,078881
35,556841	399,880441	401,078881
35,570198	399,908115	401,103417
35,583555	399,914342	400,737820
35,596912	399,936481	400,737820
35,610270	399,915033	400,854370
35,623627	399,984564	400,688746
35,636984	399,952393	400,688746
35,650341	399,921952	400,763584
35,663698	399,926795	400,746408
35,677056	399,927487	400,746408
35,690413	399,849308	400,662983
35,703770	399,962771	400,713283
35,717127	399,891511	400,713283
35,730484	399,935097	400,572197
35,743842	399,987678	400,613909
35,757199	399,927487	400,613909
35,770556	399,937173	400,871545
35,783913	399,896008	400,688746
35,797270	399,904310	400,688746
35,810627	399,892202	400,589373
35,823985	399,945821	400,788120
35,837342	399,934751	400,788120
35,850699	399,932676	400,962331
35,864056	399,976608	400,647034
35,877413	399,928870	400,647034
35,890771	399,921606	400,854370
35,904128	399,926795	400,970919
35,917485	399,937864	400,970919
35,930842	399,937173	400,621270
35,944199	399,928179	400,812657
35,957557	399,899467	400,812657
35,970914	399,927833	400,862957
35,984271	399,917109	400,970919
35,997628	399,931292	400,970919
36,010985	399,971073	400,438472
36,024343	399,907769	400,438472
36,037700	399,875598	400,812657
36,051057	399,943745	400,763584
36,064414	399,946513	400,763584
36,077771	399,979721	400,704695
36,091128	399,899467	400,746408
36,104486	399,958966	400,746408
36,117843	399,929216	400,929207
36,131200	399,922990	400,713283
36,144557	399,924373	400,713283
36,157914	399,892202	401,012632
36,171272	399,919530	400,929207
36,184629	399,911574	400,929207
36,197986	399,939940	400,505948
36,211343	399,900505	400,772171
36,224700	399,925411	400,772171
36,238058	399,935789	400,995456
36,251415	399,881825	400,662983
36,264772	399,922990	400,662983
36,278129	399,901542	400,662983
36,291486	399,899467	400,763584
36,304844	399,901888	400,763584
36,318201	399,939248	400,721871
36,331558	399,957236	401,029807
36,344915	399,943745	401,029807
36,358272	399,934405	401,162306
36,371629	399,948588	400,862957
36,384987	399,953085	400,862957
36,398344	399,937519	400,920619
36,411701	399,935443	400,796708
36,425058	399,908461	400,796708
36,438415	399,915725	400,396759
36,451773	399,916071	400,488772
36,465130	399,940632	400,488772
36,478487	399,871447	400,647034
36,491844	399,910882	400,655622
36,505201	399,921606	400,655622
36,518559	399,921952	400,347686
36,531916	399,880095	400,671571
36,545273	399,961041	400,671571
36,558630	399,900505	400,589373
36,571987	399,913304	400,589373
36,585345	399,975224	400,572197
36,598702	399,931984	400,772171
36,612059	399,940286	400,838421
36,625416	399,842389	400,838421
36,638773	399,981451	400,480184
36,652130	399,873522	400,480184
36,665488	399,900505	400,547660
36,678845	400,008779	400,547660
36,692202	399,978338	400,613909
36,705559	399,935789	400,613909
36,718916	399,908807	400,555021
36,732274	399,942362	400,821245
36,745631	399,928525	400,821245
36,758988	399,949626	400,422523
36,772345	399,927833	400,929207
36,785702	399,925065	400,929207
36,799060	399,979030	400,796708
36,812417	399,941670	400,796708
36,825774	399,947550	400,878906
36,839131	399,919530	400,389398
36,852488	399,901196	400,389398
36,865846	399,964847	400,521897
36,879203	399,882516	400,521897
36,892560	399,919530	400,521897
36,905917	399,940632	400,688746
36,919274	399,948934	400,721871
36,932631	399,910190	400,721871
36,945989	399,919530	400,671571
36,959346	399,920914	400,455647
36,972703	399,923682	400,455647
36,986060	399,950664	400,862957
36,999417	399,889089	400,572197
37,012775	399,909845	400,572197
37,026132	399,904310	400,621270
37,039489	399,996672	400,688746
37,052846	399,888051	400,688746
37,066203	399,863491	400,572197
37,079561	399,940632	400,438472
37,092918	399,912958	400,438472
37,106275	399,938556	400,655622
37,119632	399,933022	400,680159
37,132989	399,894970	400,680159
37,146347	399,938902	400,589373
37,159704	399,917801	400,721871
37,173061	399,864528	400,721871
37,186418	399,851037	400,629858
37,199775	399,931292	400,521897
37,213132	399,922990	400,521897
37,226490	399,956544	400,713283
37,239847	399,965884	400,962331
37,253204	399,962079	400,962331
37,266561	399,974878	400,638446
37,279918	399,942016	400,447060
37,293276	399,888051	400,447060
37,306633	399,911228	400,788120
37,319990	399,892894	400,696107
37,333347	399,924027	400,696107
37,346704	399,967614	400,671571
37,360062	399,961733	400,962331
37,373419	399,919185	400,962331
37,386776	399,910190	400,838421
37,400133	399,905348	400,589373
37,413490	399,915033	400,589373
37,426848	399,872139	400,605322
37,440205	399,905693	400,539072
37,453562	399,892548	400,539072
37,466919	399,909153	400,447060
37,480276	399,931292	400,647034
37,493633	399,952047	400,647034
37,506991	399,946167	400,464235
37,520348	399,858994	400,772171
37,533705	399,947204	400,772171
37,547062	399,937173	400,513309
37,560419	399,997710	400,513309
37,573777	399,916763	401,012632
37,587134	399,938902	400,946382
37,600491	399,900851	400,946382
37,613848	399,977300	400,605322
37,627205	399,953777	400,589373
37,640563	399,902926	400,589373
37,653920	399,975916	400,629858
37,667277	399,928179	400,704695
37,680634	399,925065	400,704695
37,693991	399,905002	400,829833
37,707349	399,914688	400,572197
37,720706	399,918147	400,572197
37,734063	399,943399	400,596734
37,747420	399,916763	400,464235
37,760777	399,908115	400,688746
37,774134	399,973841	400,688746
37,787492	399,937864	400,605322
37,800849	399,922298	400,629858
37,814206	399,913304	400,629858
37,827563	399,912266	400,281436
37,840920	399,909499	400,605322
37,854278	399,885630	400,605322
37,867635	399,906731	401,078881
37,880992	399,946167	400,596734
37,894349	399,911574	400,596734
37,907706	399,994596	400,704695
37,921064	399,942707	400,696107
37,934421	399,938902	400,696107
37,947778	400,000823	400,472823
37,961135	399,941670	400,871545
37,974492	399,942707	400,871545
37,987850	399,924373	400,796708
38,001207	399,945129	400,447060
38,014564	399,936827	400,447060
38,027921	399,905348	400,763584
38,041278	399,953085	400,979507
38,054635	399,912612	400,979507
38,067993	399,900159	400,995456
38,081350	399,907769	400,737820
38,094707	399,928525	400,737820
38,108064	399,963117	400,763584
38,121421	399,891511	400,629858
38,134779	399,891165	400,629858
38,148136	399,896353	400,805296
38,161493	399,985602	400,812657
38,174850	399,907077	400,812657
38,188207	399,926103	400,821245
38,201565	399,937173	400,788120
38,214922	399,898429	400,788120
38,228279	399,983181	400,878906
38,241636	399,930254	400,896082
38,254993	399,959312	400,896082
38,268351	399,905002	401,395405
38,281708	399,929908	400,422523
38,295065	399,924027	400,422523
38,308422	399,947550	400,173475
38,321779	399,936481	400,480184
38,335136	399,925411	400,480184
38,348494	399,910882	400,713283
38,361851	399,921260	400,331737
38,375208	399,911920	400,331737
38,388565	399,905002	400,513309
38,401922	399,938210	400,946382
38,415280	399,945129	400,946382
38,428637	399,959312	400,763584
38,441994	399,895662	400,589373
38,455351	399,920222	400,589373
38,468708	399,882516	400,505948
38,482066	399,912612	400,871545
38,495423	399,947550	400,871545
38,508780	399,941324	400,746408
38,522137	399,907423	400,629858
38,535494	399,961041	400,629858
38,548852	399,947204	400,721871
38,562209	399,930254	400,913258
38,575566	399,948242	400,913258
38,588923	399,996672	400,688746
38,602280	399,851729	400,513309
38,615637	399,931638	400,513309
38,628995	399,947204	400,845782
38,642352	399,921260	400,845782
38,655709	399,948588	400,878906
38,669066	399,935097	400,713283
38,682423	399,892202	400,713283
38,695781	399,981451	400,455647
38,709138	399,915725	400,779532
38,722495	399,891856	400,779532
38,735852	399,954815	400,696107
38,749209	399,910882	400,737820
38,762567	399,938902	400,671571
38,775924	399,983527	400,671571
38,789281	399,952739	400,713283
38,802638	399,971765	400,713283
38,815995	399,940978	400,464235
38,829353	399,913304	400,647034
38,842710	399,991829	400,647034
38,856067	399,913304	401,021219
38,869424	399,985256	400,871545
38,882781	399,944437	400,871545
38,896138	399,938902	400,480184
38,909496	399,892202	400,638446
38,922853	399,946513	400,638446
38,936210	399,876636	400,730459
38,949567	399,879057	400,613909
38,962924	399,959658	400,613909
38,976282	399,887359	400,605322
38,989639	399,956199	400,805296
39,002996	399,874906	400,805296
39,016353	399,919185	400,547660
39,029710	399,948934	400,754996
39,043068	399,915379	400,754996
39,056425	399,861761	400,730459
39,069782	399,921260	400,688746
39,083139	399,885284	400,688746
39,096496	399,906385	400,680159
39,109854	399,961041	400,513309
39,123211	399,896699	400,513309
39,136568	399,943399	400,772171
39,149925	399,845157	400,530484
39,163282	399,879749	400,530484
39,176639	399,911920	400,688746
39,189997	399,891165	400,688746
39,203354	399,990445	400,763584
39,216711	399,968998	400,788120
39,230068	399,958966	400,788120
39,243425	399,898083	400,746408
39,256783	399,919876	400,688746
39,270140	399,969344	400,845782
39,283497	399,905002	400,845782
39,296854	399,939248	400,805296
39,310211	399,925757	400,805296
39,323569	399,900851	400,447060
39,336926	399,890127	400,555021
39,350283	399,985256	400,555021
39,363640	399,949972	400,680159
39,376997	399,930254	400,913258
39,390355	399,989753	400,913258
39,403712	399,985256	400,704695
39,417069	399,966576	400,521897
39,430426	399,904310	400,521897
39,443783	399,911920	400,805296
39,457140	399,874560	400,854370
39,470498	399,978684	400,805296
39,483855	399,914342	400,805296
39,497212	399,894624	400,788120
39,510569	399,902234	400,788120
39,523926	399,956890	400,763584
39,537284	399,983527	400,970919
39,550641	399,927833	400,704695
39,563998	399,927487	400,704695
39,577355	399,903272	400,937794
39,590712	399,938556	400,937794
39,604070	399,894970	401,004044
39,617427	399,926449	400,730459
39,630784	399,877674	400,730459
39,644141	399,931984	400,805296
39,657498	399,913304	401,062932
39,670856	399,926795	401,037168
39,684213	399,911920	401,037168
39,697570	399,942707	400,979507
39,710927	399,886322	400,829833
39,724284	399,943745	400,829833
39,737641	399,870063	400,206599
39,750999	399,914688	400,772171
39,764356	399,975224	400,772171
39,777713	399,843081	400,396759
39,791070	399,920222	400,589373
39,804427	399,913996	400,589373
39,817785	399,900159	400,589373
39,831142	399,956544	400,721871
39,844499	399,897737	400,721871
39,857856	399,909845	401,021219
39,871213	399,916071	400,580785
39,884571	399,952047	400,580785
39,897928	399,892202	400,920619
39,911285	399,892202	400,589373
39,924642	399,924373	400,589373
39,937999	399,918839	400,845782
39,951357	399,933022	400,845782
39,964714	399,938210	400,605322
39,978071	399,919530	400,713283
39,991428	399,894624	400,737820
40,004785	399,947204	400,737820
40,018142	399,827168	400,572197
40,031500	399,911228	400,572197
40,044857	399,943745	400,488772
40,058214	399,960004	400,713283
40,071571	399,922990	400,713283
40,084928	399,972111	400,887494
40,098286	399,903272	400,920619
40,111643	399,964501	400,920619
40,125000	399,955507	400,696107
40,138357	399,915033	400,655622
