Zeit [s]  Piezo[nm]  MEMS[nm]
eoh
0,013370	0,017286	0,000000
0,026741	19,961793	0,000000
0,040111	19,972511	4,205598
0,053481	19,959719	4,205598
0,066852	20,000169	20,144669
0,080222	19,954533	20,302931
0,093593	19,905440	20,128720
0,106963	19,906132	20,153257
0,120333	19,897834	20,153257
0,133704	19,911318	20,053883
0,147074	19,941741	20,245269
0,160444	19,920652	20,245269
0,173815	19,940013	20,186381
0,187185	19,942087	19,921384
0,200556	19,896106	19,921384
0,213926	19,944507	19,979046
0,227296	19,948310	19,921384
0,240667	19,922035	19,921384
0,254037	19,924109	19,754534
0,267407	19,954533	20,078419
0,280778	19,954879	20,078419
0,294148	19,912009	19,879672
0,307519	19,974239	20,194969
0,320889	19,933444	20,194969
0,334259	19,924109	19,837959
0,347630	19,935518	20,045295
0,361000	20,012269	20,045295
0,374370	20,036815	20,203557
0,387741	19,964905	20,278394
0,401111	19,907169	20,278394
0,414481	19,936555	19,696873
0,427852	19,953150	19,696873
0,441222	19,973894	19,862496
0,454593	19,928604	20,095595
0,467963	19,940358	20,095595
0,481333	19,947964	19,904209
0,494704	19,940013	19,745947
0,508074	19,908552	19,745947
0,521444	19,949693	20,062471
0,534815	19,905095	19,655161
0,548185	19,925838	19,655161
0,561556	19,960065	19,879672
0,574926	19,978042	20,153257
0,588296	19,975277	20,153257
0,601667	19,950039	19,846547
0,615037	19,933790	20,137308
0,628407	19,942087	20,137308
0,641778	19,951422	19,862496
0,655148	19,967671	19,862496
0,668519	19,974931	19,488311
0,681889	19,926529	19,712822
0,695259	19,950039	19,712822
0,708630	19,945199	20,020758
0,722000	19,975968	19,994995
0,735370	19,964213	19,994995
0,748741	19,883314	19,563148
0,762111	19,969399	19,837959
0,775481	19,998786	19,837959
0,788852	19,997403	19,887033
0,802222	19,939667	20,069832
0,815593	19,981500	20,069832
0,828963	19,960410	19,721410
0,842333	19,908898	19,688285
0,855704	19,977351	19,688285
0,869074	19,954187	19,829371
0,882444	19,973894	20,003582
0,895815	19,935864	20,003582
0,909185	19,946581	20,012170
0,922556	19,951767	19,853908
0,935926	19,918924	19,853908
0,949296	19,971819	19,745947
0,962667	19,904749	20,186381
0,976037	19,953150	20,186381
0,989407	19,902674	20,069832
1,002778	19,958336	20,294343
1,016148	19,938284	20,294343
1,029519	19,912009	20,012170
1,042889	19,924109	19,961870
1,056259	19,955916	19,961870
1,069630	19,945199	19,887033
1,083000	19,933098	19,804835
1,096370	19,969053	19,804835
1,109741	19,925838	19,945921
1,123111	19,898872	19,912796
1,136481	19,986340	19,912796
1,149852	19,968016	19,571736
1,163222	20,017109	19,904209
1,176593	19,979079	19,904209
1,189963	19,968016	19,937333
1,203333	19,917195	19,987633
1,216704	19,952459	19,987633
1,230074	19,979425	19,812196
1,243444	19,905095	19,970458
1,256815	19,962830	19,970458
1,270185	19,920652	20,053883
1,283556	19,896451	20,095595
1,296926	19,956953	20,095595
1,310296	19,948656	19,779071
1,323667	19,907169	19,779071
1,337037	19,905095	19,820784
1,350407	19,927221	19,970458
1,363778	19,886425	19,970458
1,377148	19,905786	19,853908
1,390519	19,935518	19,663748
1,403889	19,956607	19,663748
1,417259	19,914083	19,663748
1,430630	19,962830	19,961870
1,444000	19,891957	19,961870
1,457370	19,930678	19,763122
1,470741	19,968708	19,829371
1,484111	19,938975	19,829371
1,497481	19,916503	19,921384
1,510852	19,907515	19,812196
1,524222	19,908552	19,812196
1,537593	19,937247	19,904209
1,550963	19,900254	19,637985
1,564333	19,864645	19,637985
1,577704	19,971819	19,521435
1,591074	20,002589	19,904209
1,604444	19,902329	19,904209
1,617815	19,930678	19,879672
1,631185	19,963176	19,804835
1,644556	19,956607	19,804835
1,657926	19,929295	19,787659
1,671296	19,929295	19,987633
1,684667	19,964559	19,987633
1,698037	20,019183	19,887033
1,711407	19,994983	19,796247
1,724778	20,000169	19,796247
1,738148	19,919269	19,787659
1,751519	19,925147	19,970458
1,764889	19,938284	19,970458
1,778259	19,992217	19,763122
1,791630	19,958336	19,871084
1,805000	19,979425	19,737359
1,818370	19,962830	19,737359
1,831741	19,970782	20,045295
1,845111	20,017455	20,045295
1,858481	19,940704	19,737359
1,871852	19,925147	19,604860
1,885222	19,987031	19,604860
1,898593	19,915812	19,987633
1,911963	19,943124	20,219506
1,925333	19,954533	20,219506
1,938704	20,012615	19,820784
1,952074	19,973202	19,837959
1,965444	19,944853	19,837959
1,978815	19,918578	20,252630
1,992185	20,028172	20,169205
2,005556	19,943816	20,169205
2,018926	19,940013	19,629397
2,032296	19,881240	19,979046
2,045667	19,918232	19,979046
2,059037	19,926184	19,671109
2,072407	19,906477	19,488311
2,085778	19,936210	19,488311
2,099148	19,892303	19,521435
2,112519	19,946927	19,779071
2,125889	19,927221	19,779071
2,139259	20,003626	19,837959
2,152630	20,006046	19,804835
2,166000	19,974585	19,804835
2,179370	19,926875	19,912796
2,192741	19,935518	19,446598
2,206111	19,894377	19,446598
2,219481	19,934481	19,754534
2,232852	20,005354	19,895621
2,246222	19,942433	19,895621
2,259593	19,912700	19,563148
2,272963	19,917886	19,812196
2,286333	19,991871	19,812196
2,299704	19,886771	19,912796
2,313074	19,957299	19,879672
2,326444	19,959027	19,879672
2,339815	19,928950	19,787659
2,353185	19,918924	19,596272
2,366556	19,946927	19,596272
2,379926	19,977697	19,671109
2,393296	20,010540	19,846547
2,406667	19,925838	19,846547
2,420037	19,973894	19,787659
2,433407	19,995674	19,745947
2,446778	19,936555	19,745947
2,460148	19,971128	19,580323
2,473519	19,921344	19,580323
2,486889	19,996711	19,604860
2,500259	19,935518	19,804835
2,513630	20,002589	19,804835
2,527000	19,931370	19,804835
2,540370	19,916158	19,679697
2,553741	19,974931	19,679697
2,567111	19,924109	19,787659
2,580481	19,901292	19,787659
2,593852	19,919615	19,953282
2,607222	19,926184	19,837959
2,620593	19,928258	19,837959
2,633963	19,860496	19,837959
2,647333	19,952113	19,737359
2,660704	19,879857	19,737359
2,674074	19,956607	19,928745
2,687444	19,941050	19,928745
2,700815	19,945544	19,928745
2,714185	19,947619	19,737359
2,727556	19,971474	19,862496
2,740926	20,000860	19,862496
2,754296	19,966288	19,961870
2,767667	19,964905	19,945921
2,781037	19,966633	19,945921
2,794407	19,868102	19,754534
2,807778	19,973894	19,770483
2,821148	19,895760	19,770483
2,834519	19,974585	19,696873
2,847889	19,870176	19,979046
2,861259	19,969745	19,979046
2,874630	19,991526	19,679697
2,888000	19,870176	19,663748
2,901370	19,973894	19,663748
2,914741	19,991526	19,554560
2,928111	19,918924	20,104183
2,941481	19,929987	20,104183
2,954852	19,935864	19,745947
2,968222	19,974585	19,763122
2,981593	19,961448	19,763122
2,994963	19,963868	19,796247
3,008333	19,944161	19,671109
3,021704	19,959373	19,671109
3,035074	19,934481	19,712822
3,048444	19,951076	19,712822
3,061815	19,979079	19,737359
3,075185	19,892994	19,704234
3,088556	19,942087	19,704234
3,101926	19,943816	19,787659
3,115296	19,904749	19,970458
3,128667	19,957299	19,970458
3,142037	19,963868	19,829371
3,155407	19,944853	19,829371
3,168778	19,937247	19,829371
3,182148	19,993254	20,053883
3,195519	19,934827	20,169205
3,208889	19,974931	20,169205
3,222259	19,938630	19,330049
3,235630	19,929641	19,322688
3,249000	19,928258	19,322688
3,262370	19,933098	19,787659
3,275741	19,933790	19,704234
3,289111	19,969053	19,704234
3,302481	19,992217	19,439237
3,315852	19,967325	19,330049
3,329222	19,965942	19,330049
3,342593	19,915812	19,871084
3,355963	19,889191	19,512847
3,369333	20,000169	19,512847
3,382704	20,043038	19,571736
3,396074	19,992563	19,571736
3,409444	19,903366	19,596272
3,422815	19,939667	19,887033
3,436185	19,916158	19,887033
3,449556	19,894377	19,571736
3,462926	19,944507	19,737359
3,476296	19,908552	19,737359
3,489667	19,895760	19,563148
3,503037	19,937938	19,804835
3,516407	19,982537	19,804835
3,529778	19,927912	20,003582
3,543148	19,984957	19,646573
3,556519	19,972856	19,646573
3,569889	19,996020	19,829371
3,583259	19,943470	19,829371
3,596630	19,988068	19,912796
3,610000	19,909935	19,655161
3,623370	19,947619	19,655161
3,636741	19,947273	19,763122
3,650111	19,963522	19,737359
3,663481	19,970782	19,737359
3,676852	19,973894	19,596272
3,690222	19,990834	20,194969
3,703593	19,910280	20,194969
3,716963	19,931715	19,820784
3,730333	19,893686	19,547199
3,743704	19,964905	19,547199
3,757074	19,970091	20,012170
3,770444	19,917886	20,045295
3,783815	19,963868	20,045295
3,797185	19,917886	19,521435
3,810556	19,928604	19,563148
3,823926	19,949001	19,563148
3,837296	19,935173	19,862496
3,850667	19,949347	20,169205
3,864037	20,003626	20,169205
3,877407	19,948656	19,554560
3,890778	19,946927	19,637985
3,904148	19,919615	19,637985
3,917519	19,979079	19,763122
3,930889	19,923072	19,979046
3,944259	19,936901	19,979046
3,957630	19,950730	20,012170
3,971000	19,936901	19,696873
3,984370	19,938630	19,696873
3,997741	19,943470	19,846547
4,011111	19,938284	19,613448
4,024481	19,976659	19,613448
4,037852	19,969053	19,796247
4,051222	19,972856	19,796247
4,064593	19,933790	19,895621
4,077963	19,936901	19,770483
4,091333	20,002589	19,770483
4,104704	19,956262	19,604860
4,118074	19,910626	19,853908
4,131444	19,948656	19,853908
4,144815	19,936210	19,547199
4,158185	19,998440	19,737359
4,171556	19,965251	19,737359
4,184926	19,951076	19,521435
4,198296	19,907860	19,655161
4,211667	19,967671	19,655161
4,225037	19,989451	19,622036
4,238407	20,009849	19,820784
4,251778	19,945890	19,820784
4,265148	19,940013	19,853908
4,278519	19,954187	19,637985
4,291889	19,966979	19,637985
4,305259	19,966288	19,945921
4,318630	19,950039	19,945921
4,332000	19,981845	20,095595
4,345370	19,922726	19,622036
4,358741	19,927567	19,622036
4,372111	19,977697	19,737359
4,385481	19,955916	19,994995
4,398852	19,904749	19,994995
4,412222	19,962485	19,388937
4,425593	19,951767	19,979046
4,438963	19,888500	19,979046
4,452333	19,944853	19,696873
4,465704	19,926875	19,921384
4,479074	19,997749	19,921384
4,492444	19,917886	19,322688
4,505815	19,941396	19,472362
4,519185	19,989451	19,472362
4,532556	19,908898	19,637985
4,545926	19,993254	19,272387
4,559296	20,002589	20,062471
4,572667	19,974239	20,062471
4,586037	19,965942	19,737359
4,599407	19,939321	19,737359
4,612778	19,924801	19,721410
4,626148	19,903712	19,737359
4,639519	19,951767	19,538611
4,652889	19,972511	19,538611
4,666259	19,935864	19,987633
4,679630	19,918578	19,987633
4,693000	19,986340	19,879672
4,706370	19,950039	19,505486
4,719741	19,942433	19,763122
4,733111	19,966633	19,763122
4,746481	19,907860	20,062471
4,759852	19,973202	20,062471
4,773222	19,935173	19,688285
4,786593	19,930332	19,512847
4,799963	19,942433	19,512847
4,813333	19,937247	19,613448
4,826704	19,906132	19,596272
4,840074	19,944853	19,596272
4,853444	19,938630	19,887033
4,866815	19,966288	19,613448
4,880185	19,968708	19,613448
4,893556	19,945890	19,480950
4,906926	19,959719	19,637985
4,920296	19,944853	19,637985
4,933667	19,975622	19,871084
4,947037	19,913046	19,679697
4,960407	19,960756	19,679697
4,973778	19,953150	19,488311
4,987148	19,915466	20,012170
5,000519	19,920652	20,012170
5,013889	19,944161	19,994995
5,027259	19,970091	19,721410
5,040630	19,982537	19,721410
5,054000	19,887808	19,728771
5,067370	19,932407	19,763122
5,080741	19,996366	19,763122
5,094111	19,904057	19,505486
5,107481	19,911318	19,721410
5,120852	19,958336	19,721410
5,134222	19,975968	19,879672
5,147593	20,012269	19,879672
5,160963	19,951767	19,879672
5,174333	19,987723	19,721410
5,187704	19,914775	19,721410
5,201074	19,951767	19,613448
5,214444	19,947273	19,646573
5,227815	19,930332	19,646573
5,241185	19,948310	19,505486
5,254556	19,987031	19,655161
5,267926	19,930332	19,655161
5,281296	19,887117	19,521435
5,294667	19,992563	19,696873
5,308037	19,944853	19,696873
5,321407	19,990488	19,712822
5,334778	19,949693	19,728771
5,348148	19,928258	19,728771
5,361519	19,959719	19,846547
5,374889	19,931715	19,655161
5,388259	19,887463	19,655161
5,401630	19,939321	19,629397
5,415000	19,978388	19,671109
5,428370	19,995674	19,671109
5,441741	19,934827	19,837959
5,455111	19,953842	19,704234
5,468481	19,961448	19,704234
5,481852	19,996366	19,637985
5,495222	19,907169	19,846547
5,508593	19,961448	19,846547
5,521963	19,925147	19,613448
5,535333	19,951767	19,613448
5,548704	19,930332	19,496899
5,562074	19,950384	19,596272
5,575444	19,938975	19,547199
5,588815	19,943470	19,547199
5,602185	19,943124	19,547199
5,615556	19,931370	19,547199
5,628926	19,890228	19,987633
5,642296	19,898872	19,688285
5,655667	19,919269	19,779071
5,669037	19,953496	19,779071
5,682407	19,938284	19,563148
5,695778	19,890920	19,563148
5,709148	19,943816	19,846547
5,722519	19,970091	19,446598
5,735889	19,967671	19,446598
5,749259	19,914775	19,912796
5,762630	19,931024	19,987633
5,776000	19,915466	19,987633
5,789370	19,951422	19,837959
5,802741	20,009849	19,530023
5,816111	19,948656	19,763122
5,829481	19,953150	19,763122
5,842852	19,971474	19,987633
5,856222	19,937247	19,987633
5,869593	19,947619	19,853908
5,882963	19,889883	19,829371
5,896333	19,953150	19,829371
5,909704	19,937938	20,036707
5,923074	19,904403	19,928745
5,936444	19,988414	19,928745
5,949815	19,891957	19,812196
5,963185	19,935173	19,629397
5,976556	19,993600	19,629397
5,989926	19,970782	19,979046
6,003296	19,931715	19,622036
6,016667	19,941050	19,622036
6,030037	19,931715	19,721410
6,043407	19,918232	19,953282
6,056778	19,987377	19,953282
6,070148	20,016418	19,879672
6,083519	19,881240	19,587685
6,096889	19,952113	19,587685
6,110259	19,950039	19,862496
6,123630	19,961102	19,862496
6,137000	19,959027	19,646573
6,150370	19,928604	19,871084
6,163741	19,982537	19,505486
6,177111	19,959719	19,371761
6,190481	19,915121	19,371761
6,203852	19,906132	19,371761
6,217222	19,906132	19,455186
6,230593	19,919269	19,455186
6,243963	19,962139	19,663748
6,257333	19,954879	19,829371
6,270704	19,917541	19,737359
6,284074	19,928950	19,737359
6,297444	19,963176	20,386356
6,310815	19,879511	20,386356
6,324185	19,908206	19,671109
6,337556	19,934827	19,928745
6,350926	19,921344	19,928745
6,364296	19,921344	19,173014
6,377667	20,002589	20,104183
6,391037	19,926184	20,104183
6,404407	19,920306	19,862496
6,417778	19,966979	20,020758
6,431148	19,939667	20,020758
6,444519	19,906132	19,663748
6,457889	19,926875	19,663748
6,471259	19,988414	19,629397
6,484630	19,945199	19,580323
6,498000	19,885734	19,663748
6,511370	20,002934	19,663748
6,524741	19,949001	19,455186
6,538111	19,935173	19,455186
6,551481	19,922726	19,663748
6,564852	19,935864	19,496899
6,578222	19,996711	19,496899
6,591593	19,966979	19,596272
6,604963	19,926529	20,020758
6,618333	19,981845	20,020758
6,631704	19,937938	20,302931
6,645074	19,993600	19,712822
6,658444	19,927567	19,712822
6,671815	19,923764	19,787659
6,685185	19,925147	19,796247
6,698556	19,962830	19,796247
6,711926	19,944507	20,012170
6,725296	19,957990	19,912796
6,738667	19,930678	19,912796
6,752037	19,923764	20,020758
6,765407	19,912009	19,737359
6,778778	19,901983	19,737359
6,792148	19,961793	19,937333
6,805519	19,956607	19,737359
6,818889	19,917195	19,737359
6,832259	19,925838	19,721410
6,845630	19,968016	20,120132
6,859000	19,886080	20,020758
6,872370	19,952113	20,020758
6,885741	19,939667	19,829371
6,899111	19,938284	19,829371
6,912481	19,971128	19,646573
6,925852	19,912355	20,003582
6,939222	19,914775	20,003582
6,952593	19,957990	19,688285
6,965963	19,956953	19,763122
6,979333	19,934481	19,763122
6,992704	19,955916	19,979046
7,006074	19,970436	19,613448
7,019444	19,959719	19,613448
7,032815	19,980117	19,763122
7,046185	19,887808	19,937333
7,059556	19,937247	19,937333
7,072926	19,919615	19,796247
7,086296	19,959719	19,770483
7,099667	19,909589	19,770483
7,113037	19,921344	20,028119
7,126407	19,940358	20,028119
7,139778	19,952804	19,637985
7,153148	19,959373	19,696873
7,166519	19,936901	19,745947
7,179889	19,885388	19,745947
7,193259	19,952113	19,721410
7,206630	19,927221	19,820784
7,220000	19,966633	19,820784
7,233370	19,887463	19,728771
7,246741	19,934135	19,696873
7,260111	19,940358	19,696873
7,273481	19,894377	19,895621
7,286852	19,931024	19,895621
7,300222	19,931370	19,820784
7,313593	19,952804	19,862496
7,326963	19,907860	19,862496
7,340333	19,909243	19,563148
7,353704	19,895760	19,796247
7,367074	19,947273	19,655161
7,380444	19,968708	19,655161
7,393815	19,963522	19,937333
7,407185	19,899217	19,937333
7,420556	19,910626	19,987633
7,433926	19,929641	20,137308
7,447296	19,982191	20,137308
7,460667	19,986340	19,921384
7,474037	19,915121	20,203557
7,487407	19,946236	20,203557
7,500778	19,906132	20,020758
7,514148	19,987377	19,912796
7,527519	19,936555	19,912796
7,540889	19,966633	19,688285
7,554259	19,912700	19,961870
7,567630	19,961448	19,961870
7,581000	19,989451	19,904209
7,594370	19,881240	19,721410
7,607741	19,931370	19,721410
7,621111	19,950384	19,879672
7,634481	19,944161	19,928745
7,647852	19,914083	19,928745
7,661222	19,993600	19,422061
7,674593	19,973548	20,053883
7,687963	19,952459	20,053883
7,701333	19,882968	19,945921
7,714704	19,881240	19,812196
7,728074	19,933790	19,812196
7,741444	19,915466	20,252630
7,754815	19,970782	19,837959
7,768185	19,944507	19,837959
7,781556	19,970782	19,704234
7,794926	19,954187	19,928745
7,808296	19,911318	19,928745
7,821667	19,943816	19,770483
7,835037	19,995328	19,704234
7,848407	19,980117	19,704234
7,861778	19,926875	19,704234
7,875148	19,960756	19,704234
7,888519	19,948656	19,871084
7,901889	19,959373	19,404886
7,915259	19,951076	19,404886
7,928630	19,901983	19,547199
7,942000	20,006046	19,745947
7,955370	19,909589	19,745947
7,968741	19,897143	19,887033
7,982111	19,927221	19,688285
7,995481	19,946236	19,688285
8,008852	19,916158	19,862496
8,022222	19,951422	19,554560
8,035593	20,015726	19,554560
8,048963	19,941396	19,679697
8,062333	19,901292	19,837959
8,075704	19,967671	19,837959
8,089074	19,914775	19,721410
8,102444	20,020912	19,804835
8,115815	19,969399	19,804835
8,129185	19,892303	19,862496
8,142556	19,951422	19,704234
8,155926	19,914429	19,704234
8,169296	19,959373	19,820784
8,182667	19,962139	20,036707
8,196037	19,928258	20,036707
8,209407	19,935518	19,961870
8,222778	19,945199	19,696873
8,236148	19,936901	19,696873
8,249519	19,960756	19,796247
8,262889	19,891266	19,671109
8,276259	19,938630	19,671109
8,289630	19,957645	19,655161
8,303000	19,997749	19,712822
8,316370	19,961448	19,712822
8,329741	19,909589	19,704234
8,343111	19,920306	19,737359
8,356481	20,029901	19,737359
8,369852	19,952113	19,820784
8,383222	19,935173	19,829371
8,396593	19,953496	19,829371
8,409963	19,955916	19,613448
8,423333	19,926875	19,712822
8,436704	19,950730	19,712822
8,450074	19,959373	19,679697
8,463444	19,905440	19,837959
8,476815	19,915812	19,837959
8,490185	19,926529	19,770483
8,503556	19,945544	19,472362
8,516926	19,945890	19,472362
8,530296	20,009503	19,970458
8,543667	19,961793	19,970458
8,557037	19,922035	19,970458
8,570407	19,962830	19,937333
8,583778	19,888154	19,737359
8,597148	19,961448	19,737359
8,610519	19,908898	19,961870
8,623889	19,980117	20,045295
8,637259	19,990834	20,045295
8,650630	19,900254	19,779071
8,664000	19,954187	19,837959
8,677370	19,952113	19,837959
8,690741	19,940358	19,921384
8,704111	19,927912	19,728771
8,717481	19,962485	19,728771
8,730852	19,974931	19,622036
8,744222	19,939321	19,679697
8,757593	19,987723	19,679697
8,770963	19,975968	19,754534
8,784333	19,926875	19,754534
8,797704	19,957299	19,637985
8,811074	19,984957	19,745947
8,824444	19,953150	19,404886
8,837815	20,013652	19,404886
8,851185	19,966288	19,804835
8,864556	19,925147	19,804835
8,877926	19,935518	20,045295
8,891296	19,926529	19,812196
8,904667	19,932061	19,812196
8,918037	19,960410	19,655161
8,931407	19,937247	19,937333
8,944778	19,882277	19,937333
8,958148	19,985994	19,796247
8,971519	20,001552	19,629397
8,984889	19,897834	19,629397
8,998259	19,947964	19,879672
9,011630	19,959373	19,721410
9,025000	19,910626	19,721410
9,038370	19,925147	19,688285
9,051741	19,959373	19,655161
9,065111	19,883314	19,655161
9,078481	19,925147	20,078419
9,091852	19,956262	19,629397
9,105222	19,913738	19,629397
9,118593	19,927221	19,796247
9,131963	19,903020	19,796247
9,145333	19,954533	20,177793
9,158704	19,935864	19,754534
9,172074	19,878128	19,754534
9,185444	19,953842	19,829371
9,198815	19,897489	19,921384
9,212185	19,952459	19,921384
9,225556	19,843210	19,796247
9,238926	19,968708	19,837959
9,252296	19,910972	19,837959
9,265667	19,914775	19,887033
9,279037	19,887463	19,505486
9,292407	19,900946	19,505486
9,305778	19,964905	19,688285
9,319148	19,980808	19,663748
9,332519	19,964905	19,663748
9,345889	19,894377	19,754534
9,359259	19,968362	19,696873
9,372630	19,889883	19,696873
9,386000	19,941396	20,028119
9,399370	19,917886	19,770483
9,412741	19,945890	19,770483
9,426111	19,933444	19,613448
9,439481	19,941050	20,012170
9,452852	19,930332	20,012170
9,466222	19,953496	19,853908
9,479593	19,888846	19,853908
9,492963	19,929987	19,663748
9,506333	19,955916	19,613448
9,519704	19,926529	19,613448
9,533074	19,919615	19,829371
9,546444	19,940013	19,879672
9,559815	19,956262	19,879672
9,573185	19,906132	19,505486
9,586556	19,968016	19,671109
9,599926	19,914083	19,671109
9,613296	19,897143	19,994995
9,626667	19,956262	20,062471
9,640037	19,969053	20,062471
9,653407	19,892648	19,587685
9,666778	19,959719	19,587685
9,680148	19,914775	19,587685
9,693519	19,952804	19,721410
9,706889	19,869139	19,587685
9,720259	19,921344	19,587685
9,733630	19,957299	19,637985
9,747000	19,898872	19,679697
9,760370	19,906823	19,679697
9,773741	19,946927	19,804835
9,787111	19,939321	19,763122
9,800481	20,007775	19,763122
9,813852	20,003972	19,671109
9,827222	19,931024	19,671109
9,840593	19,926529	19,846547
9,853963	19,963522	19,770483
9,867333	19,866373	19,770483
9,880704	19,988414	19,820784
9,894074	19,898526	19,770483
9,907444	19,953496	19,770483
9,920815	19,915121	20,003582
9,934185	19,966288	19,671109
9,947556	19,935864	19,671109
9,960926	19,915466	19,862496
9,974296	19,925492	19,446598
9,987667	19,940013	19,446598
10,001037	19,921344	19,763122
10,014407	19,954879	19,871084
10,027778	19,984265	19,871084
10,041148	19,934135	19,637985
10,054519	19,935518	19,563148
10,067889	19,885388	19,563148
10,081259	19,949693	19,679697
10,094630	19,946236	19,853908
10,108000	19,928604	19,853908
10,121370	19,892303	19,779071
