Zeit [s]  Piezo[nm]  MEMS[nm]
0,013437	0,004840	0,000000
0,026874	1,997189	0,000000
0,040310	1,980249	0,074837
0,053747	2,008252	0,074837
0,067184	2,004103	1,977662
0,080621	1,999609	1,878288
0,094057	1,970915	1,770326
0,107494	3,997841	1,770326
0,120931	3,994384	1,911413
0,134368	4,019967	1,911413
0,147804	4,019967	3,432691
0,161241	3,976061	3,432691
0,174678	3,956356	3,831413
0,188115	3,981593	3,831413
0,201551	5,471974	3,873125
0,214988	6,001957	3,873125
0,228425	6,038603	3,838774
0,241862	6,007143	5,584563
0,255299	5,999191	5,584563
0,268735	5,963237	6,040947
0,282172	5,983980	6,099835
0,295609	5,929702	6,099835
0,309046	8,013685	6,099835
0,322482	8,040651	5,617688
0,335919	8,001930	6,780730
0,349356	8,034773	6,780730
0,362793	7,962518	7,995299
0,376229	7,990176	7,995299
0,389666	7,952147	7,995299
0,403103	7,961827	7,995299
0,416540	9,955929	7,844398
0,429977	9,984969	8,136385
0,443413	9,976326	10,039210
0,456850	9,966992	10,039210
0,470287	9,987044	9,955785
0,483724	9,985315	10,305433
0,497160	10,006750	10,305433
0,510597	11,982535	10,030622
0,524034	12,034393	10,213421
0,537471	11,977349	10,213421
0,550907	12,012612	12,225434
0,564344	11,976312	12,100296
0,577781	11,967323	12,100296
0,591218	11,982535	12,124833
0,604654	13,998084	12,042635
0,618091	14,016061	12,042635
0,631528	13,992552	14,003121
0,644965	13,970772	14,152795
0,658402	14,018827	14,152795
0,671838	14,008455	14,093907
0,685275	13,979415	14,327006
0,698712	15,946223	14,327006
0,712149	16,018825	14,244808
0,725585	15,983215	16,072796
0,739022	15,998427	16,072796
0,752459	15,979067	16,172169
0,765896	16,073794	16,172169
0,779332	15,992204	16,039671
0,792769	15,987710	15,905946
0,806206	17,998431	16,205294
0,819643	17,997394	16,205294
0,833080	17,978724	18,182956
0,846516	18,031274	18,182956
0,859953	18,006382	18,050457
0,873390	17,973193	18,466355
0,886827	17,989442	18,208719
0,900263	20,026444	18,208719
0,913700	20,042693	17,900783
0,927137	19,989797	17,900783
0,940574	19,979771	19,920157
0,954010	20,010195	19,920157
0,967447	19,978389	20,177793
0,980884	19,974240	20,160618
0,994321	19,966634	20,186381
1,007757	21,970107	20,186381
1,021194	22,018163	20,095595
1,034631	21,913063	21,822982
1,048068	21,951438	21,822982
1,061505	21,964921	22,022957
1,074941	21,955241	22,379966
1,088378	22,052735	22,379966
1,101815	21,993271	22,571353
1,115252	24,032360	22,571353
1,128688	23,982575	21,857334
1,142125	24,021988	23,502522
1,155562	24,007813	24,407928
1,168999	23,964598	24,407928
1,182435	23,973241	24,333091
1,195872	23,972895	24,225130
1,209309	25,723308	24,225130
1,222746	26,022016	24,425104
1,236182	26,020288	25,563609
1,249619	26,004730	25,563609
1,263056	26,039649	26,253092
1,276493	26,010262	26,253092
1,289930	25,965317	26,045756
1,303366	25,988135	26,751188
1,316803	27,985404	26,751188
1,330240	27,978835	27,259098
1,343677	28,017556	28,364479
1,357113	27,995776	28,364479
1,370550	27,956017	28,355891
1,383987	27,968809	28,355891
1,397424	29,922176	28,338715
1,410860	29,971615	28,338715
1,424297	30,016560	29,320185
1,437734	29,988210	30,533527
1,451171	29,958132	30,167929
1,464608	30,011720	30,167929
1,478044	30,062196	30,267303
1,491481	31,666728	30,466051
1,504918	32,020755	30,466051
1,518355	32,030090	31,297847
1,531791	32,011421	32,344339
1,545228	32,040808	32,344339
1,558665	32,003123	32,361515
1,572102	32,005543	32,693988
1,585538	32,037350	32,693988
1,598975	33,957539	32,236377
1,612412	34,022882	32,594614
1,625849	33,972751	32,594614
1,639285	34,006633	34,539151
1,652722	34,030489	34,596812
1,666159	34,023920	34,347764
1,679596	33,985889	34,347764
1,693033	35,786806	34,480263
1,706469	36,037462	34,480263
1,719906	35,989405	35,211458
1,733343	36,027436	36,657899
1,746780	35,961401	36,657899
1,760216	35,984565	36,549937
1,773653	36,013607	36,682436
1,787090	35,956561	36,682436
1,800527	37,927584	36,541349
1,813963	37,988779	36,675075
1,827400	37,917558	36,675075
1,840837	37,996731	38,478525
1,854274	37,970109	38,320263
1,867710	38,004337	38,320263
1,881147	38,005720	38,835535
1,894584	38,002262	38,503062
1,908021	40,010631	38,503062
1,921458	39,971218	38,652736
1,934894	39,993690	40,654935
1,948331	40,059726	40,654935
1,961768	40,012706	40,497900
1,975205	39,977441	40,980047
1,988641	39,988850	40,980047
2,002078	41,946747	40,597273
2,015515	42,022464	40,297925
2,028952	41,957811	40,297925
2,042388	42,013820	42,799446
2,055825	42,071212	42,583523
2,069262	42,014166	42,733197
2,082699	44,002494	42,733197
2,096136	44,037068	42,915996
2,109572	43,948559	43,114744
2,123009	43,976564	43,114744
2,136446	43,929890	44,686322
2,149883	43,990739	44,204175
2,163319	43,964117	44,204175
2,176756	43,974490	44,777108
2,190193	45,972850	44,702271
2,203630	45,952106	44,702271
2,217066	46,025057	45,051920
2,230503	46,000164	46,822246
2,243940	46,030243	46,822246
2,257377	46,052024	46,888495
2,270813	46,023328	46,597735
2,284250	47,960154	46,597735
2,297687	47,941829	46,505722
2,311124	47,941138	47,187844
2,324561	48,003025	48,525096
2,337997	48,011323	48,525096
2,351434	47,975366	49,231754
2,364871	48,048317	49,231754
2,378308	49,967516	49,248930
2,391744	49,965441	48,833032
2,405181	49,975122	48,833032
2,418618	49,973047	49,447678
2,432055	50,005893	50,827870
2,445491	50,004856	51,076918
2,458928	50,021797	51,076918
2,472365	49,995175	50,553058
2,485802	52,053367	50,553058
2,499239	51,997703	50,918656
2,512675	51,983528	51,284253
2,526112	51,992863	51,284253
2,539549	51,973847	52,530720
2,552986	51,954140	53,063167
2,566422	52,036426	53,063167
2,579859	54,019944	52,746643
2,593296	53,953562	52,746643
2,606733	54,033083	53,054580
2,620169	53,991939	54,467896
2,633606	53,923482	54,467896
2,647043	53,981913	54,974580
2,660480	54,035157	54,808957
2,673916	55,959559	54,808957
2,687353	55,991714	54,808957
2,700790	55,994825	54,957404
2,714227	56,004160	54,957404
2,727664	55,965091	56,910529
2,741100	56,013150	56,910529
2,754537	55,982724	56,993954
2,767974	56,032857	56,993954
2,781411	57,941015	56,852868
2,794847	57,981122	56,852868
2,808284	58,017079	57,268766
2,821721	57,979739	59,079578
2,835158	57,998063	59,079578
2,848594	57,946547	59,004740
2,862031	57,976973	58,938491
2,875468	60,002690	58,938491
2,888905	59,989552	58,980204
2,902341	59,999233	59,329852
2,915778	59,984020	59,329852
2,929215	59,992664	60,766479
2,942652	59,976414	60,766479
2,956089	60,001307	60,867080
2,969525	59,960164	61,083003
2,982962	62,016313	61,083003
2,996399	61,970674	60,933329
3,009836	61,997297	60,957865
3,023272	62,039824	60,957865
3,036709	61,985196	62,978467
3,050146	61,985541	62,985828
3,063583	61,973095	62,985828
3,077019	63,954569	62,985828
3,090456	64,022335	63,018952
3,103893	63,986377	65,104576
3,117330	63,983957	65,104576
3,130767	63,977734	64,846940
3,144203	63,992601	65,146288
3,157640	63,977042	65,146288
3,171077	65,822989	64,881291
3,184514	65,957140	64,938953
3,197950	66,019374	64,938953
3,211387	65,972007	66,942378
3,224824	65,995863	66,949739
3,238261	65,962326	67,024576
3,251697	65,924985	67,024576
3,265134	67,885035	66,984090
3,278571	67,953147	67,299388
3,292008	67,974238	67,299388
3,305444	67,948653	68,986289
3,318881	68,021260	68,986289
3,332318	67,956950	68,911452
3,345755	67,986339	68,935989
3,359192	67,987376	68,935989
3,372628	69,973364	68,836615
3,386065	69,984428	69,118787
3,399502	70,001369	70,948002
3,412939	69,949853	70,948002
3,426375	70,007593	71,022839
3,439812	70,028338	71,022839
3,453249	69,983736	70,989714
3,466686	70,005864	71,130800
3,480122	72,013294	71,130800
3,493559	71,935846	71,014251
3,506996	72,037497	73,332973
3,520433	71,939303	73,332973
3,533870	71,965235	72,967376
3,547306	71,978719	72,958788
3,560743	71,924090	72,958788
3,574180	73,997910	73,000501
3,587617	73,983043	73,199248
3,601053	73,968867	73,199248
3,614490	74,045279	74,919274
3,627927	74,002059	75,294686
3,641364	73,974053	75,294686
3,654800	74,016581	75,202674
3,668237	75,650955	75,044412
3,681674	76,011576	75,044412
3,695111	76,006736	75,352348
3,708547	76,002587	77,155799
3,721984	75,953835	77,155799
3,735421	76,003278	76,922699
3,748858	76,000512	77,296885
3,762295	77,674653	77,039249
3,775731	77,964741	77,371722
3,789168	77,979263	77,371722
3,802605	77,936389	79,042674
3,816042	77,967161	79,042674
3,829478	78,034583	79,000962
3,842915	77,955060	78,875824
3,856352	77,935352	79,199709
3,869789	79,997436	79,199709
3,883225	80,030628	79,133460
3,896662	80,006771	81,485307
3,910099	79,998819	81,485307
3,923536	79,951450	81,527020
3,936972	79,922061	81,036285
3,950409	79,987063	81,036285
3,963846	81,981039	81,410470
3,977283	81,982076	80,961448
3,990720	81,986571	80,961448
4,004156	82,005933	83,139084
4,017593	81,983459	83,013947
4,031030	81,906701	83,013947
4,044467	81,990720	83,081423
4,057903	81,986571	83,372183
4,071340	84,020661	83,372183
4,084777	83,977096	82,839736
4,098214	83,984011	84,601474
4,111650	83,978133	84,601474
4,125087	83,898609	85,059084
4,138524	83,996112	85,059084
4,151961	85,982840	84,933947
4,165398	85,971430	84,851749
4,178834	85,993558	84,851749
4,192271	85,996670	85,151097
4,205708	85,943769	87,228133
4,219145	85,976270	87,212184
4,232581	85,998399	87,212184
4,246018	86,000819	87,095634
4,259455	87,930848	86,979085
4,272892	88,004149	86,979085
4,286328	87,957471	86,945960
4,299765	87,997925	86,945960
4,313202	88,007952	89,122370
4,326639	87,936380	89,064708
4,340075	87,983403	89,064708
4,353512	87,992739	88,981283
4,366949	90,021315	89,148133
4,380386	89,928997	89,148133
4,393823	89,945594	89,181258
4,407259	89,939370	91,341718
4,420696	90,043098	91,341718
4,434133	89,960116	91,324543
4,447570	89,981553	91,324543
4,461006	92,019471	91,324543
4,474443	92,011865	91,158920
4,487880	91,984895	91,425143
4,501317	91,951356	91,425143
4,514753	91,923004	93,061744
4,528190	91,988007	93,136581
4,541627	91,983512	93,136581
4,555064	92,005295	92,953783
4,568501	93,994467	93,361093
4,581937	93,970264	93,361093
4,595374	93,968535	93,204057
4,608811	94,060162	95,239380
4,622248	93,944331	95,239380
4,635684	94,038725	95,155956
4,649121	93,932230	95,155956
4,662558	95,818024	95,189080
4,675995	95,954947	95,106882
4,689431	96,015456	95,106882
4,702868	95,965666	95,106882
4,716305	95,943883	97,342180
4,729742	95,957367	97,342180
4,743178	96,013727	97,300467
4,756615	95,960133	97,300467
4,770052	98,013284	97,225630
4,783489	97,928226	96,793783
4,796926	98,030918	99,128455
4,810362	97,942403	99,128455
4,823799	97,992193	99,236416
4,837236	97,956579	99,377503
4,850673	97,921311	99,377503
4,864109	99,515290	99,337017
4,877546	99,978271	99,211880
4,890983	99,940583	99,211880
4,904420	99,962712	100,965030
4,917856	99,954413	101,472941
4,931293	99,992102	101,472941
4,944730	99,972393	101,272966
4,958167	99,952339	100,841120
4,971603	101,969888	100,841120
4,985040	101,994092	101,039867
4,998477	101,959515	103,118130
5,011914	102,012418	103,118130
5,025351	101,978187	103,175791
5,038787	101,929088	103,067829
5,052224	101,953983	103,208916
5,065661	103,903422	103,208916
5,079098	103,933504	103,059242
5,092534	104,018563	103,059242
5,105971	103,943877	105,236878
5,119408	103,976725	105,220929
5,132845	103,998854	105,162041
5,146281	103,988135	105,162041
5,159718	103,999546	105,270002
5,173155	105,957635	105,087204
5,186592	105,953832	105,087204
5,200029	105,994633	107,174054
5,213465	106,046844	107,174054
5,226902	105,923750	107,140929
5,240339	105,968354	106,990028
5,253776	105,983222	106,990028
5,267212	107,853146	106,998616
5,280649	108,026032	107,198591
5,294086	108,023957	109,325927
5,307523	107,942355	109,325927
5,320959	107,930945	109,167664
5,334396	108,014621	109,167664
5,347833	107,958952	109,317339
5,361270	107,949616	109,259677
5,374706	110,014215	108,968917
5,388143	109,965807	108,968917
5,401580	109,974106	111,120789
5,415017	109,971685	111,120789
5,428454	109,993469	111,120789
5,441890	109,979292	111,129377
5,455327	109,957855	111,079077
5,468764	112,020040	111,079077
5,482201	111,980967	110,922042
5,495637	112,020385	113,132803
5,509074	111,974743	113,132803
5,522511	111,983388	113,165927
5,535948	112,023843	113,082502
5,549384	111,931522	113,082502
5,562821	112,490291	112,915652
5,576258	113,972967	113,207640
5,589695	113,991638	113,207640
5,603131	114,006507	115,218426
5,616568	113,995096	115,251551
5,630005	113,943576	115,251551
5,643442	114,011347	115,317800
5,656879	113,966743	115,300624
5,670315	115,976037	115,300624
5,683752	115,978111	115,084701
5,697189	115,971887	117,246388
5,710626	115,999895	117,246388
5,724062	116,021333	117,719947
5,737499	115,937656	117,669647
5,750936	116,022716	117,669647
5,764373	117,693156	117,288101
5,777809	117,987757	117,288101
5,791246	117,995710	117,328586
5,804683	117,986029	119,457149
5,818120	118,019569	119,241226
5,831557	117,935545	119,241226
5,844993	117,941769	119,498861
5,858430	118,002972	119,498861
5,871867	120,010895	119,389673
5,885304	120,014353	119,481686
5,898740	119,926525	119,481686
5,912177	120,025763	121,525597
5,925614	120,007437	121,683859
5,939051	119,981158	121,683859
5,952487	119,972514	121,584485
5,965924	120,039940	121,285137
5,979361	121,981481	121,285137
5,992798	122,008105	121,218887
6,006234	122,045104	122,531603
6,019671	121,982172	122,531603
6,033108	121,994620	123,205137
6,046545	121,936875	123,205137
6,059982	121,983209	123,511846
6,073418	123,990453	123,511846
6,086855	123,958296	123,379348
6,100292	123,948268	125,381546
6,113729	123,953455	125,381546
6,127165	124,012238	125,647770
6,140602	123,995640	125,647770
6,154039	124,000827	125,706658
6,167476	123,966249	125,323885
6,180912	125,989751	125,323885
6,194349	125,912296	125,307936
6,207786	125,986293	126,345841
6,221223	125,928548	126,345841
6,234660	125,969696	127,409508
6,248096	125,917137	127,376384
6,261533	125,999433	127,376384
6,274970	127,893619	127,310135
6,288407	128,039538	127,292959
6,301843	128,012567	127,292959
6,315280	128,024324	129,030161
6,328717	127,989400	129,030161
6,342154	127,990783	129,520895
6,355590	127,971765	129,379809
6,369027	128,045071	129,379809
6,382464	129,921628	129,096410
6,395901	130,024325	129,329509
6,409337	129,953094	129,329509
6,422774	129,933039	131,648231
6,436211	129,962776	131,240921
6,449648	130,033315	131,240921
6,463085	131,949989	131,573394
6,476521	131,966932	131,465433
6,489958	131,967278	132,130378
6,503395	132,038510	132,130378
6,516832	131,955522	133,136385
6,530268	131,997707	133,401382
6,543705	132,019837	133,401382
6,557142	131,983530	133,709318
6,570579	133,985964	133,443094
6,584015	133,992534	133,443094
6,597452	133,958301	135,105459
6,610889	133,990459	135,828066
6,624326	133,964525	135,828066
6,637762	133,985964	135,479644
6,651199	133,962105	135,197472
6,664636	135,997048	135,197472
6,678073	135,995320	135,495593
6,691510	136,018141	137,357932
6,704946	135,943798	137,357932
6,718383	136,016067	137,673229
6,731820	135,969040	137,565268
6,745257	135,982525	137,565268
6,758693	135,935153	137,565268
6,772130	137,984626	137,848667
6,785567	137,970449	137,848667
6,799004	138,025083	139,210457
6,812440	137,977018	139,210457
6,825877	137,989121	139,617767
6,839314	138,016092	139,169971
6,852751	137,981514	139,610406
6,866188	139,978088	139,610406
6,879624	140,003330	139,476680
6,893061	139,964256	139,476680
6,906498	139,974630	140,947658
6,919935	139,978779	141,995377
6,933371	139,910313	141,995377
6,946808	139,971863	141,595428
6,960245	140,036526	141,313256
6,973682	141,998873	141,305895
6,987118	141,986078	141,305895
7,000555	141,949771	142,792822
7,013992	141,958415	143,748528
7,027429	141,979163	143,748528
7,040865	141,974322	143,241844
7,054302	142,008555	143,241844
7,067739	143,960880	143,499480
7,081176	143,936675	143,499480
7,094613	143,996842	143,308093
7,108049	144,031767	143,308093
7,121486	143,992692	145,518854
7,134923	143,985777	145,659940
7,148360	143,955693	145,659940
7,161796	145,954706	145,410892
7,175233	145,932921	145,635404
7,188670	146,001387	145,635404
7,202107	146,043920	146,930944
7,215543	145,988247	147,339481
7,228980	145,953322	147,339481
7,242417	145,979257	147,438854
7,255854	145,986518	147,438854
7,269291	147,960294	147,438854
7,282727	147,997640	147,397142
7,296164	147,954070	148,352848
7,309601	148,020462	148,352848
7,323038	147,956836	149,499941
7,336474	147,990724	149,465590
7,349911	147,956145	149,465590
7,363348	149,919899	149,656976
7,376785	149,989403	149,656976
7,390221	149,954824	149,656976
7,403658	149,961048	150,222548
7,417095	149,931656	151,792900
7,430532	149,962431	151,792900
7,443968	149,986291	151,568389
7,457405	149,987674	151,867737
7,470842	152,009873	151,867737
7,484279	151,971836	151,900862
7,497716	151,998808	153,646651
7,511152	151,966303	153,646651
7,524589	151,920659	153,512926
7,538026	151,967687	153,512926
7,551463	151,977023	153,853987
7,564899	153,871976	153,604939
7,578336	154,039687	153,604939
7,591773	153,998191	154,062549
7,605210	153,970873	155,897898
7,618646	153,931799	155,897898
7,632083	154,006490	155,973962
7,645520	153,939406	155,615725
7,658957	155,088483	155,615725
7,672393	155,913898	155,441514
7,685830	155,975449	155,457463
7,699267	155,937758	155,457463
7,712704	155,979253	157,594614
7,726141	155,963001	157,460888
7,739577	155,896262	157,460888
7,753014	155,977178	157,627738
7,766451	155,999309	157,436352
7,779888	157,956172	157,436352
7,793324	157,985218	157,478064
7,806761	157,974845	159,372301
7,820198	157,950293	159,372301
7,833635	158,008387	159,680237
7,847071	157,978303	159,438550
7,860508	157,998013	159,438550
7,873945	159,793394	159,580863
7,887382	160,024732	159,580863
7,900819	159,972517	159,572275
7,914255	159,971479	161,492276
7,927692	159,987040	161,492276
7,941129	159,951423	161,616186
7,954566	159,973554	161,633362
7,968002	160,002256	161,633362
7,981439	161,950831	161,466512
7,994876	161,963279	162,131458
8,008313	161,978840	162,131458
8,021749	162,028635	163,395101
8,035186	162,039355	163,527599
8,048623	161,991289	163,527599
8,062060	162,003046	163,602436
8,075496	161,950139	163,560724
8,088933	164,000039	163,560724
8,102370	163,975833	163,452762
8,115807	163,932262	165,638986
8,129244	163,975833	165,638986
8,142680	163,975833	165,506488
8,156117	163,979637	165,962871
8,169554	164,000039	165,962871
8,182991	165,969374	166,029120
8,196427	165,994272	166,029120
8,209864	166,035768	165,764123
8,223301	165,983552	167,592111
8,236738	166,007758	167,592111
8,250174	165,936177	167,359012
8,263611	165,989777	167,865696
8,277048	165,992197	167,857108
8,290485	168,012717	167,857108
8,303922	167,982632	167,550398
8,317358	167,985053	169,769747
8,330795	167,941828	169,769747
8,344232	167,984015	169,578361
8,357669	167,982978	169,578361
8,371105	169,904258	169,453223
8,384542	169,956821	169,453223
8,397979	169,968232	169,860533
8,411416	170,027364	169,860533
8,424852	169,990709	171,456648
8,438289	169,991401	171,456648
8,451726	169,979644	171,963332
8,465163	169,921203	171,755997
8,478599	171,985652	171,755997
8,492036	172,011587	171,954744
8,505473	171,942426	172,262681
8,518910	171,965595	172,262681
8,532347	171,997755	173,300585
8,545783	171,999138	173,674770
8,559220	172,001905	173,674770
8,572657	172,387477	173,691946
8,586094	173,951553	173,882106
8,599530	173,907290	173,882106
8,612967	173,964694	174,090668
8,626404	174,008265	175,786157
8,639841	173,915935	176,043793
8,653277	173,923889	176,043793
8,666714	173,971610	175,636483
8,680151	175,985584	175,636483
8,693588	175,959303	175,661020
8,707024	175,965527	176,268304
8,720461	175,998379	176,268304
8,733898	176,030539	177,739282
8,747335	175,975210	178,045992
8,760772	175,974864	178,045992
8,774208	177,077642	177,639909
8,787645	177,956338	177,755231
8,801082	177,957722	177,755231
8,814519	177,992648	178,254554
8,827955	177,992994	179,875206
8,841392	177,993340	179,875206
8,854829	177,955992	180,099717
8,868266	178,009247	179,941455
8,881702	179,989344	179,941455
8,895139	179,934361	180,016292
8,908576	179,972745	180,439551
8,922013	179,973091	180,439551
8,935450	179,951305	181,844280
8,948886	179,987615	182,301890
8,962323	179,967904	182,301890
8,975760	179,964446	182,101916
8,989197	181,969793	182,101916
9,002633	181,969102	181,885992
9,016070	181,993308	184,013328
9,029507	181,973251	184,129878
9,042944	181,918614	184,129878
9,056380	181,939016	184,154415
9,069817	181,979476	183,971616
9,083254	183,966847	183,971616
9,096691	183,944024	184,354389
9,110127	184,001083	184,354389
9,123564	183,979297	185,966453
9,137001	183,922930	186,098952
9,150438	183,933650	185,484306
9,163875	183,945753	185,484306
9,177311	185,891287	186,290338
9,190748	186,004022	186,290338
9,204185	185,967366	186,298926
9,217622	185,943851	188,302352
9,231058	185,971861	188,302352
9,244495	186,020275	187,836153
9,257932	185,905466	188,060665
9,271369	185,946963	187,785853
9,284805	188,018033	187,785853
9,298242	187,960628	188,194390
9,311679	187,951983	188,194390
9,325116	187,983106	189,672729
9,338552	188,018379	190,163464
9,351989	187,998322	190,163464
9,365426	187,959937	189,980665
9,378863	189,889921	189,756154
9,392300	189,928306	189,756154
9,405736	189,996432	189,930365
9,419173	190,010610	192,348461
9,432610	189,950784	192,348461
9,446047	189,964617	191,908026
9,459483	189,949055	192,141126
9,472920	189,983982	192,141126
9,486357	191,969995	191,892078
9,499794	191,974491	191,658978
9,513230	191,971724	191,658978
9,526667	191,927114	194,010826
9,540104	191,995239	193,745829
9,553541	192,018755	193,745829
9,566978	191,970687	194,102838
9,580414	191,983482	193,928628
9,593851	193,992324	193,977701
9,607288	193,930423	193,977701
9,620725	193,981258	195,307593
9,634161	193,991978	195,806915
9,647598	193,961892	195,806915
9,661035	194,008923	196,172513
9,674472	195,870454	196,446098
9,687908	195,975237	196,446098
9,701345	195,951029	195,906289
9,714782	196,006706	198,033625
9,728219	195,972816	198,033625
9,741655	195,956217	197,642264
9,755092	195,976274	197,642264
9,768529	195,923018	198,025037
9,781966	197,984783	198,025037
9,795403	197,968530	198,058162
9,808839	197,942939	200,110661
9,822276	197,966109	200,110661
9,835713	197,911470	199,969574
9,849150	197,966455	200,310635
9,862586	197,925648	200,310635
9,876023	199,942463	200,326584
9,889460	199,987419	200,110661
9,902897	199,932088	200,110661
9,916333	200,002289	201,790201
9,929770	199,904768	201,856450
9,943207	199,945575	201,856450
9,956644	199,992606	201,847862
9,970081	199,971857	202,047837
9,983517	201,947871	202,047837
9,996954	201,982108	202,056425
10,010391	201,932309	202,056425
10,023828	201,972079	203,609601
10,037264	201,935076	204,157997
10,050701	201,953059	204,157997
10,064138	201,999744	204,016911
10,077575	203,934958	203,893000
10,091011	204,045621	203,893000
10,104448	203,941874	203,859876
10,117885	203,997897	205,945499
10,131322	204,007234	206,352809
10,144758	203,972652	206,352809
10,158195	203,936341	205,994572
10,171632	205,956978	205,994572
10,185069	206,025797	206,136886
10,198506	205,990177	206,136886
10,211942	205,978073	207,623812
10,225379	205,969428	207,623812
10,238816	205,934500	207,997998
10,252253	205,952828	208,172209
10,265689	207,904999	208,172209
10,279126	208,026383	208,280170
10,292563	207,937506	208,196745
10,306000	207,985576	208,196745
10,319436	207,967247	210,257832
10,332873	208,001483	210,257832
10,346310	207,985921	210,100797
10,359747	207,981772	210,109385
10,373183	209,952968	210,109385
10,386620	209,970951	210,109385
10,400057	210,006917	210,292184
10,413494	209,942594	211,770523
10,426931	209,994121	211,770523
10,440367	209,909394	212,277206
10,453804	209,996542	212,277206
10,467241	209,991701	212,053922
10,480678	211,954950	211,845360
10,494114	211,933508	211,845360
10,507551	212,032069	212,003622
10,520988	211,985728	214,130958
10,534425	211,969128	214,130958
10,547861	211,960483	214,007047
10,561298	211,984691	214,014408
10,574735	213,930308	214,014408
10,588172	213,955208	214,139545
10,601609	213,969041	213,965334
10,615045	213,926158	213,965334
10,628482	214,015036	216,101258
10,641919	213,940337	215,960172
10,655356	213,952441	216,092670
10,668792	213,983220	216,092670
10,682229	215,978297	216,066907
10,695666	215,961005	216,066907
10,709103	215,971380	215,743022
10,722539	215,970343	218,028620
10,735976	216,001467	218,028620
10,749413	215,954435	218,103457
10,762850	215,983830	217,995495
10,776286	217,973726	217,995495
10,789723	218,013842	217,995495
10,803160	217,987213	220,032045
10,816597	217,946405	220,032045
10,830034	217,983409	220,072531
10,843470	217,921160	219,824709
10,856907	217,983755	219,824709
10,870344	219,953253	220,305630
10,883781	219,967086	219,840658
10,897217	219,986452	219,840658
10,910654	219,943915	221,593809
10,924091	219,946682	222,183918
10,937528	219,957748	222,060007
10,950964	219,966740	222,060007
10,964401	220,009277	222,217042
10,977838	221,939010	221,950819
10,991275	221,981893	221,950819
11,004712	221,977398	224,170167
11,018148	221,957685	224,170167
11,031585	222,031693	223,937068
11,045022	221,939702	224,511228
11,058459	221,990193	224,511228
11,071895	222,344324	224,070793
11,085332	223,991520	224,170167
11,098769	224,003278	224,170167
11,112206	223,951057	226,356391
11,125642	223,944832	226,206717
11,139079	224,002932	226,206717
11,152516	223,969386	226,189541
11,165953	223,950020	225,882832
11,179389	225,939248	225,882832
11,192826	225,989740	226,272966
11,206263	225,936136	228,250628
11,219700	225,964494	228,250628
11,233137	225,966569	228,283753
11,246573	225,943744	228,283753
11,260010	225,933715	228,076417
11,273447	225,961036	228,126718
11,286884	227,934362	228,126718
11,300320	227,954766	228,118130
11,313757	227,972749	230,236878
11,327194	227,975170	230,236878
11,340631	228,009062	230,137504
11,354067	227,926753	230,569351
11,367504	227,919145	230,569351
11,380941	229,691201	230,236878
11,394378	229,987927	230,395140
11,407814	229,970636	230,395140
11,421251	229,954727	232,040329
11,434688	229,960952	232,190003
11,448125	229,942277	232,190003
11,461562	229,938127	232,148290
11,474998	230,002798	232,289377
11,488435	231,959191	232,024380
11,501872	231,990662	232,024380
11,515309	231,948816	232,946961
11,528745	231,973024	234,160303
11,542182	231,989624	234,160303
11,555619	231,968182	234,350463
11,569056	231,974407	234,292802
11,582492	233,943948	234,292802
11,595929	233,992019	234,051115
11,609366	233,976802	235,539269
11,622803	234,000319	235,539269
11,636240	233,996861	236,228751
11,649676	234,033174	235,963754
11,663113	233,981990	235,963754
11,676550	234,361373	236,378425
11,689987	235,993728	236,212802
11,703423	235,990615	236,212802
11,716860	236,002720	237,234758
11,730297	235,947386	238,148752
11,743734	235,984044	238,148752
11,757170	236,009982	238,098451
11,770607	235,989232	238,181876
11,784044	237,922471	238,181876
11,797481	237,988181	238,098451
11,810917	237,989910	239,304432
11,824354	237,945296	239,304432
11,837791	237,991985	240,176714
11,851228	237,978843	240,011091
11,864665	237,957401	240,011091
11,878101	239,972956	240,218426
11,891538	239,971226	240,234375
11,904975	239,998548	240,234375
11,918412	239,958085	241,755653
11,931848	239,911742	242,070950
11,945285	239,947018	242,070950
11,958722	239,953243	242,037826
11,972159	239,971918	242,270925
11,985595	241,999584	242,270925
11,999032	241,921078	242,246388
12,012469	241,922115	242,246388
12,025906	241,992321	243,242580
12,039343	241,925919	244,041251
12,052779	241,979871	244,041251
12,066216	241,983675	244,190925
12,079653	241,993704	244,290299
12,093090	243,976071	244,290299
12,106526	243,960162	244,123449
12,119963	243,991634	246,159999
12,133400	243,927653	246,159999
12,146837	243,975379	245,935488
12,160273	243,949441	246,144050
12,173710	243,996821	246,144050
12,187147	245,898266	246,159999
12,200584	245,977465	246,550133
12,214020	245,988877	246,550133
12,227457	245,944264	248,271386
12,240894	245,956714	247,987987
12,254331	245,944955	247,987987
12,267768	245,984036	247,888613
12,281204	247,552784	248,055463
12,294641	247,934251	248,055463
12,308078	248,012757	248,295923
12,321515	247,954310	250,090786
12,334951	247,955001	250,090786
12,348388	247,979902	250,116550
12,361825	247,956039	250,282173
12,375262	247,972293	250,282173
12,388698	249,905222	249,966875
12,402135	250,017276	250,174211
12,415572	249,942919	250,174211
12,429009	249,949836	252,193585
12,442445	249,966091	252,310135
12,455882	249,967474	252,310135
12,469319	249,950874	252,052499
12,482756	249,949836	252,268422
12,496193	252,014884	252,268422
12,509629	251,970616	252,235298
12,523066	251,950557	254,197010
12,536503	252,004163	254,197010
12,549940	251,973728	254,122173
12,563376	252,013847	254,179835
12,576813	253,926728	254,179835
12,590250	253,951975	254,204371
12,603687	253,996589	255,525675
12,617123	253,917736	255,525675
12,630560	253,919465	255,983286
12,643997	253,916007	256,082659
12,657434	253,993822	256,082659
12,670871	253,959238	256,299810
12,684307	256,024990	256,507145
12,697744	255,947174	256,507145
12,711181	255,993172	257,927823
12,724618	255,979684	258,102034
12,738054	255,948211	258,102034
12,751491	255,953399	258,044372
12,764928	256,000781	258,277471
12,778365	255,925040	258,277471
12,791801	257,894306	257,745024
12,805238	257,932349	258,019836
12,818675	257,913674	258,019836
12,832112	257,945838	260,222008
12,845548	257,896727	260,222008
12,858985	257,907794	260,488232
12,872422	257,988723	260,204833
12,885859	260,004340	260,345919
12,899296	259,993272	260,345919
12,912732	259,991197	261,010865
12,926169	259,941049	262,241383
12,939606	259,922373	262,241383
12,953043	259,975288	262,142009
12,966479	259,975980	262,142009
12,979916	259,986355	262,532143
12,993353	261,993332	262,265919
13,006790	262,003016	262,265919
13,020226	261,967739	263,130840
13,033663	261,969468	264,219044
13,047100	261,990219	264,219044
13,060537	261,977423	264,401843
13,073973	261,959438	264,351543
13,087410	263,956737	264,351543
13,100847	263,981293	264,177332
13,114284	264,011036	264,742904
13,127721	263,949128	264,742904
13,141157	263,989939	266,172169
13,154594	263,952587	265,997959
13,168031	263,930106	265,997959
13,181468	263,963308	266,346380
13,194904	266,002116	266,022495
13,208341	266,000386	266,022495
13,221778	265,930178	267,477524
13,235215	265,941591	268,099531
13,248651	265,936403	268,099531
13,262088	265,966493	268,208719
13,275525	265,924644	268,398879
13,288962	267,937519	268,398879
13,302399	267,925414	268,424643
13,315835	267,970375	268,257793
13,329272	267,976600	270,111544
13,342709	268,004269	270,111544
13,356146	267,962420	270,377768
13,369582	267,962766	270,278394
13,383019	269,993977	270,278394
13,396456	269,976684	269,911570
13,409893	269,943482	271,375186
13,423329	269,997090	271,375186
13,436766	269,958008	272,188580
13,450203	269,989481	271,964068
13,463640	269,995015	271,964068
13,477076	269,960775	272,471979
13,490513	272,011014	272,289180
13,503950	271,984729	272,289180
13,517387	271,954294	273,535647
13,530824	271,966053	274,482765
13,544260	271,942534	274,242305
13,557697	271,936309	274,242305
13,571134	271,972624	274,125756
13,584571	273,991051	274,275430
13,598007	273,956465	274,275430
13,611444	273,935367	275,139123
13,624881	273,937097	276,610101
13,638318	273,997622	276,610101
13,651754	273,970645	276,277628
13,665191	273,949894	276,386817
13,678628	275,926823	276,386817
13,692065	275,988386	275,904670
13,705502	275,919214	277,508146
13,718938	275,968326	277,508146
13,732375	275,881861	278,072491
13,745812	275,932357	278,463852
13,759249	275,918177	278,463852
13,772685	275,968326	278,255290
13,786122	277,976735	278,230753
13,799559	277,972585	278,230753
13,812996	277,941803	278,730076
13,826432	277,954946	280,399802
13,839869	277,971547	280,399802
13,853306	277,988149	280,773987
13,866743	277,982961	280,258715
13,880179	279,941226	280,258715
13,893616	279,948143	280,375265
13,907053	279,917016	281,604556
13,920490	279,992414	281,604556
13,933927	279,976504	282,544313
13,947363	279,940534	282,544313
13,960800	279,984459	282,436352
13,974237	279,982730	282,436352
13,987674	281,910219	282,452301
14,001110	281,994610	282,452301
14,014547	281,998760	282,444940
14,027984	281,960369	282,444940
14,041421	281,911948	284,488851
14,054857	281,968670	284,356352
14,068294	281,949647	284,356352
14,081731	283,733609	284,414013
14,095168	283,927639	284,231215
14,108604	283,922451	284,231215
14,122041	284,019639	285,385669
14,135478	283,910000	286,433388
14,148915	283,964300	286,433388
14,162352	283,932135	286,433388
14,175788	285,856869	286,424800
14,189225	285,993832	286,391675
14,202662	285,980343	286,391675
14,216099	286,005245	286,940071
14,229535	285,917396	288,361976
14,242972	285,907712	288,361976
14,256409	285,979651	288,245426
14,269846	285,943336	288,619612
14,283282	287,966993	288,619612
14,296719	287,986708	288,411049
14,310156	287,967339	288,793823
14,323593	287,952813	288,793823
14,337030	287,897129	290,497900
14,350466	287,975294	290,456187
14,363903	287,950046	290,456187
14,377340	289,996537	290,588686
14,390777	289,965063	290,306513
14,404213	289,942582	290,306513
14,417650	289,961605	290,564149
14,431087	289,960567	292,525862
14,444524	289,931168	292,525862
14,457960	289,957454	292,458386
14,471397	289,989620	292,200750
14,484834	291,974207	292,200750
14,498271	292,036809	292,574935
14,511707	291,965561	294,503523
14,525144	291,959681	294,503523
14,538581	291,943771	294,294961
14,552018	291,983892	294,312137
14,565455	291,964869	294,312137
14,578891	292,027471	294,237300
14,592328	293,930093	294,071677
14,605765	293,974365	294,071677
14,619202	293,959492	296,422297
14,632638	293,989583	296,322923
14,646075	293,996846	296,322923
14,659512	293,996846	296,348687
14,672949	293,901040	296,356048
14,686385	295,952393	296,356048
14,699822	295,953084	296,481185
14,713259	295,975566	298,467435
14,726696	295,954468	298,467435
14,740133	295,977295	298,491972
14,753569	295,955851	298,434310
14,767006	295,907429	298,434310
14,780443	297,910712	298,176674
14,793880	297,958788	298,276048
14,807316	298,008247	298,276048
14,820753	297,944261	300,511346
14,834190	297,957750	300,537109
14,847627	297,918321	300,537109
14,861063	297,966743	300,420560
14,874500	297,958788	300,445097
14,887937	299,972453	300,445097
14,901374	299,964152	300,279474
14,914810	299,976949	302,497595
14,928247	299,990438	302,497595
14,941684	299,980754	302,124637
14,955121	299,957926	302,041212
14,968558	299,995626	302,041212
14,981994	301,926288	302,224011
14,995431	302,010681	302,398222
15,008868	301,946002	302,398222
15,022305	301,931476	304,151372
15,035741	301,943927	304,434772
15,049178	301,970213	304,434772
15,062615	302,013794	304,567270
15,076052	303,870098	304,567270
15,089488	303,916791	304,234797
15,102925	303,971785	304,633519
15,116362	303,926130	304,633519
15,129799	303,934085	306,403845
15,143235	303,942732	306,403845
15,156672	303,937543	306,403845
15,170109	304,860337	306,403845
15,183546	305,977513	306,403845
15,196983	305,986160	306,403845
15,210419	305,981318	306,835692
15,223856	305,941888	308,348383
15,237293	305,996536	308,348383
15,250730	305,975438	308,581482
15,264166	305,947422	308,581482
15,277603	307,932750	308,548357
15,291040	307,949352	308,356970
15,304477	307,986360	308,356970
15,317913	307,966300	308,980204
15,331350	307,978751	310,559143
15,344787	307,918223	310,559143
15,358224	307,995007	310,492894
15,371661	307,948314	310,492894
15,385097	309,985875	310,492894
15,398534	309,984838	310,475718
15,411971	309,874157	310,600856
15,425408	309,970311	310,600856
15,438844	309,990717	312,487732
15,452281	309,910128	312,412895
15,465718	309,940911	312,412895
15,479155	311,587290	312,221508
15,492591	312,013066	312,221508
15,506028	311,986434	312,944115
15,519465	311,983667	314,456806
15,532902	311,992314	314,282595
15,546338	312,013412	314,282595
15,559775	311,966027	314,507106
15,573212	311,997502	314,531643
15,586649	313,958982	314,531643
15,600086	313,956561	314,714441
15,613522	314,021586	316,385394
15,626959	313,913326	316,385394
15,640396	313,960366	316,625854
15,653833	313,980772	316,625854
15,667269	313,945839	316,493355
15,680706	315,755137	316,434467
15,694143	315,965433	316,434467
15,707580	315,932228	316,584141
15,721016	315,927040	318,570391
15,734453	315,959207	318,570391
15,747890	315,965433	318,753190
15,761327	315,971313	318,446480
15,774764	316,032534	318,446480
15,788200	315,997600	318,412129
15,801637	317,973273	318,737241
15,815074	317,958746	318,737241
15,828511	317,913435	320,622890
15,841947	318,018583	320,457267
15,855384	317,943181	320,457267
15,868821	317,908939	320,373842
15,882258	319,820284	320,249931
15,895694	319,954141	320,249931
15,909131	319,955524	320,855989
15,922568	319,993571	322,617727
15,936005	319,959675	322,617727
15,949441	319,936155	322,518353
15,962878	319,928891	322,452104
15,976315	319,876663	322,452104
15,989752	321,795277	322,102456
16,003189	321,974099	322,668028
16,016625	321,947466	322,668028
16,030062	321,933285	324,246967
16,043499	321,928097	324,570852
16,056936	322,023215	324,695990
16,070372	321,941586	324,695990
16,083809	323,970198	324,496015
16,097246	323,968814	324,196667
16,110683	323,937339	324,196667
16,124119	323,908976	326,715364
16,137556	323,969506	325,991530
16,150993	323,957400	325,991530
16,164430	323,946332	326,391479
16,177866	323,941489	326,416016
16,191303	325,978409	326,416016
16,204740	326,046548	326,473677
16,218177	325,949008	326,473677
16,231614	325,973220	328,684438
16,245050	325,992590	328,343377
16,258487	325,941053	328,226827
16,271924	325,948662	328,226827
16,285361	327,894274	328,426802
16,298797	327,946503	328,708975
16,312234	327,977633	328,708975
16,325671	327,927133	330,745524
16,339108	327,955842	330,745524
16,352544	327,976941	330,687863
16,365981	328,001499	330,837537
16,379418	328,534165	330,837537
16,392855	329,790775	330,430227
16,406292	329,936740	330,363978
16,419728	329,951613	330,363978
16,433165	329,938815	332,242266
16,446602	329,930859	332,531800
16,460039	329,963719	332,531800
16,473475	329,918062	332,449602
16,486912	331,473176	332,315876
16,500349	331,974715	332,315876
16,513786	331,947044	332,590688
16,527222	331,992010	334,627238
16,540659	331,928366	334,627238
16,554096	331,894123	334,518049
16,567533	331,966414	334,702075
16,580969	331,921448	334,702075
16,594406	333,913081	334,559762
16,607843	333,996094	334,585525
16,621280	334,001975	334,585525
16,634717	333,921728	336,895660
16,648153	333,944557	336,895660
16,661590	333,942827	336,721449
16,675027	333,947670	336,721449
16,688464	333,914464	336,853947
16,701900	335,926165	336,853947
16,715337	336,019555	336,197590
16,728774	335,939654	338,166663
16,742211	335,957295	338,166663
16,755647	335,996035	338,681935
16,769084	336,002607	338,681935
16,782521	336,003990	338,408350
16,795958	337,947210	338,225552
16,809394	337,961046	338,225552
16,822831	337,936833	338,681935
16,836268	337,956549	340,568811
16,849705	337,961392	340,568811
16,863142	337,972806	340,584760
16,876578	337,920231	340,709897
16,890015	339,929522	340,709897
16,903452	339,969646	340,568811
16,916889	339,941974	340,478025
16,930325	339,953389	340,478025
16,943762	340,004235	342,654434
16,957199	339,960652	342,272888
16,970636	339,977601	342,272888
16,984072	339,958923	342,696147
16,997509	341,948851	342,530524
17,010946	341,959573	342,530524
17,024383	341,924638	342,696147
17,037820	341,959919	344,549898
17,051256	341,989666	344,549898
17,064693	341,953347	344,624735
17,078130	341,956806	344,624735
17,091567	343,908345	344,591610
17,105003	343,962997	344,673808
17,118440	343,988247	346,552096
17,131877	343,955387	346,552096
17,145314	343,953658	346,428186
17,158750	343,963343	346,875981
17,172187	343,996203	346,875981
17,185624	343,936363	346,586448
17,199061	345,956742	346,586448
17,212497	346,014506	346,377886
17,225934	345,943252	348,588646
17,239371	345,899669	348,588646
17,252808	345,970577	348,372723
17,266245	345,921460	348,571471
17,279681	345,997211	348,571471
17,293118	347,846377	348,638947
17,306555	347,932851	348,729733
17,319992	347,943574	348,729733
17,333428	347,988541	350,832532
17,346865	347,942537	350,633784
17,360302	347,933197	350,633784
17,373739	347,938040	350,674270
17,387175	347,926971	350,275548
17,400612	349,970537	350,275548
17,414049	349,946324	350,865656
17,427486	349,937331	352,611446
17,440923	349,939406	352,611446
17,454359	349,959469	352,810194
17,467796	349,903433	352,810194
17,481233	349,968116	352,519433
17,494670	351,901347	352,378347
17,508106	351,930402	352,378347
17,521543	352,001658	352,602858
17,534980	351,959458	354,472558
17,548417	351,930402	354,472558
17,561853	351,924868	354,364596
17,575290	351,950810	354,639408
17,588727	351,903422	354,639408
17,602164	353,724241	354,356009
17,615600	353,938007	354,580520
17,629037	353,975019	354,580520
17,642474	353,936278	356,700495
17,655911	354,004074	356,758156
17,669348	353,948384	356,758156
17,682784	354,316077	356,617070
17,696221	354,892348	356,533645
17,709658	355,992315	356,633019
17,723095	355,954958	356,633019
17,736531	355,945272	357,148290
17,749968	355,990240	358,503946
17,763405	355,938008	358,503946
17,776842	355,924864	358,411933
17,790278	355,992661	358,453645
17,803715	357,973298	358,453645
17,817152	357,942513	358,427882
17,830589	357,972606	360,331933
17,844025	357,964996	360,331933
17,857462	357,899967	360,671767
17,870899	357,947009	360,422719
17,884336	357,952544	360,422719
17,897773	359,919351	360,422719
17,911209	359,931111	360,563805
17,924646	360,018279	360,563805
17,938083	359,971928	362,342719
17,951520	359,910357	362,342719
17,964956	359,927652	362,326771
17,978393	359,908974	362,326771
17,991830	361,952577	362,326771
18,005267	361,964684	362,475218
18,018703	361,902075	362,450681
18,032140	361,888931	362,450681
18,045577	361,958112	364,461467
18,059014	361,950156	364,685979
18,072451	361,961917	364,685979
18,085887	361,931131	364,677391
18,099324	363,966093	364,677391
18,112761	363,953641	364,677391
18,126198	363,978546	364,520356
18,139634	364,014520	364,520356
18,153071	363,967823	364,520356
18,166508	364,018325	366,647692
18,179945	363,943955	366,515193
18,193381	365,931189	366,515193
18,206818	365,934648	366,621928
18,220255	365,960937	368,609404
18,233692	365,929459	368,609404
18,247128	365,912164	368,700190
18,260565	365,960245	368,700190
18,274002	365,922541	368,492855
18,287439	365,969930	368,492855
18,300876	367,919466	368,492855
18,314312	367,913586	368,717366
18,327749	367,913240	369,132037
18,341186	367,905284	369,132037
18,354623	367,873806	370,695028
18,368059	367,974465	370,620191
18,381496	367,930189	370,620191
18,394933	369,815737	370,644728
18,408370	369,943032	370,562529
18,421806	369,966900	370,562529
18,435243	369,886303	372,756115
18,448680	369,947183	372,664102
18,462117	369,992843	372,664102
18,475554	369,899793	372,747527
18,488990	369,919510	372,615028
18,502427	371,976982	372,615028
18,515864	371,948617	372,564728
18,529301	372,005692	374,742364
18,542737	371,936856	374,742364
18,556174	371,974560	374,784077
18,569611	371,958994	374,858914
18,583048	371,913680	374,858914
18,596484	373,316002	374,467553
18,609921	373,979805	374,335054
18,623358	373,989837	374,335054
18,636795	373,929648	376,753151
18,650231	373,931032	376,753151
18,663668	373,973925	376,886876
18,677105	373,947290	376,735975
18,690542	373,945906	376,735975
18,703979	375,905151	376,653777
18,717415	375,922101	376,836575
18,730852	375,982290	376,836575
18,744289	375,982981	378,440052
18,757726	375,886818	378,556601
18,771162	375,975717	378,556601
18,784599	375,889931	378,565189
18,798036	375,877824	378,548014
18,811473	377,945000	378,548014
18,824909	377,935314	378,880486
18,838346	378,021101	380,194429
18,851783	377,961258	380,194429
18,865220	377,919748	380,617688
18,878656	377,914213	380,750186
18,892093	377,949843	380,750186
18,905530	379,966175	380,676576
18,918967	379,954414	380,676576
18,932404	379,930200	382,495976
18,945840	379,913250	382,495976
18,959277	379,915326	382,978123
18,972714	379,943691	382,978123
18,986151	379,968943	382,379426
18,999587	381,397226	382,487388
19,013024	381,936162	382,487388
19,026461	381,927514	382,595350
19,039898	381,952074	384,590187
19,053334	381,881507	384,590187
19,066771	381,970062	384,598775
19,080208	381,971791	384,739861
19,093645	381,931665	384,739861
19,107082	383,884361	384,723913
19,120518	383,911343	384,590187
19,133955	383,909613	384,590187
19,147392	383,942129	385,753229
19,160829	383,989174	386,717523
19,174265	383,969111	386,717523
19,187702	383,947664	386,875785
19,201139	385,172902	386,875785
19,214576	386,003450	386,875785
19,228012	385,964015	386,759236
19,241449	385,910052	386,759236
19,254886	385,941531	386,759236
19,268323	385,947066	386,759236
19,281759	385,914203	388,546738
19,295196	385,906247	388,546738
19,308633	387,332468	388,546738
19,322070	387,985216	388,546738
19,335507	387,898736	388,546738
19,348943	387,922951	388,546738
19,362380	387,913265	388,546738
19,375817	387,941976	390,639722
19,389254	387,954083	390,639722
19,402690	387,966536	390,639722
19,416127	390,002618	390,639722
19,429564	389,913370	391,055620
19,443001	389,926169	391,055620
19,456437	389,956264	391,055620
19,469874	389,905414	392,585486
19,483311	389,932050	392,859071
19,496748	391,884424	392,859071
19,510185	391,908639	392,801409
19,523621	391,986817	394,496899
19,537058	391,935621	394,496899
19,550495	391,968483	394,737359
19,563932	391,913136	395,153257
19,577368	391,996157	395,153257
19,590805	391,946344	394,695646
19,604242	393,932971	394,695646
19,617679	393,926744	394,446598
19,631115	394,006652	395,003582
19,644552	393,966525	396,765321
19,657989	393,955456	396,765321
19,671426	393,950613	396,591110
19,684862	393,973444	396,822982
19,698299	394,920579	396,822982
19,711736	395,962844	396,989832
19,725173	395,923409	396,989832
19,738610	395,933441	398,468171
19,752046	395,901616	398,468171
19,765483	395,916491	398,718446
19,778920	395,982562	398,718446
19,792357	395,925139	398,859532
19,805793	397,933225	398,859532
19,819230	397,955364	398,551596
19,832667	397,945332	400,339098
19,846104	397,948791	400,339098
19,859540	397,920426	400,671571
19,872977	397,923885	400,920619
19,886414	397,924923	400,920619
19,899851	399,859679	400,737820
19,913287	399,957576	400,563609
19,926724	399,946506	400,563609
19,940161	399,908454	402,475022
19,953598	399,959305	403,173092
19,967035	399,905341	403,173092
19,980471	399,883202	402,740018
19,993908	399,976256	402,823443
20,007345	399,928518	402,823443
20,020782	399,904303	402,724070
20,034218	399,931285	402,823443
20,047655	399,948236	402,740018
20,061092	400,003584	402,740018
20,074529	399,926096	402,649232
20,087965	399,900498	402,649232
20,101402	399,938550	402,649232
20,114839	399,944085	402,748606
20,128276	399,942701	402,990293
20,141713	399,956884	402,990293
20,155149	399,994244	402,541271
20,168586	399,966224	402,308172
20,182023	399,933361	402,308172
20,195460	399,944776	402,483609
20,208896	399,936474	402,483609
20,222333	399,888391	402,374421
20,235770	399,921945	402,374421
20,249207	399,939588	402,475022
20,262643	399,928518	402,475022
20,276080	399,975218	402,666408
20,289517	399,916756	402,666408
20,302954	399,931977	402,666408
20,316390	399,993552	402,475022
20,329827	400,007043	402,591571
20,343264	399,884240	402,591571
20,356701	399,896347	402,565808
20,370138	399,893580	402,565808
20,383574	399,897039	402,200210
20,397011	399,903265	402,541271
20,410448	399,930248	402,541271
20,423885	399,939588	402,532683
20,437321	399,925751	402,640645
20,450758	399,961381	402,640645
20,464195	399,958959	402,441897
20,477632	399,929902	402,457846
20,491068	399,944776	402,457846
20,504505	399,886315	402,133961
20,517942	399,916065	402,383009
20,531379	399,924021	402,383009
20,544815	399,904649	402,466434
20,558252	399,962765	402,308172
20,571689	399,907762	402,308172
20,585126	399,914335	402,225974
20,598563	399,952041	402,225974
20,611999	399,965186	402,225974
20,625436	399,942355	402,524095
20,638873	399,960343	402,541271
20,652310	399,934745	402,541271
20,665746	399,940625	402,275047
20,679183	399,930248	402,515507
20,692620	399,885969	402,515507
20,706057	399,893580	402,632057
20,719493	399,979715	402,217386
20,732930	399,949619	402,217386
20,746367	399,943047	402,441897
20,759804	399,931285	402,441897
20,773241	399,970721	402,607520
20,786677	399,904649	402,233335
20,800114	399,936474	402,233335
20,813551	399,950311	402,400185
20,826988	399,946160	402,607520
20,840424	399,943393	402,349884
20,853861	399,962419	402,849207
20,867298	399,908454	402,849207
20,880735	399,954116	402,849207
20,894171	399,907071	402,059124
20,907608	399,964494	402,059124
20,921045	399,956538	402,151137
20,934482	399,910530	402,175673
20,947918	399,913297	402,175673
20,961355	399,986287	402,316760
20,974792	399,938896	402,316760
20,988229	399,961035	402,008823
21,001666	399,963110	402,532683
21,015102	399,918486	402,532683
21,028539	399,915373	402,475022
21,041976	399,925059	402,233335
21,055413	399,902228	402,233335
21,068849	399,911222	402,034587
21,082286	399,957922	402,457846
21,095723	399,930248	402,457846
21,109160	399,953770	402,549859
21,122596	399,888737	402,433309
21,136033	399,913643	402,549859
21,149470	399,951349	402,549859
21,162907	399,965186	402,349884
21,176344	399,949619	402,349884
21,189780	400,001508	402,175673
21,203217	399,942009	402,184261
21,216654	399,921945	402,184261
21,230091	399,939588	402,283635
21,243527	399,931285	402,515507
21,256964	399,942701	402,515507
21,270401	399,936820	402,374421
21,283838	399,929902	402,259098
21,297274	399,891504	402,259098
21,310711	399,931977	402,017411
21,324148	399,943739	402,400185
21,337585	399,907762	402,400185
21,351021	399,958613	402,142549
21,364458	399,974872	402,075073
21,377895	399,955846	402,075073
21,391332	399,908800	402,332708
21,404769	399,891850	402,116785
21,418205	399,955500	402,116785
21,431642	399,966916	402,374421
21,445079	399,926096	402,400185
21,458516	399,924367	402,400185
21,471952	399,896693	402,400185
21,485389	399,978677	402,043175
21,498826	399,917102	402,217386
21,512263	399,908454	402,217386
21,525699	399,913297	401,951162
21,539136	399,918140	402,208798
21,552573	399,916411	402,208798
21,566010	399,909838	402,067712
21,579446	399,918832	402,299584
21,592883	399,931285	402,299584
21,606320	399,908108	401,751188
21,619757	399,965532	402,100836
21,633194	399,916756	402,100836
21,646630	399,953079	402,067712
21,660067	399,982482	402,017411
21,673504	399,919524	402,017411
21,686941	399,930939	402,116785
21,700377	399,984904	401,992875
21,713814	399,949619	401,992875
21,727251	399,875937	402,075073
21,740688	399,930939	401,951162
21,754124	399,913989	401,951162
21,767561	399,929902	402,075073
21,780998	399,983174	402,075073
21,794435	399,930939	402,075073
21,807872	399,920216	402,200210
21,821308	399,941663	402,200210
21,834745	399,955846	402,200210
21,848182	399,911222	401,975699
21,861619	399,921599	401,900862
21,875055	399,909146	401,900862
21,888492	399,880780	402,151137
21,901929	399,929902	402,125373
21,915366	399,926442	402,125373
21,928802	399,966570	402,241923
21,942239	399,959997	402,100836
21,955676	399,924713	402,100836
21,969113	399,947198	402,034587
21,982549	399,926096	401,959750
21,995986	399,925059	401,959750
22,009423	399,917102	402,034587
22,022860	399,924367	401,718063
22,036297	399,903957	401,718063
22,049733	399,924367	402,008823
22,063170	399,920908	402,175673
22,076607	399,935436	402,175673
22,090044	399,953079	402,100836
22,103480	399,872132	402,100836
22,116917	399,915719	401,909450
22,130354	399,859679	402,283635
22,143791	399,955846	402,217386
22,157227	399,912259	402,217386
22,170664	399,922291	402,083660
22,184101	399,909838	401,876325
22,197538	399,933707	401,876325
22,210975	399,909838	402,292223
22,224411	399,940971	401,884913
22,237848	399,948928	402,017411
22,251285	399,885277	402,017411
22,264722	399,937166	401,668989
22,278158	399,982828	401,668989
22,291595	399,912259	402,133961
22,305032	399,953079	401,975699
22,318469	399,921945	401,975699
22,331905	399,928864	401,984287
22,345342	399,907762	402,100836
22,358779	399,952041	402,100836
22,372216	399,968991	401,818664
22,385652	399,948928	402,167085
22,399089	399,907417	402,167085
22,412526	399,926096	402,217386
22,425963	399,921254	401,684938
22,439400	399,964148	401,684938
22,452836	399,881818	401,776951
22,466273	399,952387	402,133961
22,479710	399,923329	402,133961
22,493147	399,923675	401,951162
22,506583	399,883548	401,826025
22,520020	399,911222	401,826025
22,533457	399,968991	401,735239
22,546894	399,975218	402,050536
22,560330	399,903957	402,050536
22,573767	399,908800	401,951162
22,587204	399,909492	402,400185
22,600641	399,906379	402,400185
22,614077	399,910876	401,942574
22,627514	399,952733	401,942574
22,640951	399,938550	401,918037
22,654388	399,959305	401,918037
22,667825	399,930594	401,992875
22,681261	399,927826	401,992875
22,694698	399,947198	402,191622
22,708135	399,892196	401,792900
22,721572	399,931631	401,792900
22,735008	399,982482	402,208798
22,748445	399,920562	402,008823
22,761882	399,962765	402,008823
22,775319	399,875937	401,759775
22,788755	399,911222	402,316760
22,802192	399,913643	402,316760
22,815629	399,941663	402,083660
22,829066	399,978677	402,083660
22,842503	399,939242	402,083660
22,855939	399,947890	402,125373
22,869376	399,944431	402,017411
22,882813	399,929902	402,017411
22,896250	399,952733	402,025999
22,909686	399,954808	402,283635
22,923123	399,907762	402,283635
22,936560	399,972796	402,008823
22,949997	399,898077	401,951162
22,963433	399,934053	401,951162
22,976870	399,962419	402,067712
22,990307	399,927826	401,933986
23,003744	399,896001	401,933986
23,017180	399,888737	401,810076
23,030617	399,875245	401,984287
23,044054	399,953425	401,984287
23,057491	399,950311	402,158498
23,070928	399,947544	401,900862
23,084364	399,925059	401,900862
23,097801	399,946506	402,191622
23,111238	399,934399	402,191622
23,124675	399,921599	401,785539
23,138111	399,952387	402,008823
23,151548	399,926442	402,008823
23,164985	399,921254	402,008823
23,178422	399,921945	402,008823
23,191858	399,965186	402,083660
23,205295	399,937166	402,083660
23,218732	399,906033	401,851788
23,232169	399,928864	402,142549
23,245606	399,939933	402,142549
23,259042	399,942701	401,668989
23,272479	399,934053	401,768363
23,285916	399,932669	401,768363
23,299353	399,915373	401,884913
23,312789	399,921254	401,884913
23,326226	399,942355	401,884913
23,339663	399,957230	401,859149
23,353100	399,946506	401,743827
23,366536	399,948236	401,743827
23,379973	399,940971	402,017411
23,393410	399,949273	401,918037
23,406847	399,943393	401,918037
23,420283	399,956538	401,676351
23,433720	399,943393	401,610101
23,447157	399,934399	401,610101
23,460594	399,920562	401,909450
23,474031	399,890120	401,959750
23,487467	399,984558	401,959750
23,500904	399,934745	401,843200
23,514341	399,900844	401,643226
23,527778	399,934745	401,643226
23,541214	399,935782	401,918037
23,554651	399,982828	402,034587
23,568088	399,894271	402,034587
23,581525	399,911568	401,810076
23,594961	399,903611	401,810076
23,608398	399,934745	401,502140
23,621835	399,928518	401,851788
23,635272	399,954462	402,092248
23,648708	399,859679	402,092248
23,662145	399,976947	402,008823
23,675582	399,928864	402,008823
23,689019	399,936128	401,726651
23,702456	399,937166	401,851788
23,715892	399,880780	401,851788
23,729329	399,896001	402,233335
23,742766	399,909492	401,909450
23,756203	399,925405	401,909450
23,769639	399,938896	401,975699
23,783076	399,900152	402,217386
23,796513	399,889082	402,217386
23,809950	399,917794	401,918037
23,823386	399,934053	401,918037
23,836823	399,863484	401,834613
23,850260	399,924367	401,834613
23,863697	399,940279	402,175673
23,877134	399,980407	402,175673
23,890570	399,940971	401,810076
23,904007	399,916411	401,610101
23,917444	399,957576	401,610101
23,930881	399,937512	402,075073
23,944317	399,901190	402,075073
23,957754	399,950657	401,951162
23,971191	399,966570	401,959750
23,984628	400,005659	401,959750
23,998064	399,948582	401,843200
24,011501	399,965186	401,801488
24,024938	399,889774	401,801488
24,038375	399,946852	401,992875
24,051811	399,937166	401,867737
24,065248	399,897385	401,867737
24,078685	399,905687	401,792900
24,092122	399,955154	401,735239
24,105559	399,909146	401,735239
24,118995	399,934053	401,785539
24,132432	399,981790	401,785539
24,145869	399,968991	401,785539
24,159306	399,862100	401,785539
24,172742	399,964494	401,726651
24,186179	399,934053	401,726651
24,199616	399,961035	402,050536
24,213053	399,920216	401,785539
24,226489	399,907417	401,785539
24,239926	399,903957	401,843200
24,253363	399,909492	401,843200
24,266800	399,903265	401,576977
24,280236	399,929902	401,576977
24,293673	399,889774	401,900862
24,307110	399,950311	401,892274
24,320547	399,939242	401,892274
24,333984	399,915027	401,643226
24,347420	399,923329	401,759775
24,360857	399,920216	401,759775
24,374294	399,919178	402,025999
24,387731	399,935782	402,025999
24,401167	399,927134	401,968338
24,414604	399,938896	401,918037
24,428041	399,968991	401,918037
24,441478	399,918832	401,951162
24,454914	399,936474	401,477603
24,468351	399,915027	401,477603
24,481788	399,926788	401,676351
24,495225	399,947544	401,651814
24,508662	399,939242	401,651814
24,522098	399,940625	401,651814
24,535535	399,959651	401,676351
24,548972	399,915027	401,702114
24,562409	400,016729	401,702114
24,575845	399,941663	401,726651
24,589282	399,927480	401,726651
24,602719	399,901190	401,768363
24,616156	399,916411	401,768363
24,629592	399,983520	401,693526
24,643029	399,890466	401,693526
24,656466	399,942355	401,702114
24,669903	399,956538	401,634638
24,683339	399,996319	401,634638
24,696776	399,946852	401,768363
24,710213	399,928864	401,801488
24,723650	399,908454	401,801488
24,737087	399,931977	401,668989
24,750523	399,919870	401,477603
24,763960	399,907417	401,477603
24,777397	399,920216	401,693526
24,790834	399,953770	401,693526
24,804270	399,933707	401,918037
24,817707	399,908454	401,743827
24,831144	399,913297	401,726651
24,844581	399,920562	401,726651
24,858017	399,930594	401,843200
24,871454	399,949273	401,851788
24,884891	399,951003	401,851788
24,898328	399,996665	401,792900
24,911765	399,939933	401,792900
24,925201	399,965878	401,684938
24,938638	399,933361	401,676351
24,952075	399,872132	401,676351
24,965512	399,931977	401,634638
24,978948	399,961381	401,568389
24,992385	399,906725	401,702114
25,005822	399,936474	401,702114
25,019259	399,954808	401,743827
25,032695	399,917102	401,718063
25,046132	399,940279	401,718063
25,059569	399,969337	401,601513
25,073006	399,939588	401,668989
25,086442	399,913643	401,668989
25,099879	399,934399	401,684938
25,113316	399,916065	401,785539
25,126753	399,913643	401,502140
25,140190	399,942355	401,502140
25,153626	399,921254	401,535264
25,167063	399,913643	401,451839
25,180500	399,952733	401,451839
25,193937	399,980753	401,627277
25,207373	399,916756	401,634638
25,220810	399,884585	401,634638
25,234247	399,921599	401,235916
25,247684	399,906725	401,552440
25,261120	399,919524	401,552440
25,274557	399,926442	401,568389
25,287994	400,010848	401,377002
25,301431	399,956192	401,377002
25,314867	399,940279	401,643226
25,328304	399,929210	401,826025
25,341741	399,949619	401,345104
25,355178	399,910530	401,345104
25,368615	399,932669	401,310753
25,382051	399,964840	401,310753
25,395488	399,925751	401,444478
25,408925	399,974872	401,543852
25,422362	399,924713	401,543852
25,435798	399,933707	401,336517
25,449235	399,945468	401,876325
25,462672	399,953079	401,876325
25,476109	399,965878	401,759775
25,489545	399,945122	401,651814
25,502982	399,903611	401,651814
25,516419	399,974872	401,444478
25,529856	399,892542	401,585565
25,543293	399,906725	401,585565
25,556729	399,921599	401,418715
25,570166	399,932323	401,418715
25,583603	399,882164	401,418715
25,597040	399,929902	401,709475
25,610476	399,935091	401,643226
25,623913	399,920908	401,643226
25,637350	399,971413	401,759775
25,650787	399,935436	401,601513
25,664223	399,998049	401,601513
25,677660	400,029874	401,693526
25,691097	399,919524	401,693526
25,704534	399,938896	401,535264
25,717970	399,946160	401,535264
25,731407	399,924367	401,709475
25,744844	399,922983	401,709475
25,758281	399,928172	401,202791
25,771718	399,904649	401,202791
25,785154	399,944085	401,785539
25,798591	399,998049	401,785539
25,812028	399,953770	401,785539
25,825465	399,911568	401,486191
25,838901	399,975564	401,486191
25,852338	399,911222	401,486191
25,865775	399,928172	401,493552
25,879212	399,940279	401,493552
25,892648	399,892888	401,469015
25,906085	399,998049	401,519315
25,919522	399,901536	401,435890
25,932959	399,927480	401,435890
25,946396	399,905687	401,178255
25,959832	399,950311	401,178255
25,973269	399,960689	401,576977
25,986706	399,931285	401,235916
26,000143	399,921945	401,235916
26,013579	399,942701	401,909450
26,027016	399,926788	401,909450
26,040453	399,955500	401,676351
26,053890	399,938550	401,493552
26,067326	399,933015	401,651814
26,080763	399,920908	401,651814
26,094200	399,949965	401,527903
26,107637	399,917794	401,660402
26,121073	399,955846	401,660402
26,134510	399,878013	401,552440
26,147947	399,898422	401,552440
26,161384	399,951695	401,486191
26,174821	399,967953	401,585565
26,188257	399,938550	401,585565
26,201694	399,937858	401,286216
26,215131	399,953770	401,402766
26,228568	399,918486	401,502140
26,242004	399,952387	401,336517
26,255441	399,905687	401,336517
26,268878	399,941317	401,336517
26,282315	399,901190	401,352465
26,295751	399,909838	401,352465
26,309188	399,933361	401,294804
26,322625	399,917794	401,527903
26,336062	399,962765	401,527903
26,349498	399,926788	401,493552
26,362935	399,876975	401,660402
26,376372	399,907071	401,660402
26,389809	399,920908	401,427303
26,403246	399,983866	401,427303
26,416682	399,923675	401,543852
26,430119	399,927826	401,543852
26,443556	399,945468	401,543852
26,456993	399,945468	401,460427
26,470429	399,921254	401,369641
26,483866	399,941663	401,369641
26,497303	399,908454	401,377002
26,510740	399,944085	401,477603
26,524176	399,909146	401,477603
26,537613	399,948928	401,427303
26,551050	399,915373	401,336517
26,564487	399,913643	401,336517
26,577924	399,937166	401,502140
26,591360	399,933707	401,460427
26,604797	399,903611	401,460427
26,618234	399,890812	401,535264
26,631671	399,905687	401,411354
26,645107	399,912951	401,411354
26,658544	400,001508	401,684938
26,671981	399,935091	401,352465
26,685418	399,919178	401,352465
26,698854	399,933361	401,735239
26,712291	399,955500	401,385590
26,725728	399,940279	401,385590
26,739165	399,880088	401,303392
26,752601	399,982482	401,451839
26,766038	399,956192	401,451839
26,779475	399,924021	401,402766
26,792912	399,984904	401,411354
26,806349	399,914681	401,411354
26,819785	399,942701	401,327929
26,833222	399,960689	401,352465
26,846659	399,939588	401,352465
26,860096	399,914681	401,510727
26,873532	399,912259	401,510727
26,886969	399,945122	401,493552
26,900406	399,893580	401,435890
26,913843	399,940279	401,435890
26,927279	399,886315	401,477603
26,940716	399,918486	401,668989
26,954153	399,944431	401,668989
26,967590	399,901882	401,792900
26,981027	399,919178	401,277628
26,994463	399,964494	401,277628
27,007900	399,913643	401,277628
27,021337	399,912951	401,535264
27,034774	399,924713	401,535264
27,048210	399,935436	401,535264
27,061647	399,916756	401,627277
27,075084	399,930248	401,776951
27,088521	399,939588	401,776951
27,101957	399,927826	401,502140
27,115394	399,912605	401,411354
27,128831	399,943393	401,411354
27,142268	399,874554	401,643226
27,155704	399,902919	401,643226
27,169141	399,930248	401,576977
27,182578	399,915027	401,702114
27,196015	399,945814	401,702114
27,209452	399,944085	401,303392
27,222888	399,878359	401,294804
27,236325	399,921599	401,510727
27,249762	399,956192	401,510727
27,263199	399,928172	401,261679
27,276635	399,914681	401,444478
27,290072	399,922983	401,444478
27,303509	399,962419	401,294804
27,316946	399,975564	401,294804
27,330382	399,902228	401,435890
27,343819	399,938550	401,561028
27,357256	399,913643	401,385590
27,370693	399,987325	401,385590
27,384129	399,894271	401,402766
27,397566	399,906033	401,402766
27,411003	399,966916	401,460427
27,424440	399,927480	401,477603
27,437877	399,922983	401,510727
27,451313	399,933015	401,510727
27,464750	399,944085	401,493552
27,478187	399,918486	401,535264
27,491624	399,900152	401,535264
27,505060	399,876629	401,702114
27,518497	399,961035	401,743827
27,531934	399,949965	401,743827
27,545371	399,977639	401,519315
27,558807	399,905687	401,310753
27,572244	399,938204	401,310753
27,585681	399,927480	401,502140
27,599118	399,944085	401,676351
27,612555	399,963802	401,676351
27,625991	399,961727	401,319341
27,639428	399,917448	400,878906
27,652865	399,904995	400,878906
27,666302	399,993552	401,543852
27,679738	399,883548	401,011405
27,693175	399,959997	401,011405
27,706612	399,956192	401,394178
27,720049	399,939933	401,394178
27,733485	399,899114	401,527903
27,746922	399,941317	401,244504
27,760359	399,894617	401,244504
27,773796	399,925405	401,303392
27,787232	399,984212	401,469015
27,800669	399,899114	401,469015
27,814106	399,889428	401,444478
27,827543	399,906379	401,385590
27,840980	399,933361	401,385590
27,854416	399,990439	401,087469
27,867853	399,950311	401,028580
27,881290	399,923329	401,028580
27,894727	399,924021	401,660402
27,908163	399,872478	401,345104
27,921600	399,945122	401,345104
27,935037	399,970029	401,269041
27,948474	399,904995	401,310753
27,961910	399,964148	401,310753
27,975347	399,944431	401,244504
27,988784	399,943739	401,585565
28,002221	399,919524	401,585565
28,015657	399,881472	401,277628
28,029094	399,925059	401,277628
28,042531	399,923675	401,120593
28,055968	399,907071	401,269041
28,069405	399,893580	401,269041
28,082841	399,928172	401,402766
28,096278	399,880780	401,235916
28,109715	399,931285	401,235916
28,123152	399,878013	401,261679
28,136588	399,946852	401,460427
28,150025	399,947198	401,510727
28,163462	399,942355	401,510727
28,176899	399,939588	401,352465
28,190335	399,925059	401,352465
28,203772	399,928864	401,352465
28,217209	399,941663	401,352465
28,230646	399,984558	401,352465
28,244083	399,976602	401,568389
28,257519	399,881126	401,402766
28,270956	399,948582	401,402766
28,284393	399,960689	401,178255
28,297830	399,990093	401,352465
28,311266	399,964148	401,352465
28,324703	399,913989	400,962331
28,338140	399,907417	400,962331
28,351577	399,913643	401,377002
28,365013	399,862100	401,186842
28,378450	399,957230	401,186842
28,391887	400,023301	401,385590
28,405324	399,918832	401,444478
28,418760	399,855874	401,486191
28,432197	399,915373	401,486191
28,445634	399,897385	401,327929
28,459071	399,944085	401,327929
28,472508	399,955846	401,345104
28,485944	399,972105	401,202791
28,499381	399,880780	401,411354
28,512818	399,972105	401,411354
28,526255	399,954462	401,319341
28,539691	400,003238	401,319341
28,553128	399,900152	401,103417
28,566565	399,954462	401,319341
28,580002	399,917102	401,319341
28,593438	399,915719	401,286216
28,606875	399,907762	401,152491
28,620312	399,906033	401,152491
28,633749	399,957922	401,693526
28,647186	399,932669	401,219967
28,660622	399,947544	401,219967
28,674059	399,942355	401,277628
28,687496	399,859679	401,361053
28,700933	399,937858	401,361053
28,714369	399,953770	401,377002
28,727806	399,932669	401,127954
28,741243	399,931285	401,127954
28,754680	399,912605	401,627277
28,768116	399,894617	401,103417
28,781553	399,901882	401,103417
28,794990	399,872824	401,094830
28,808427	399,895309	400,953743
28,821863	399,891504	400,953743
28,835300	399,925405	401,244504
28,848737	399,899806	401,634638
28,862174	399,949619	401,634638
28,875611	399,944085	401,477603
28,889047	399,937166	401,477603
28,902484	399,943739	401,411354
28,915921	399,916411	401,178255
28,929358	399,928864	401,178255
28,942794	399,932669	400,936568
28,956231	399,901536	401,535264
28,969668	399,921254	401,535264
28,983105	399,952387	401,510727
28,996541	399,943739	400,978280
29,009978	399,969683	400,978280
29,023415	399,935436	401,112005
29,036852	399,953425	401,244504
29,050288	399,913989	401,244504
29,063725	399,910876	401,327929
29,077162	399,944431	401,253092
29,090599	399,925405	401,253092
29,104036	399,965186	400,945155
29,117472	399,951349	401,469015
29,130909	399,939242	401,469015
29,144346	399,919178	401,535264
29,157783	399,921254	400,969692
29,171219	399,950311	400,969692
29,184656	399,920216	401,094830
29,198093	399,917102	401,169667
29,211530	399,914335	401,169667
29,224966	399,956538	401,527903
29,238403	399,975910	401,136542
29,251840	399,970721	401,136542
29,265277	399,962765	401,627277
29,278714	399,935782	401,228555
29,292150	399,955500	401,228555
29,305587	399,914681	401,228555
29,319024	399,937858	401,402766
29,332461	399,990439	401,402766
29,345897	399,904995	401,336517
29,359334	399,937166	401,336517
29,372771	399,936820	400,878906
29,386208	399,886661	401,427303
29,399644	399,945122	401,493552
29,413081	399,976256	401,493552
29,426518	399,948928	401,402766
29,439955	399,927134	401,053117
29,453391	399,934053	401,053117
29,466828	399,906379	401,294804
29,480265	399,901190	401,169667
29,493702	399,938550	401,169667
29,507139	399,963802	401,552440
29,520575	399,951003	401,112005
29,534012	399,949273	401,112005
29,547449	399,935091	400,896082
29,560886	399,904303	400,896082
29,574322	399,924713	400,945155
29,587759	399,901190	401,120593
29,601196	399,901536	401,120593
29,614633	399,929902	401,028580
29,628069	399,915027	401,319341
29,641506	399,929902	401,319341
29,654943	399,916065	401,377002
29,668380	399,878359	401,377002
29,681817	399,899806	401,377002
29,695253	399,945814	401,502140
29,708690	399,919870	401,310753
29,722127	399,926096	401,310753
29,735564	399,993898	401,310753
29,749000	399,947890	401,161079
29,762437	399,953770	401,161079
29,775874	399,934053	401,286216
29,789311	399,943393	401,094830
29,802747	399,916411	401,094830
29,816184	399,955154	401,319341
29,829621	399,938204	401,319341
29,843058	399,917448	401,235916
29,856494	399,919524	400,779532
29,869931	399,864176	400,779532
29,883368	399,902228	400,929207
29,896805	399,926442	401,319341
29,910242	399,942701	401,319341
29,923678	399,913643	401,310753
29,937115	399,883548	401,178255
29,950552	399,972105	401,178255
29,963989	399,998741	401,112005
29,977425	399,910184	401,169667
29,990862	399,964840	401,169667
30,004299	399,899460	401,336517
30,017736	399,892196	401,269041
30,031172	399,877667	401,269041
30,044609	399,906725	401,294804
30,058046	399,918486	400,986868
30,071483	399,886315	400,986868
30,084919	399,898422	401,028580
30,098356	399,921945	401,011405
30,111793	399,959651	401,011405
30,125230	399,940279	401,178255
30,138667	399,969337	401,194203
30,152103	399,956538	401,194203
30,165540	399,930248	400,878906
30,178977	399,932323	400,878906
30,192414	399,948236	401,028580
30,205850	400,002892	401,186842
30,219287	399,931285	401,186842
30,232724	399,852760	401,385590
30,246161	399,881126	401,178255
30,259597	399,991476	401,178255
30,273034	399,939242	401,477603
30,286471	399,934053	400,546433
30,299908	399,959305	400,546433
30,313345	399,948582	401,277628
30,326781	399,994590	401,120593
30,340218	399,906725	401,120593
30,353655	399,945122	401,161079
30,367092	399,966224	400,821245
30,380528	399,927826	400,821245
30,393965	399,903265	400,854370
30,407402	399,989401	401,202791
30,420839	399,924367	401,202791
30,434275	399,929210	401,418715
30,447712	399,912951	401,120593
30,461149	399,917448	401,120593
30,474586	399,972796	401,127954
30,488022	399,882510	400,821245
30,501459	399,919870	400,821245
30,514896	399,901190	401,037168
30,528333	399,960343	401,253092
30,541770	399,945468	401,253092
30,555206	399,937166	401,112005
30,568643	399,936474	401,152491
30,582080	399,874900	401,152491
30,595517	399,941317	401,277628
30,608953	399,939242	401,053117
30,622390	399,919870	401,053117
30,635827	399,930594	401,061705
30,649264	399,891158	400,945155
30,662700	399,960689	400,945155
30,676137	399,933707	401,053117
30,689574	399,959305	400,920619
30,703011	399,943739	400,920619
30,716448	399,908800	400,945155
30,729884	399,924367	400,654395
30,743321	399,940279	400,654395
30,756758	399,944776	400,862957
30,770195	399,999779	400,862957
30,783631	399,920562	401,011405
30,797068	399,919870	400,588146
30,810505	399,956538	400,588146
30,823942	399,914335	400,662983
30,837378	399,922637	401,019993
30,850815	399,968645	401,019993
30,864252	399,920216	400,812657
30,877689	399,910184	400,804069
30,891125	399,909146	400,804069
30,904562	399,945122	401,087469
30,917999	399,909838	401,211379
30,931436	399,933707	401,152491
30,944873	399,912605	401,152491
30,958309	399,954462	400,770945
30,971746	399,939588	400,986868
30,985183	399,890466	400,986868
30,998620	399,929556	401,120593
31,012056	399,922291	400,579558
31,025493	399,906725	400,579558
31,038930	399,958959	400,720644
31,052367	399,930939	401,045756
31,065803	399,901190	401,045756
31,079240	399,940625	401,136542
31,092677	399,936820	401,120593
31,106114	399,949965	401,120593
31,119550	399,930248	401,136542
31,132987	399,960689	401,136542
31,146424	399,954808	401,178255
31,159861	399,900152	401,078881
31,173298	399,913297	400,870318
31,186734	399,947198	400,870318
31,200171	399,913989	400,962331
31,213608	399,923329	400,962331
31,227045	399,910876	400,920619
31,240481	399,861754	401,053117
31,253918	399,910876	401,053117
31,267355	399,940971	401,019993
31,280792	399,893925	400,712056
31,294228	399,912605	400,712056
31,307665	399,931631	401,178255
31,321102	399,906725	401,078881
31,334539	399,942009	401,078881
31,347976	399,948236	400,770945
31,361412	399,921599	401,202791
31,374849	399,941317	401,202791
31,388286	399,905341	401,078881
31,401723	399,939588	400,962331
31,415159	399,908454	400,962331
31,428596	399,864868	400,854370
31,442033	399,918486	400,962331
31,455470	399,962419	400,962331
31,468906	399,929556	401,011405
31,482343	399,983174	401,011405
31,495780	399,937166	401,011405
31,509217	399,922983	400,962331
31,522653	399,898422	401,152491
31,536090	399,944776	401,152491
31,549527	399,964840	400,704695
31,562964	399,904995	401,028580
31,576401	399,898077	401,028580
31,589837	399,893234	400,837194
31,603274	399,938896	401,145130
31,616711	399,934399	401,145130
31,630148	399,920908	400,978280
31,643584	399,893234	400,812657
31,657021	399,974526	400,812657
31,670458	399,901882	401,078881
31,683895	399,909838	401,078881
31,697331	399,985250	401,045756
31,710768	399,945122	400,788120
31,724205	399,884931	400,788120
31,737642	399,917102	400,647034
31,751078	399,909146	400,854370
31,764515	399,871094	400,854370
31,777952	399,907417	400,929207
31,791389	399,894271	401,028580
31,804826	399,940971	401,028580
31,818262	399,909146	401,112005
31,831699	399,950311	400,746408
31,845136	399,869711	400,746408
31,858573	399,958959	400,779532
31,872009	399,905341	400,704695
31,885446	399,898077	400,704695
31,898883	399,939242	400,887494
31,912320	399,883894	400,887494
31,925756	399,873862	401,045756
31,939193	399,906379	401,253092
31,952630	399,944431	401,253092
31,966067	399,926442	400,953743
31,979504	399,945468	401,011405
31,992940	399,931285	400,845782
32,006377	399,982828	400,845782
32,019814	399,918832	400,804069
32,033251	399,949619	400,804069
32,046687	399,928172	400,896082
32,060124	399,928172	400,870318
32,073561	399,908108	400,870318
32,086998	399,975910	400,712056
32,100434	399,951695	400,687520
32,113871	399,909838	400,687520
32,127308	399,897039	400,845782
32,140745	399,923329	400,887494
32,154181	399,908454	400,887494
32,167618	399,991130	400,687520
32,181055	399,929556	400,969692
32,194492	399,912605	400,969692
32,207929	399,891850	400,588146
32,221365	399,961727	400,762357
32,234802	399,907762	400,762357
32,248239	399,908800	400,870318
32,261676	399,928518	400,804069
32,275112	399,899806	400,804069
32,288549	399,915719	400,837194
32,301986	399,890120	400,837194
32,315423	399,895655	400,729232
32,328859	399,895309	400,737820
32,342296	399,919870	400,737820
32,355733	399,934053	400,737820
32,369170	399,919524	400,804069
32,382607	399,919524	400,804069
32,396043	399,927826	400,704695
32,409480	399,911222	400,795481
32,422917	399,904649	400,795481
32,436354	399,930594	401,152491
32,449790	399,959305	400,936568
32,463227	399,976256	400,936568
32,476664	399,932323	400,936568
32,490101	399,917102	400,680159
32,503537	399,927826	400,680159
32,516974	399,949619	400,753769
32,530411	399,924713	400,570970
32,543848	399,958268	400,570970
32,557284	399,955154	400,704695
32,570721	399,928864	400,770945
32,584158	399,914335	400,770945
32,597595	399,968299	400,779532
32,611032	399,969683	400,953743
32,624468	399,954116	400,953743
32,637905	399,954808	400,929207
32,651342	399,940625	400,862957
32,664779	399,945468	400,862957
32,678215	399,923675	400,788120
32,691652	399,917102	400,720644
32,705089	399,961727	400,720644
32,718526	399,910530	400,804069
32,731962	399,897731	400,680159
32,745399	399,907417	400,680159
32,758836	399,941663	400,638446
32,772273	399,915719	400,929207
32,785709	399,937512	400,929207
32,799146	399,933707	400,837194
32,812583	399,915027	400,837194
32,826020	399,961381	400,912031
32,839457	399,962073	400,912031
32,852893	399,939933	400,912031
32,866330	399,953425	400,671571
32,879767	399,979023	400,563609
32,893204	399,978331	400,563609
32,906640	399,874900	400,720644
32,920077	399,929902	400,762357
32,933514	399,903265	400,762357
32,946951	399,932669	400,828606
32,960387	399,919524	401,078881
32,973824	399,902919	400,612683
32,987261	399,916065	400,612683
33,000698	399,885969	400,605322
33,014135	399,967262	400,962331
33,027571	399,894963	400,962331
33,041008	399,909838	400,904670
33,054445	399,889428	400,762357
33,067882	399,929210	400,762357
33,081318	399,916756	400,828606
33,094755	399,948582	400,828606
33,108192	399,923675	401,019993
33,121629	399,933015	400,945155
33,135065	399,919524	400,945155
33,148502	399,947890	400,878906
33,161939	399,936128	400,904670
33,175376	399,897039	400,904670
33,188812	399,970029	400,555021
33,202249	399,967953	401,028580
33,215686	399,950657	401,028580
33,229123	399,953425	401,011405
33,242560	399,999433	400,746408
33,255996	399,849647	400,746408
33,269433	399,883894	400,480184
33,282870	399,974872	400,480184
33,296307	399,899806	400,912031
33,309743	399,970721	400,762357
33,323180	399,956884	400,621270
33,336617	400,009810	400,621270
33,350054	399,922637	400,795481
33,363490	399,946852	400,795481
33,376927	399,992860	400,912031
33,390364	399,883202	400,654395
33,403801	399,920562	401,004044
33,417238	399,976947	401,004044
33,430674	399,929556	401,070293
33,444111	399,985942	400,638446
33,457548	399,913297	400,638446
33,470985	399,932323	400,546433
33,484421	399,922291	400,579558
33,497858	399,922637	400,579558
33,511295	399,934745	400,912031
33,524732	399,902574	400,969692
33,538168	399,984212	400,969692
33,551605	399,946852	400,496133
33,565042	399,915719	400,496133
33,578479	399,916411	400,837194
33,591915	399,951695	400,828606
33,605352	399,970721	400,828606
33,618789	399,916411	400,704695
33,632226	399,872478	400,579558
33,645663	399,946852	400,579558
33,659099	399,966224	400,870318
33,672536	399,950311	400,680159
33,685973	399,947544	400,680159
33,699410	399,947198	400,654395
33,712846	399,956538	400,546433
33,726283	399,904995	400,546433
33,739720	399,940971	400,647034
33,753157	399,961727	400,837194
33,766593	399,948582	400,837194
33,780030	399,962073	400,821245
33,793467	399,913297	400,762357
33,806904	399,941317	400,762357
33,820340	399,894617	400,845782
33,833777	399,904995	400,588146
33,847214	399,913643	400,588146
33,860651	399,881818	400,579558
33,874088	399,931285	400,579558
33,887524	399,962419	400,563609
33,900961	399,870403	400,969692
33,914398	399,915719	400,969692
33,927835	399,898077	400,704695
33,941271	399,917102	400,795481
33,954708	399,919870	400,795481
33,968145	399,874554	400,904670
33,981582	399,883202	400,680159
33,995018	399,888045	400,680159
34,008455	399,976602	400,828606
34,021892	399,905687	400,680159
34,035329	399,947890	400,680159
34,048766	399,870748	400,912031
34,062202	399,895655	400,845782
34,075639	399,958613	400,845782
34,089076	399,962765	400,563609
34,102513	399,933361	401,087469
34,115949	399,933361	401,087469
34,129386	399,965878	400,821245
34,142823	399,946160	400,720644
34,156260	399,888737	400,720644
34,169696	399,894617	400,687520
34,183133	399,962073	400,804069
34,196570	399,890812	400,804069
34,210007	399,913643	400,464235
34,223443	399,972796	400,429884
34,236880	399,916065	400,429884
34,250317	399,912605	400,762357
34,263754	399,914681	400,529258
34,277191	399,907417	400,529258
34,290627	399,987325	400,447060
34,304064	400,004276	400,680159
34,317501	399,922637	400,680159
34,330938	399,906379	400,712056
34,344374	399,899806	400,696107
34,357811	399,893925	400,696107
34,371248	399,908108	400,563609
34,384685	399,902228	400,612683
34,398121	399,934053	400,612683
34,411558	399,904649	400,629858
34,424995	400,021918	400,455647
34,438432	399,963802	400,455647
34,451869	399,925059	400,737820
34,465305	399,908108	400,737820
34,478742	399,964840	400,588146
34,492179	399,937858	400,546433
34,505616	399,922637	400,546433
34,519052	399,893580	400,555021
34,532489	399,896347	400,429884
34,545926	399,949619	400,429884
34,559363	399,966916	400,081462
34,572799	399,901882	400,081462
34,586236	399,996319	400,513309
34,599673	399,940625	400,696107
34,613110	399,903265	400,405347
34,626546	399,936820	400,405347
34,639983	399,916411	400,055698
34,653420	399,938896	400,055698
34,666857	399,897039	400,570970
34,680294	399,967262	400,222548
34,693730	399,867635	400,222548
34,707167	399,940625	400,596734
34,720604	399,947198	400,854370
34,734041	399,919870	400,854370
34,747477	399,959305	400,770945
34,760914	399,879743	400,496133
34,774351	399,957922	400,496133
34,787788	399,939933	400,870318
34,801224	399,931631	400,596734
34,814661	399,943739	400,596734
34,828098	399,979715	400,638446
34,841535	399,955500	400,570970
34,854971	399,917102	400,570970
34,868408	399,979715	400,696107
34,881845	399,931631	400,438472
34,895282	399,945468	400,438472
34,908719	399,910184	400,804069
34,922155	399,941317	400,704695
34,935592	399,934745	400,704695
34,949029	399,907071	400,779532
34,962466	399,984558	400,746408
34,975902	399,945468	400,746408
34,989339	399,929556	400,837194
35,002776	399,964494	400,605322
35,016213	399,899460	400,605322
35,029649	399,912951	400,612683
35,043086	399,871094	400,638446
35,056523	399,903265	400,638446
35,069960	399,973834	400,638446
35,083397	399,931285	400,588146
35,096833	399,951003	400,588146
35,110270	399,929210	400,647034
35,123707	399,915373	400,712056
35,137144	399,939588	400,712056
35,150580	399,930594	400,464235
35,164017	399,947544	400,521897
35,177454	399,944085	400,521897
35,190891	399,959997	400,638446
35,204327	399,910876	400,638446
35,217764	399,975564	400,662983
35,231201	399,966916	400,396759
35,244638	399,963110	400,396759
35,258074	399,943393	400,596734
35,271511	399,952733	400,588146
35,284948	399,919524	400,588146
35,298385	399,931285	400,388171
35,311822	399,922637	400,396759
35,325258	399,944085	400,396759
35,338695	399,948236	400,321922
35,352132	399,878705	400,363635
35,365569	399,937858	400,363635
35,379005	399,970375	400,596734
35,392442	399,945122	400,555021
35,405879	399,975564	400,555021
35,419316	399,900498	400,513309
35,432752	399,989055	400,513309
35,446189	399,951349	400,629858
35,459626	399,887353	400,563609
35,473063	399,943393	400,687520
35,486499	399,976256	400,687520
35,499936	399,977985	400,031162
35,513373	399,973142	400,031162
35,526810	399,910530	400,464235
35,540247	399,941663	400,471596
35,553683	399,899114	400,471596
35,567120	399,931631	400,422523
35,580557	399,949619	400,504721
35,593994	399,956884	400,504721
35,607430	399,971067	400,654395
35,620867	399,933707	400,464235
35,634304	399,928518	400,464235
35,647741	399,974180	400,546433
35,661177	399,973142	400,546433
35,674614	399,927480	400,347686
35,688051	399,952733	400,429884
35,701488	399,899114	400,413935
35,714925	399,953770	400,413935
35,728361	399,930939	400,396759
35,741798	399,935436	400,347686
35,755235	399,943047	400,347686
35,768672	399,943739	400,737820
35,782108	399,926096	400,546433
35,795545	400,028490	400,546433
35,808982	399,951695	400,455647
35,822419	399,952733	400,429884
35,835855	399,960343	400,429884
35,849292	399,960343	400,605322
35,862729	399,938896	400,563609
35,876166	399,920216	400,563609
35,889602	399,921945	400,662983
35,903039	399,888737	400,579558
35,916476	399,925751	400,579558
35,929913	399,964840	400,447060
35,943350	399,894271	400,447060
35,956786	399,898077	400,704695
35,970223	399,881818	400,255673
35,983660	399,927826	400,255673
35,997097	399,935782	400,513309
36,010533	399,947890	400,729232
36,023970	399,873170	400,729232
36,037407	399,961035	400,612683
36,050844	399,928864	400,488772
36,064280	399,939242	400,488772
36,077717	399,970029	400,828606
36,091154	399,894617	400,828606
36,104591	399,939933	400,621270
36,118028	399,942009	400,447060
36,131464	400,018113	400,447060
36,144901	399,939588	400,546433
36,158338	399,951695	400,804069
36,171775	399,906725	400,804069
36,185211	399,943739	400,297385
36,198648	399,947198	400,496133
36,212085	399,908454	400,496133
36,225522	399,918486	400,621270
36,238958	399,911914	400,570970
36,252395	399,930939	400,570970
36,265832	399,904649	400,471596
36,279269	399,894271	400,588146
36,292705	399,918140	400,588146
36,306142	399,961727	400,555021
36,319579	399,942701	400,537845
36,333016	399,940625	400,537845
36,346453	399,921945	400,413935
36,359889	399,924367	400,455647
36,373326	399,926096	400,455647
36,386763	399,940625	400,647034
36,400200	399,900152	400,455647
36,413636	399,935436	400,455647
36,427073	399,944431	400,621270
36,440510	399,940625	400,621270
36,453947	399,940971	400,064286
36,467383	399,953079	400,255673
36,480820	399,947198	400,255673
36,494257	399,956538	400,330510
36,507694	399,897385	400,596734
36,521130	399,916065	400,596734
36,534567	399,875245	400,555021
36,548004	399,920562	400,455647
36,561441	399,945468	400,455647
36,574878	399,889082	400,405347
36,588314	399,950657	400,405347
36,601751	399,963110	400,156299
36,615188	399,894617	400,488772
36,628625	399,931977	400,455647
36,642061	399,953425	400,455647
36,655498	399,955500	400,114587
36,668935	399,915027	400,464235
36,682372	399,930939	400,464235
36,695808	399,948236	400,647034
36,709245	399,965186	400,198012
36,722682	399,949619	400,198012
36,736119	399,980753	400,355047
36,749556	399,951349	400,355047
36,762992	399,921945	400,363635
36,776429	399,930939	400,231136
36,789866	399,875937	400,231136
36,803303	399,922291	400,271622
36,816739	399,959305	400,355047
36,830176	399,905687	400,355047
36,843613	399,914335	400,654395
36,857050	399,860371	400,753769
36,870486	399,913297	400,753769
36,883923	399,971067	400,105999
36,897360	399,934745	400,596734
36,910797	399,938204	400,596734
36,924233	399,917448	400,455647
36,937670	399,879051	400,579558
36,951107	399,914335	400,579558
36,964544	399,917102	400,770945
36,977981	399,934053	400,339098
36,991417	399,957922	400,339098
37,004854	399,905687	400,521897
37,018291	399,962419	400,213960
37,031728	399,932669	400,213960
37,045164	399,999779	400,570970
37,058601	399,928518	400,504721
37,072038	399,923329	400,504721
37,085475	399,899460	400,288798
37,098911	399,966224	400,753769
37,112348	399,959305	400,753769
37,125785	399,972105	400,438472
37,139222	399,884585	400,438472
37,152659	399,898077	400,521897
37,166095	399,931631	400,521897
37,179532	399,948582	400,521897
37,192969	399,981444	400,271622
37,206406	399,941317	400,081462
37,219842	399,936128	400,081462
37,233279	399,878705	399,940376
37,246716	399,967607	400,563609
37,260153	399,940971	400,480184
37,273589	399,994936	400,480184
37,287026	399,934399	400,413935
37,300463	399,844458	400,413935
37,313900	399,924021	400,380810
37,327336	399,992168	400,504721
37,340773	399,932323	400,504721
37,354210	399,961035	400,355047
37,367647	399,977985	400,455647
37,381084	399,941663	400,455647
37,394520	399,995973	400,097411
37,407957	399,959305	400,455647
37,421394	399,938896	400,455647
37,434831	399,885623	400,180836
37,448267	399,947890	400,280210
37,461704	399,902574	400,280210
37,475141	399,924713	400,388171
37,488578	399,890120	400,654395
37,502014	399,924367	400,654395
37,515451	399,886661	400,405347
37,528888	399,915027	400,696107
37,542325	399,928518	400,696107
37,555761	399,965532	400,355047
37,569198	399,930594	400,114587
37,582635	399,919524	400,114587
37,596072	399,961727	400,413935
37,609509	399,951349	400,455647
37,622945	399,922983	400,455647
37,636382	399,954462	400,464235
37,649819	399,890812	400,638446
37,663256	399,931977	400,638446
37,676692	399,958613	400,537845
37,690129	399,951695	400,513309
37,703566	399,930939	400,513309
37,717003	399,948236	400,629858
37,730439	399,956192	400,247085
37,743876	399,935091	400,247085
37,757313	399,932669	400,413935
37,770750	399,953425	400,570970
37,784187	399,963802	400,570970
37,797623	399,960343	400,388171
37,811060	399,937858	400,388171
37,824497	399,933707	400,288798
37,837934	399,955500	400,347686
37,851370	399,909146	400,347686
37,864807	399,956192	400,596734
37,878244	399,962765	400,555021
37,891681	399,942009	400,555021
37,905117	399,887699	400,413935
37,918554	399,933707	400,529258
37,931991	399,924021	400,529258
37,945428	399,931631	400,339098
37,958864	399,965186	400,280210
37,972301	399,957922	400,280210
37,985738	399,974180	400,380810
37,999175	399,943047	400,496133
38,012612	399,927480	400,496133
38,026048	399,961035	400,288798
38,039485	399,911222	400,297385
38,052922	399,904303	400,297385
38,066359	399,924021	400,438472
38,079795	399,933015	400,405347
38,093232	399,886315	400,405347
38,106669	399,884931	400,363635
38,120106	399,956884	400,363635
38,133542	399,936474	400,280210
38,146979	399,933707	400,321922
38,160416	399,949965	400,321922
38,173853	399,946506	400,305973
38,187290	399,939588	400,396759
38,200726	399,930939	400,396759
38,214163	399,930939	400,355047
38,227600	399,956538	400,447060
38,241037	399,932669	400,447060
38,254473	399,986287	400,605322
38,267910	399,915027	400,139123
38,281347	399,962765	400,139123
38,294784	399,965186	400,031162
38,308220	399,955846	400,247085
38,321657	399,918140	400,247085
38,335094	399,970721	400,355047
38,348531	399,928172	400,321922
38,361967	399,939242	400,321922
38,375404	399,993898	400,455647
38,388841	399,990439	400,563609
38,402278	399,869019	400,563609
38,415715	399,919178	400,114587
38,429151	399,972450	400,114587
38,442588	399,953079	400,114587
38,456025	399,928864	400,488772
38,469462	399,955846	400,488772
38,482898	399,980061	400,422523
38,496335	400,005313	400,422523
38,509772	399,976947	400,563609
38,523209	399,903957	400,114587
38,536645	399,928864	400,114587
38,550082	399,939933	400,555021
38,563519	399,914335	400,413935
38,576956	399,955846	400,413935
38,590392	399,924713	400,737820
38,603829	399,945122	400,247085
38,617266	399,975910	400,247085
38,630703	399,880780	400,438472
38,644140	399,933015	400,239724
38,657576	399,966916	400,239724
38,671013	399,898422	400,213960
38,684450	399,903611	400,288798
38,697887	399,895655	400,288798
38,711323	399,961727	400,422523
38,724760	400,000816	400,521897
38,738197	399,946852	400,521897
38,751634	399,938896	400,180836
38,765070	399,927826	400,496133
38,778507	399,931285	400,496133
38,791944	399,945468	400,355047
38,805381	399,981099	400,447060
38,818818	399,916756	400,447060
38,832254	399,858295	400,455647
38,845691	399,923329	400,347686
38,859128	399,956884	400,347686
38,872565	399,918140	400,438472
38,886001	399,954462	400,438472
38,899438	399,976602	400,280210
38,912875	399,930939	400,231136
38,926312	399,935782	400,231136
38,939748	399,903611	400,339098
38,953185	399,891504	400,464235
38,966622	399,939588	400,464235
38,980059	399,929902	400,388171
38,993495	399,971067	400,255673
39,006932	399,946506	400,255673
39,020369	399,937858	400,396759
39,033806	399,981444	400,488772
39,047243	399,921599	400,488772
39,060679	399,951349	400,496133
39,074116	399,949619	400,147711
39,087553	399,869711	400,147711
39,100990	399,913643	400,297385
39,114426	399,919870	400,297385
39,127863	399,901882	400,213960
39,141300	399,987671	400,123174
39,154737	399,938204	400,123174
39,168173	399,945122	400,339098
39,181610	399,978677	400,247085
39,195047	399,927826	400,247085
39,208484	399,939242	400,447060
39,221920	399,963110	400,213960
39,235357	399,939588	400,213960
39,248794	399,976947	400,255673
39,262231	399,908454	400,422523
39,275668	399,911222	400,422523
39,289104	399,900498	400,305973
39,302541	399,928518	400,081462
39,315978	399,948236	400,081462
39,329415	399,975218	400,280210
39,342851	399,937166	400,280210
39,356288	399,920908	400,213960
39,369725	399,928172	400,147711
39,383162	399,912605	400,464235
39,396598	399,957922	400,464235
39,410035	399,931977	400,081462
39,423472	399,903611	400,081462
39,436909	399,960343	400,372222
39,450346	399,937166	400,231136
39,463782	399,935091	400,231136
39,477219	399,975218	400,213960
39,490656	399,913989	400,048337
39,504093	399,949619	400,048337
39,517529	399,926788	399,931788
39,530966	399,929556	400,280210
39,544403	399,935782	400,280210
39,557840	399,956192	400,271622
39,571276	399,936820	399,923200
39,584713	399,927134	399,923200
39,598150	399,944085	400,081462
39,611587	399,937512	400,213960
39,625023	399,953425	400,213960
39,638460	399,967607	400,513309
39,651897	399,896001	400,513309
39,665334	399,957922	400,305973
39,678771	399,892542	400,496133
39,692207	399,890120	400,496133
39,705644	399,979369	400,180836
39,719081	399,962765	400,247085
39,732518	399,921945	400,247085
39,745954	399,931631	400,464235
39,759391	399,943739	400,355047
39,772828	399,941663	400,355047
39,786265	399,992168	400,488772
39,799701	399,939242	399,890075
39,813138	399,966570	399,890075
39,826575	399,888737	400,222548
39,840012	399,950657	400,671571
39,853449	399,891158	400,189424
39,866885	399,929210	400,189424
39,880322	399,933361	400,455647
39,893759	399,931285	400,455647
39,907196	399,911222	400,180836
39,920632	399,979715	400,355047
39,934069	399,978677	400,355047
39,947506	399,936128	400,712056
39,960943	399,985942	400,480184
39,974379	399,946506	400,480184
39,987816	399,921945	400,147711
40,001253	399,984904	400,147711
40,014690	399,939933	400,546433
40,028126	399,917794	400,023801
40,041563	399,958613	400,023801
40,055000	399,943047	400,164887
40,068437	399,937166	400,198012
