Zeit [s]  Piezo[nm]  MEMS[nm]
0,013464	-0,081934	0,000000
0,026927	1,960543	0,190160
0,040391	1,844729	0,057661
0,053855	1,936343	0,057661
0,067319	3,872347	1,927361
0,080782	3,869235	1,993611
0,094246	3,963616	4,021573
0,107710	5,900317	4,021573
0,121174	5,940420	4,204371
0,134637	5,929703	6,074072
0,148101	7,767880	6,074072
0,161565	7,926219	6,307171
0,175029	7,844629	6,190621
0,188492	7,900981	6,190621
0,201956	9,992230	6,190621
0,215420	9,966301	8,110621
0,228884	9,914098	8,110621
0,242347	9,928963	10,495593
0,255811	10,690928	10,403580
0,269275	11,936209	10,453881
0,282739	11,870868	10,453881
0,296202	11,945889	12,323581
0,309666	13,989787	12,323581
0,323130	13,929286	12,415594
0,336594	13,865673	14,102495
0,350057	14,230409	14,102495
0,363521	15,928592	14,309830
0,376985	15,873276	14,293882
0,390449	15,865325	16,313256
0,403912	17,955908	16,313256
0,417376	17,881923	16,105920
0,430840	17,868440	18,348579
0,444303	17,926176	18,348579
0,457767	19,857732	18,490892
0,471231	19,926185	18,714176
0,484695	19,887810	18,714176
0,498158	19,896799	20,310292
0,511622	21,868119	20,310292
0,525086	21,949019	20,244042
0,538550	21,901655	20,385129
0,552013	21,942450	22,521053
0,565477	23,890268	22,521053
0,578941	23,890959	22,197167
0,592405	23,928298	24,416516
0,605868	25,933166	24,416516
0,619332	25,949761	24,299967
0,632796	25,848117	26,019993
0,646260	25,875775	26,019993
0,659723	27,856449	26,751188
0,673187	27,919025	26,535264
0,686651	27,900702	26,535264
0,700115	27,896899	28,563226
0,713578	29,937044	28,563226
0,727042	29,924943	28,803686
0,740506	29,901088	28,895699
0,753970	29,873775	28,895699
0,767433	31,904937	30,483227
0,780897	31,968552	30,598549
0,794361	31,910815	30,598549
0,807825	33,947515	32,676812
0,821288	33,890123	32,701349
0,834752	33,862811	32,851023
0,848216	33,925042	32,851023
0,861679	35,423444	34,612761
0,875143	35,930979	34,737898
0,888607	35,932016	34,737898
0,902071	37,374413	35,984365
0,915534	37,945564	36,765861
0,928998	37,923092	36,765861
0,942462	37,935538	37,646730
0,955926	39,853324	38,593848
0,969389	39,916939	38,593848
0,982853	39,942524	38,860072
0,996317	39,938029	40,522436
1,009781	41,873454	40,522436
1,023244	41,920819	40,663523
1,036708	41,920128	42,233874
1,050172	41,878294	42,233874
1,063636	43,899813	43,106156
1,077099	43,860399	42,898820
1,090563	43,930583	42,898820
1,104027	45,886764	44,810233
1,117491	45,908200	44,685095
1,130954	45,906125	44,685095
1,144418	45,922721	44,685095
1,157882	47,829813	47,054118
1,171346	47,921779	46,663984
1,184809	47,905184	46,663984
1,198273	49,892493	48,433083
1,211737	49,917732	49,007243
1,225201	49,870711	49,007243
1,238664	49,949886	48,824444
1,252128	51,073195	50,735857
1,265592	51,901244	50,735857
1,279056	51,900552	50,768982
1,292519	51,935127	52,755231
1,305983	53,881305	52,755231
1,319447	53,906544	52,962567
1,332910	53,960825	54,724305
1,346374	53,934895	54,724305
1,359838	54,514013	54,999117
1,373302	55,945041	54,699768
1,386765	55,943313	54,699768
1,400229	57,611525	55,855449
1,413693	57,919237	57,051615
1,427157	57,883625	57,051615
1,440620	57,885008	58,397456
1,454084	59,929395	58,397456
1,467548	59,920752	59,170364
1,481012	59,943571	59,170364
1,494475	59,969156	59,170364
1,507939	61,917087	61,123489
1,521403	61,917778	61,048651
1,534867	61,803682	61,048651
1,548330	61,955465	61,514850
1,561794	63,972551	63,351425
1,575258	63,845316	63,351425
1,588722	63,872976	64,979438
1,602185	63,930370	64,979438
1,615649	65,852727	64,979438
1,629113	65,986877	64,796639
1,642577	65,881424	65,419873
1,656040	67,896794	65,419873
1,669504	67,877777	67,057701
1,682968	67,911661	67,099413
1,696432	67,903017	67,099413
1,709895	69,917701	69,035362
1,723359	69,814668	69,043950
1,736823	69,890041	69,043950
1,750286	71,956595	70,697727
1,763750	71,942419	70,697727
1,777214	71,878455	70,988487
1,790678	71,922019	73,148948
1,804141	73,878975	73,148948
1,817605	73,933950	73,439708
1,831069	73,882433	73,439708
1,844533	73,918391	75,135197
1,857996	75,928254	74,844437
1,871460	75,909583	74,844437
1,884924	75,879157	76,656476
1,898388	77,678115	77,096910
1,911851	77,890754	77,096910
1,925315	77,891099	77,345958
1,938779	77,930515	79,224246
1,952243	79,923448	79,224246
1,965706	79,893022	79,175173
1,979170	79,912384	79,573895
1,992634	79,943156	81,160196
2,006098	81,936441	81,160196
2,019561	81,911200	81,152834
2,033025	81,950962	83,238458
2,046489	81,881811	83,238458
2,059953	83,838105	83,139084
2,073416	83,933535	83,480145
2,086880	83,927657	83,480145
2,100344	85,694827	85,357206
2,113808	85,921299	85,647966
2,127271	85,934092	85,647966
2,140735	85,902282	87,343456
2,154199	87,872073	87,343456
2,167662	87,946066	87,294382
2,181126	87,903192	88,142127
2,194590	87,880717	89,787315
2,208054	89,876792	89,787315
2,221517	89,933151	89,521092
2,234981	89,913789	89,521092
2,248445	89,894426	91,225169
2,261909	91,959314	91,632479
2,275372	91,856968	91,632479
2,288836	91,875639	93,418754
2,302300	91,882554	93,218779
2,315764	93,917367	93,218779
2,329227	93,899387	93,269080
2,342691	93,903191	95,171904
2,356155	95,936281	95,171904
2,369619	95,885799	95,371879
2,383082	95,880613	96,626933
2,396546	95,869894	96,626933
2,410010	97,814475	97,624352
2,423474	97,907140	97,690601
2,436937	97,922699	97,690601
2,450401	99,904974	99,602014
2,463865	99,959605	99,602014
2,477329	99,917768	99,602014
2,490792	99,920879	101,621388
2,504256	101,910767	101,621388
2,517720	101,945690	101,022692
2,531184	101,915262	103,541389
2,544647	103,506140	103,541389
2,558111	103,912418	103,549976
2,571575	103,908268	103,549976
2,585038	103,907923	104,297120
2,598502	105,730125	105,552175
2,611966	105,905084	105,552175
2,625430	105,898514	105,527638
2,638893	105,896094	107,745760
2,652357	107,914008	107,745760
2,665821	107,902251	107,854949
2,679285	107,962416	107,813236
2,692748	107,935445	107,813236
2,706212	109,819206	109,583562
2,719676	109,980336	109,574974
2,733140	109,920517	109,574974
2,746603	111,840589	111,253288
2,760067	111,859261	111,843397
2,773531	111,904557	111,843397
2,786995	111,952274	113,622311
2,800458	113,898977	113,622311
2,813922	113,912808	113,622311
2,827386	113,867512	114,619730
2,840850	115,906888	114,619730
2,854313	115,874039	115,666222
2,867777	115,910691	115,558260
2,881241	115,933167	115,558260
2,894705	117,873312	117,427960
2,908168	117,909273	117,502797
2,921632	117,924487	117,502797
2,935096	117,850491	119,663258
2,948560	119,923766	119,879181
2,962023	119,907860	119,879181
2,975487	119,862909	119,671846
2,988951	119,880198	121,981980
3,002415	121,904724	121,981980
3,015878	121,892968	121,732932
3,029342	121,874987	122,115705
3,042806	123,526079	122,115705
3,056269	123,900903	123,860268
3,069733	123,917155	123,860268
3,083197	123,893296	126,004780
3,096661	124,898131	126,004780
3,110124	125,941348	126,004780
3,123588	125,862856	125,863693
3,137052	125,877379	126,304128
3,150516	127,903653	126,304128
3,163979	127,926820	128,048691
3,177443	127,929587	130,052116
3,190907	127,892242	130,052116
3,204371	129,810293	130,069292
3,217834	129,895701	130,243503
3,231298	129,878066	130,243503
3,244762	130,705178	132,296001
3,258226	131,881185	132,271465
3,271689	131,938239	132,271465
3,285153	131,906427	134,390213
3,298617	133,654710	134,099452
3,312081	133,833480	134,099452
3,325544	133,924421	135,163120
3,339008	133,922347	136,185076
3,352472	135,861854	136,185076
3,365936	135,929282	136,127414
3,379399	135,890554	138,197089
3,392863	137,718378	138,197089
3,406327	137,916167	138,129613
3,419791	137,953512	138,138201
3,433254	137,913055	138,138201
3,446718	139,732932	140,082738
3,460182	139,842892	140,115863
3,473645	139,938675	140,115863
3,487109	139,887499	141,994150
3,500573	139,883003	141,745102
3,514037	141,878892	141,745102
3,527500	141,872667	142,227250
3,540964	141,936292	144,495672
3,554428	143,929075	144,495672
3,567892	143,926654	144,222087
3,581355	143,877552	146,265998
3,594819	143,866833	146,265998
3,608283	145,741015	146,182573
3,621747	145,875527	146,291762
3,635210	145,884864	146,291762
3,648674	145,926013	148,276784
3,662138	147,928835	148,078037
3,675602	147,875237	148,078037
3,689065	147,913275	150,172248
3,702529	149,659179	150,172248
3,715993	149,880832	150,396759
3,729457	149,874608	150,146484
3,742920	149,905038	151,502140
3,756384	151,903377	151,502140
3,769848	151,955592	151,958523
3,783312	151,893003	154,318958
3,796775	151,907872	154,318958
3,810239	153,919704	154,061322
3,823703	153,892732	154,252709
3,837167	153,874059	154,252709
3,850630	155,733055	156,329744
3,864094	155,878635	156,470831
3,877558	155,841635	156,470831
3,891021	155,908373	157,859611
3,904485	157,947881	157,934448
3,917949	157,845525	157,934448
3,931413	157,936815	158,474256
3,944876	159,689317	160,269119
3,958340	159,916160	160,269119
3,971804	159,970451	160,178333
3,985268	159,897487	162,363330
3,998731	161,917642	162,363330
4,012195	161,873034	161,981784
4,025659	161,885483	162,279905
4,039123	161,895857	162,279905
4,052586	163,806054	164,199906
4,066050	163,906336	164,083356
4,079514	163,913944	164,083356
4,092978	163,918785	165,903983
4,106441	165,512234	166,227868
4,119905	165,916130	166,227868
4,133369	165,898494	166,111318
4,146833	165,960046	168,088980
4,160296	167,940453	168,088980
4,173760	167,892733	168,737977
4,187224	167,856423	169,735396
4,200688	169,863117	169,735396
4,214151	169,915679	169,993032
4,227615	169,870033	170,233492
4,241079	169,951988	170,233492
4,254543	171,859097	172,503141
4,268006	171,832124	172,236917
4,281470	171,871546	172,236917
4,294934	173,958478	174,513927
4,308397	173,948796	174,264879
4,321861	173,835026	174,264879
4,335325	173,885859	174,264879
4,348789	175,884963	176,258490
4,362252	175,894992	176,508765
4,375716	175,907095	176,508765
4,389180	175,988014	178,279091
4,402644	177,882345	178,469251
4,416107	177,892719	178,469251
4,429571	177,914159	178,569851
4,443035	179,701295	180,580638
4,456499	179,882153	180,281289
4,469962	179,866246	180,281289
4,483426	179,878695	182,874823
4,496890	181,899949	182,874823
4,510354	181,916894	182,474874
4,523817	181,923465	182,533763
4,537281	181,902370	182,533763
4,550745	183,681218	184,486888
4,564209	183,919135	184,744523
4,577672	183,885246	184,744523
4,591136	183,918444	185,425418
4,604600	185,918270	186,522211
4,618064	185,867436	186,522211
4,631527	185,911008	188,400499
4,644991	187,701624	188,400499
4,658455	187,880064	188,400499
4,671919	187,861390	188,966071
4,685382	187,951647	190,437049
4,698846	189,886473	190,437049
4,712310	189,915176	190,743758
4,725774	189,853621	190,844359
4,739237	189,899268	192,372998
4,752701	191,862111	192,372998
4,766165	191,888047	192,555797
4,779628	191,909142	192,555797
4,793092	193,192462	193,187618
4,806556	193,899310	194,616883
4,820020	193,948762	194,616883
4,833483	193,882019	194,459848
4,846947	195,764990	196,411746
4,860411	195,893980	196,411746
4,873875	195,875652	196,296424
4,887338	195,974555	198,025037
4,900802	197,835054	198,025037
4,914266	197,931192	198,723108
4,927730	197,913555	198,756232
4,941193	197,904564	198,756232
4,954657	199,856364	200,359709
4,968121	199,899592	200,359709
4,981585	199,929332	200,609984
4,995048	200,734400	200,609984
5,008512	201,867652	202,471096
5,021976	201,910188	202,471096
5,035440	201,944424	204,357971
5,048903	203,306611	204,648732
5,062367	203,932548	204,648732
5,075831	203,887591	205,853486
5,089295	203,864075	206,675467
5,102758	205,880217	206,675467
5,116222	205,942465	206,809192
5,129686	205,882983	206,809192
5,143150	205,887479	208,727966
5,156613	207,776363	208,670305
5,170077	207,910197	208,670305
5,183541	207,865240	208,804030
5,197004	207,925759	210,789053
5,210468	209,924968	210,789053
5,223932	209,862028	210,856529
5,237396	209,903527	212,642804
5,250859	209,876206	212,642804
5,264323	211,923836	212,842778
5,277787	211,869196	212,858727
5,291251	211,880262	212,858727
5,304714	213,592447	214,703891
5,318178	213,906112	214,795903
5,331642	213,837984	214,795903
5,345106	213,888475	216,856990
5,358569	215,866606	216,798102
5,372033	215,883206	216,798102
5,385497	215,856923	216,897476
5,398961	215,882168	219,134000
5,412424	217,929125	219,134000
5,425888	217,939846	218,984326
5,439352	217,894888	220,521553
5,452816	217,903188	220,521553
5,466279	219,873032	220,836850
5,479743	219,898277	220,671227
5,493207	219,912110	220,671227
5,506671	221,785127	223,188697
5,520134	221,872277	223,064787
5,533598	221,879539	223,064787
5,547062	221,884381	224,835113
5,560526	222,840604	224,835113
5,573989	223,884324	224,793401
5,587453	223,945882	224,793401
5,600917	223,912336	224,934487
5,614380	225,913323	224,934487
5,627844	225,896723	227,328046
5,641308	225,875973	228,583101
5,654772	227,844803	228,583101
5,668235	227,896332	228,549976
5,681699	227,894257	228,889810
5,695163	227,846532	228,889810
5,708627	229,595071	231,042910
5,722090	229,845456	230,942309
5,735554	229,851335	230,942309
5,749018	229,888685	232,646386
5,762482	231,859948	232,954322
5,775945	231,954707	232,954322
5,789409	231,864444	232,937147
5,802873	231,871015	235,081658
5,816337	233,936351	235,081658
5,829800	233,887243	234,898860
5,843264	233,865109	236,070489
5,856728	235,930106	236,070489
5,870192	235,902785	236,843397
5,883655	235,869930	236,818860
5,897119	235,909702	236,818860
5,910583	237,857120	238,846822
5,924047	237,893087	239,070106
5,937510	237,895162	239,070106
5,950974	237,884787	241,007283
5,964438	239,892733	241,014644
5,977902	239,896883	241,014644
5,991365	239,911409	241,472254
6,004829	239,857458	242,652471
6,018293	241,909678	242,652471
6,031756	241,916249	242,793558
6,045220	241,917632	243,557877
6,058684	243,892736	243,557877
6,072148	243,946341	245,138044
6,085611	243,910719	245,004318
6,099075	243,932853	245,004318
6,112539	245,919030	247,040868
6,126003	245,917647	246,974619
6,139466	245,901046	246,974619
6,152930	245,881679	248,221086
6,166394	247,890341	248,901981
6,179858	247,935993	248,901981
6,193321	247,891033	248,976818
6,206785	248,668146	250,954479
6,220249	249,915957	250,954479
6,233713	249,902469	250,813393
6,247176	249,892785	250,813393
6,260640	251,903535	250,813393
6,274104	251,897310	253,332090
6,287568	251,855116	253,307553
6,301031	251,875867	253,307553
6,314495	253,907028	254,985867
6,327959	253,892848	254,960103
6,341423	253,889044	254,960103
6,354886	253,891119	255,791899
6,368350	255,859342	256,730429
6,381814	255,910528	256,730429
6,395278	255,916753	257,104615
6,408741	255,920557	259,282251
6,422205	257,860426	259,282251
6,435669	257,899162	258,841817
6,449132	257,852818	260,977740
6,462596	259,939679	260,977740
6,476060	259,909244	261,209613
6,489524	259,872584	262,997114
6,502987	259,867396	262,997114
6,516451	261,747445	262,955402
6,529915	261,867456	262,963990
6,543379	261,879215	262,963990
6,556842	261,914492	265,133038
6,570306	263,886889	265,174751
6,583770	263,919399	265,174751
6,597234	263,897264	267,260374
6,610697	263,903144	267,268962
6,624161	265,928463	267,268962
6,637625	265,856525	267,019914
6,651089	265,890419	267,784234
6,664552	267,866287	269,321461
6,678016	267,925774	269,321461
6,691480	267,911248	271,224285
6,704944	267,904331	271,224285
6,718407	269,788207	271,191161
6,731871	269,878821	271,182573
6,745335	269,897843	271,182573
6,758799	269,867408	273,260835
6,772262	271,925602	273,078037
6,785726	271,921797	273,078037
6,799190	271,889287	275,304746
6,812654	273,043068	275,304746
6,826117	273,892496	275,196785
6,839581	273,899759	275,238497
6,853045	273,873819	276,850561
6,866509	275,900898	276,850561
6,879972	275,862508	277,092248
6,893436	275,963845	279,193821
6,906900	275,875996	279,193821
6,920363	277,884405	279,152108
6,933827	277,905849	279,336134
6,947291	277,870225	279,336134
6,960755	277,901352	281,213195
6,974218	279,855813	281,421757
6,987682	279,857888	281,421757
7,001146	279,921527	282,851023
7,014610	279,812581	283,225208
7,028073	281,925452	283,225208
7,041537	281,901242	283,192083
7,055001	281,914730	285,518167
7,068465	283,882346	285,518167
7,081928	283,924195	285,535343
7,095392	283,877850	286,997733
7,108856	283,889609	286,997733
7,122320	285,828178	287,728928
7,135783	285,905652	287,728928
7,149247	285,870719	287,330206
7,162711	285,885937	289,083356
7,176175	287,834888	288,992570
7,189638	287,850106	288,992570
7,203102	287,867054	291,029120
7,216566	287,859790	291,643766
7,230030	288,944080	291,643766
7,243493	289,975455	291,062245
7,256957	289,864086	291,062245
7,270421	291,680235	293,247242
7,283885	291,925109	293,288955
7,297348	291,879801	293,288955
7,310812	291,853169	295,059281
7,324276	293,849522	295,682514
7,337739	293,878920	295,682514
7,351203	293,863356	295,483766
7,364667	293,865086	297,560802
7,378131	295,869399	297,560802
7,391594	295,880121	297,470016
7,405058	295,894994	298,749607
7,418522	295,862482	298,749607
7,431986	297,486690	299,414553
7,445449	297,878216	299,347077
7,458913	297,941856	299,347077
7,472377	299,861444	300,793518
7,485841	299,869053	301,392215
7,499304	299,942378	301,392215
7,512768	299,887384	301,392215
7,526232	301,863009	303,602976
7,539696	301,918348	303,852024
7,553159	301,900017	303,852024
7,566623	303,720696	305,763436
7,580087	303,959004	305,505800
7,593551	303,843136	305,505800
7,607014	303,901243	306,893353
7,620478	305,857511	307,450338
7,633942	305,840909	307,450338
7,647406	305,865466	307,674849
7,660869	305,885527	309,744523
7,674333	307,866358	309,744523
7,687797	307,883997	309,570312
7,701261	307,868433	310,292920
7,714724	307,855981	310,292920
7,728188	309,881437	311,696422
7,741652	309,893888	311,671885
7,755115	309,847195	311,671885
7,768579	311,788954	312,860690
7,782043	311,913470	313,467975
7,795507	311,919696	313,467975
7,808970	311,885108	314,605253
7,822434	313,509701	315,760934
7,835898	313,897432	315,760934
7,849362	313,843475	315,727809
7,862825	313,811308	317,614685
7,876289	315,868603	317,614685
7,889753	315,880363	317,614685
7,903217	315,933282	317,572972
7,916680	317,811417	319,625471
7,930144	317,886819	319,625471
7,943608	317,843584	319,367835
7,957072	317,921408	321,287836
7,970535	319,914381	321,287836
7,983999	319,921990	321,644845
7,997463	319,910576	321,644845
8,010927	319,939976	321,644845
8,024390	321,825386	323,580795
8,037854	321,898713	323,672807
8,051318	321,925001	323,672807
8,064782	323,865066	325,542507
8,078245	323,906226	325,542507
8,091709	323,880977	325,683594
8,105173	323,888240	327,869818
8,118637	325,899910	327,869818
8,132100	325,905790	327,669843
8,145564	325,872239	329,382508
8,159028	325,898180	329,382508
8,172491	327,773231	329,532182
8,185955	327,875959	330,047454
8,199419	327,892908	330,047454
8,212883	327,911931	331,891391
8,226346	329,858240	331,692643
8,239810	329,837833	331,692643
8,253274	329,923613	333,628592
8,266738	329,918079	333,670305
8,280201	331,898291	333,670305
8,293665	331,860589	333,961065
8,307129	331,960205	336,047915
8,320593	333,731852	336,047915
8,334056	333,887157	335,797641
8,347520	333,837349	337,435468
8,360984	333,850838	337,435468
8,374448	333,842883	337,750766
8,387911	335,863576	337,559379
8,401375	335,884330	337,559379
8,414839	335,858042	339,679354
8,428303	337,879433	340,060900
8,441766	337,871824	340,060900
8,455230	337,838964	341,498754
8,468694	337,900187	341,498754
8,482158	339,866587	341,980901
8,495621	339,891492	341,939188
8,509085	339,856902	342,221361
8,522549	341,846830	342,221361
8,536013	341,853402	343,876364
8,549476	341,858590	345,488428
8,562940	341,854439	345,488428
8,576404	343,868932	345,512965
8,589868	343,880692	345,687176
8,603331	343,904559	345,687176
8,616795	343,875504	347,715138
8,630259	345,914215	347,607177
8,643722	345,867519	347,607177
8,657186	345,905913	349,302666
8,670650	345,898649	350,150410
8,684114	347,931486	350,150410
8,697577	347,849509	349,868238
8,711041	347,910387	350,091522
8,724505	349,839460	350,091522
8,737969	349,878201	352,236034
8,751432	349,821128	353,224865
8,764896	349,796915	353,224865
8,778360	351,821462	353,732775
8,791824	351,866083	353,698424
8,805287	351,854323	353,698424
8,818751	351,869197	356,175408
8,832215	353,888216	355,710437
8,845679	353,869538	355,710437
8,859142	353,908278	356,159459
8,872606	353,845325	358,086821
8,886070	355,873690	358,086821
8,899534	355,886488	358,211958
8,912997	355,844288	359,782310
8,926461	357,892722	359,782310
8,939925	357,885458	359,857147
8,953389	357,846371	359,857147
8,966852	357,857094	360,555217
8,980316	359,844309	361,843397
8,993780	359,856761	361,702310
9,007244	359,920062	361,702310
9,020707	359,848114	363,622311
9,034171	361,875114	363,738860
9,047635	361,874768	363,738860
9,061098	361,874076	363,987908
9,074562	361,866812	365,923858
9,088026	363,844354	365,923858
9,101490	363,878944	365,998695
9,114953	363,856115	365,998695
9,128417	363,810109	367,843858
9,141881	365,872750	367,843858
9,155345	365,836430	367,843858
9,168808	365,874134	368,076957
9,182272	367,560779	370,138044
9,195736	367,855147	370,138044
9,209200	367,912221	370,070568
9,222663	367,832663	371,342798
9,236127	369,881826	371,342798
9,249591	369,826480	372,190543
9,263055	369,898429	372,107118
9,276518	369,885977	372,107118
9,289982	371,935146	374,043067
9,303446	371,873228	373,985406
9,316910	371,870807	373,985406
9,330373	373,915140	375,929943
9,343837	373,856681	375,929943
9,357301	373,912373	376,262416
9,370765	373,882624	378,057279
9,384228	375,512215	378,057279
9,397692	375,886492	378,057279
9,411156	375,850171	379,188423
9,424620	375,887529	379,944154
9,438083	377,842975	379,944154
9,451547	377,838133	380,243503
9,465011	377,856466	381,954941
9,478474	377,869265	381,954941
9,491938	379,843050	381,946353
9,505402	379,840283	382,819861
9,518866	379,863805	382,819861
9,532329	379,902547	383,991491
9,545793	381,854200	383,791516
9,559257	381,849011	383,791516
9,572721	381,916811	386,077114
9,586184	383,940420	386,077114
9,599648	383,847715	386,101651
9,613112	383,873312	387,739479
9,626576	383,889916	387,739479
9,640039	385,750259	387,880565
9,653503	385,861644	387,939453
9,666967	385,849191	387,939453
9,680431	385,863028	390,232412
9,693894	387,676677	389,899939
9,707358	387,861052	389,899939
9,720822	387,861398	389,883990
9,734286	387,854825	391,961026
9,747749	389,890214	391,961026
9,761213	389,812728	392,351160
9,774677	389,866346	392,351160
9,788141	391,862998	393,938688
9,801604	391,901395	393,938688
9,815068	391,906930	394,936106
9,828532	391,855734	394,936106
9,841996	393,885255	396,208337
9,855459	393,884217	395,908988
9,868923	393,849625	395,908988
9,882387	395,657761	397,860886
9,895850	395,844905	398,318497
9,909314	395,842138	398,318497
9,922778	395,827609	399,366216
9,936242	397,854029	400,180836
9,949705	397,849186	400,180836
9,963169	397,863023	399,672925
9,976633	397,830161	402,059124
9,990097	399,876650	402,059124
10,003560	399,826837	402,216159
10,017024	399,869040	402,865156
10,030488	399,849668	402,865156
10,043952	399,868002	403,704313
10,057415	399,916086	404,120210
10,070879	399,867310	404,120210
10,084343	399,832718	403,944773
10,097807	399,814384	404,103035
10,111270	399,832718	404,103035
10,124734	399,855895	403,887111
10,138198	399,860392	404,193821
10,151662	399,834447	404,193821
10,165125	399,800201	404,045373
10,178589	399,877688	403,761974
10,192053	399,864889	403,761974
10,205517	399,848976	403,737437
10,218980	399,860738	403,737437
10,232444	399,876996	403,853987
10,245908	399,821302	403,853987
10,259372	399,862813	403,720261
10,272835	399,844479	403,720261
10,286299	399,836523	403,645424
10,299763	399,850014	403,720261
10,313226	399,896714	403,720261
10,326690	399,862813	403,711674
10,340154	399,876304	403,953361
10,353618	399,914702	403,953361
10,367081	399,875613	403,836811
10,380545	399,836523	403,779150
10,394009	399,856587	403,779150
10,407473	399,857970	403,728849
10,420936	399,901557	403,779150
10,434400	399,797088	403,779150
10,447864	399,877688	403,869936
10,461328	399,841020	403,645424
10,474791	399,866964	403,645424
10,488255	399,876996	403,803686
10,501719	399,829259	403,620888
10,515183	399,863159	403,620888
10,528646	399,875267	403,671188
10,542110	399,860392	403,820862
10,555574	399,834102	403,820862
10,569038	399,817151	403,845399
10,582501	399,850360	403,746025
10,595965	399,835831	403,746025
10,609429	399,825799	403,753386
10,622893	399,855203	403,953361
10,636356	399,893601	403,953361
10,649820	399,823032	403,563226
10,663284	399,818881	403,679776
10,676748	399,899135	403,679776
10,690211	399,846901	403,928824
10,703675	399,898098	403,662600
10,717139	399,852782	403,662600
10,730603	399,834102	403,546051
10,744066	399,856241	403,455265
10,757530	399,836523	403,455265
10,770994	399,895676	403,662600
10,784457	399,887028	403,862575
10,797921	399,876304	403,862575
10,811385	399,883915	403,495750
10,824849	399,836177	403,711674
10,838312	399,851398	403,711674
10,851776	399,863851	403,604939
10,865240	399,834447	403,828223
10,878704	399,827529	403,828223
10,892167	399,833064	403,845399
10,905631	399,880456	403,446677
10,919095	399,780483	403,446677
10,932559	399,876304	403,363252
10,946022	399,874575	403,363252
10,959486	399,832026	403,521514
10,972950	399,820610	403,679776
10,986414	399,923696	403,679776
10,999877	399,816459	403,671188
11,013341	399,844825	403,537463
11,026805	399,846555	403,537463
11,040269	399,867656	403,836811
11,053732	399,856587	403,836811
11,067196	399,871116	403,836811
11,080660	399,887374	403,620888
11,094124	399,911589	403,479801
11,107587	399,816459	403,479801
11,121051	399,879072	403,546051
11,134515	399,833756	403,554638
11,147979	399,926118	403,554638
11,161442	399,875613	403,563226
11,174906	399,952062	403,671188
11,188370	399,888412	403,671188
11,201833	399,830642	403,413552
11,215297	399,891871	403,479801
11,228761	399,857970	403,479801
11,242225	399,876304	403,662600
11,255688	399,860046	403,495750
11,269152	399,872845	403,495750
11,282616	399,854511	403,563226
11,296080	399,875959	403,820862
11,309543	399,874575	403,820862
11,323007	399,875613	403,687137
11,336471	399,889796	403,413552
11,349935	399,868694	403,413552
11,363398	399,820265	403,413552
11,376862	399,845863	403,695725
11,390326	399,813692	403,354664
11,403790	399,827529	403,354664
11,417253	399,784288	403,338715
11,430717	399,842750	403,338715
11,444181	399,847247	403,338715
11,457645	399,893947	403,504338
11,471108	399,839636	403,504338
11,484572	399,821994	403,662600
11,498036	399,839982	403,504338
11,511500	399,834447	403,504338
11,524963	399,861084	403,422140
11,538427	399,797779	403,321539
11,551891	399,895330	403,321539
11,565355	399,902595	403,197629
11,578818	399,880801	403,422140
11,592282	399,823724	403,422140
11,605746	399,885644	403,770562
11,619209	399,842750	403,770562
11,632673	399,877688	403,554638
11,646137	399,870078	403,554638
11,659601	399,909167	403,462626
11,673064	399,844825	403,462626
11,686528	399,841020	403,645424
11,699992	399,859700	403,645424
11,713456	399,866273	403,321539
11,726919	399,872499	403,579175
11,740383	399,893947	403,579175
11,753847	399,882531	402,872517
11,767311	399,923004	402,914229
11,780774	399,892563	402,914229
11,794238	399,912281	403,180453
11,807702	399,882531	403,604939
11,821166	399,855549	403,604939
11,834629	399,827183	403,512926
11,848093	399,817497	403,528875
11,861557	399,857970	403,528875
11,875021	399,883569	403,679776
11,888484	399,864889	403,312951
11,901948	399,853127	403,312951
11,915412	399,836523	403,189041
11,928876	399,821994	403,354664
11,942339	399,860392	403,354664
11,955803	399,852782	403,413552
11,969267	399,849668	403,122792
11,982731	399,893601	403,122792
11,996194	399,874229	403,279827
12,009658	399,865927	403,479801
12,023122	399,860392	403,479801
12,036585	399,852090	403,455265
12,050049	399,841020	403,263878
12,063513	399,822686	403,263878
12,076977	399,822340	403,413552
12,090440	399,892909	403,488389
12,103904	399,846555	403,488389
12,117368	399,866273	403,371840
12,130832	399,871461	403,122792
12,144295	399,838599	403,122792
12,157759	399,833410	402,981705
12,171223	399,838253	402,922817
12,184687	399,870770	402,922817
12,198150	399,859008	403,155916
12,211614	399,856933	403,354664
12,225078	399,892909	403,354664
12,238542	399,897060	403,263878
12,252005	399,927847	403,039367
12,265469	399,834793	403,039367
12,278933	399,874575	403,204990
12,292397	399,846901	403,204990
12,305860	399,863851	403,114204
12,319324	399,880801	403,097028
12,332788	399,855203	403,230753
12,346252	399,819227	403,230753
12,359715	399,874575	403,204990
12,373179	399,861084	403,204990
12,386643	399,870424	402,989066
12,400107	399,847247	403,147328
12,413570	399,802622	403,147328
12,427034	399,859008	403,346076
12,440498	399,823032	403,164504
12,453962	399,874575	403,164504
12,467425	399,893601	403,155916
12,480889	399,873883	403,155916
12,494353	399,821648	403,155916
12,507816	399,905362	403,504338
12,521280	399,883569	403,114204
12,534744	399,885990	403,114204
12,548208	399,782213	403,255290
12,561671	399,868694	403,114204
12,575135	399,873537	403,114204
12,588599	399,871807	403,097028
12,602063	399,834102	403,114204
12,615526	399,838945	403,114204
12,628990	399,857970	402,939993
12,642454	399,875613	403,321539
12,655918	399,865235	403,321539
12,669381	399,855549	403,122792
12,682845	399,787056	403,138741
12,696309	399,894293	403,138741
12,709773	399,862813	403,130153
12,723236	399,843442	403,263878
12,736700	399,896368	403,263878
12,750164	399,852436	403,197629
12,763628	399,858662	403,039367
12,777091	399,806773	403,039367
12,790555	399,839982	403,122792
12,804019	399,891525	403,122792
12,817483	399,802276	403,122792
12,830946	399,833064	403,171865
12,844410	399,941684	402,856568
12,857874	399,898098	402,856568
12,871338	399,862122	403,039367
12,884801	399,850706	403,197629
12,898265	399,893947	403,063904
12,911729	399,871461	403,063904
12,925192	399,825453	403,213578
12,938656	399,806082	403,371840
12,952120	399,879764	403,371840
12,965584	399,853473	403,030779
12,979047	399,820265	403,488389
12,992511	399,807119	403,488389
13,005975	399,845171	403,164504
13,019439	399,875613	402,781731
13,032902	399,869732	402,781731
13,046366	399,901903	402,673769
13,059830	399,857970	403,006242
13,073294	399,844825	403,006242
13,086757	399,874921	403,479801
13,100221	399,817151	403,180453
13,113685	399,824416	403,180453
13,127149	399,862467	402,740018
13,140612	399,846555	403,288415
13,154076	399,856587	403,288415
13,167540	399,908475	402,724070
13,181004	399,868002	402,724070
13,194467	399,872153	402,939993
13,207931	399,866273	402,939993
13,221395	399,840674	403,114204
13,234859	399,813000	403,114204
13,248322	399,862813	402,922817
13,261786	399,883569	403,180453
13,275250	399,845863	403,180453
13,288714	399,872499	402,939993
13,302177	399,879072	403,387789
13,315641	399,838945	403,387789
13,329105	399,839290	403,238114
13,342568	399,835139	402,830804
13,356032	399,812308	402,830804
13,369496	399,868348	402,922817
13,382960	399,831334	403,255290
13,396423	399,842750	403,255290
13,409887	399,789131	402,806268
13,423351	399,865235	402,881105
13,436815	399,804698	402,881105
13,450278	399,885298	402,748606
13,463742	399,851052	403,105616
13,477206	399,799163	403,105616
13,490670	399,871807	402,889693
13,504133	399,817497	403,097028
13,517597	399,909859	403,097028
13,531061	399,832718	402,757194
13,544525	399,866619	402,914229
13,557988	399,854511	403,013603
13,571452	399,871807	403,013603
13,584916	399,817843	403,013603
13,598380	399,822340	403,013603
13,611843	399,786710	402,606293
13,625307	399,850360	402,606293
13,638771	399,879418	402,964530
13,652235	399,856241	402,964530
13,665698	399,828221	402,947354
13,679162	399,822686	402,473795
13,692626	399,845171	402,473795
13,706090	399,837561	402,632057
13,719553	399,832718	402,898280
13,733017	399,876996	402,898280
13,746481	399,862813	402,457846
13,759944	399,879072	402,457846
13,773408	399,838253	402,457846
13,786872	399,872499	403,063904
13,800336	399,870424	403,055316
13,813799	399,821302	403,055316
13,827263	399,873191	402,724070
13,840727	399,818189	402,724070
13,854191	399,806082	402,515507
13,867654	399,871116	402,499558
13,881118	399,860046	402,955942
13,894582	399,938571	402,955942
13,908046	399,827529	402,598932
13,921509	399,860392	402,757194
13,934973	399,864543	402,757194
13,948437	399,878726	403,063904
13,961901	399,820265	402,898280
13,975364	399,849668	402,898280
13,988828	399,830296	402,689718
14,002292	399,864889	402,665181
14,015756	399,888412	403,030779
14,029219	399,810579	403,030779
14,042683	399,891871	402,606293
14,056147	399,838945	402,757194
14,069611	399,856933	402,757194
14,083074	399,890141	402,889693
14,096538	399,888412	402,914229
14,110002	399,865235	402,914229
14,123466	399,914356	402,656594
14,136929	399,850360	402,656594
14,150393	399,865235	402,623469
14,163857	399,862467	402,764555
14,177321	399,854511	402,598932
14,190784	399,792591	402,598932
14,204248	399,878034	402,731431
14,217712	399,857970	402,598932
14,231175	399,883223	402,598932
14,244639	399,850706	402,872517
14,258103	399,879072	402,914229
14,271567	399,791553	402,914229
14,285030	399,827529	402,905641
14,298494	399,834447	402,905641
14,311958	399,882877	402,506919
14,325422	399,903978	402,781731
14,338885	399,837215	402,424721
14,352349	399,868002	402,424721
14,365813	399,846555	402,308172
14,379277	399,852090	402,748606
14,392740	399,930269	402,748606
14,406204	399,845171	402,640645
14,419668	399,859700	402,872517
14,433132	399,833756	402,872517
14,446595	399,884607	402,341296
14,460059	399,836177	402,606293
14,473523	399,870770	402,606293
14,486987	399,906400	402,365833
14,500450	399,867656	402,398958
14,513914	399,908130	402,398958
14,527378	399,843096	402,623469
14,540842	399,838945	402,706894
14,554305	399,807811	402,706894
14,567769	399,830642	402,757194
14,581233	399,843787	402,947354
14,594697	399,848284	402,947354
14,608160	399,882877	402,773143
14,621624	399,836523	402,740018
14,635088	399,858662	402,598932
14,648551	399,832026	402,598932
14,662015	399,872845	402,490970
14,675479	399,898444	402,449258
14,688943	399,794320	402,449258
14,702406	399,876996	402,515507
14,715870	399,854165	402,499558
14,729334	399,869386	402,499558
14,742798	399,793282	402,648006
14,756261	399,908821	402,648006
14,769725	399,862813	402,648006
14,783189	399,823724	402,623469
14,796653	399,856587	402,656594
14,810116	399,852090	402,656594
14,823580	399,821994	402,698306
14,837044	399,843442	402,623469
14,850508	399,797088	402,623469
14,863971	399,838599	402,524095
14,877435	399,859008	402,689718
14,890899	399,862122	402,689718
14,904363	399,865235	402,606293
14,917826	399,877688	402,740018
14,931290	399,921967	402,740018
14,944754	399,852090	402,432082
14,958218	399,852090	402,324121
14,971681	399,797088	402,324121
14,985145	399,874921	402,764555
14,998609	399,851052	402,764555
15,012073	399,856241	402,740018
15,025536	399,877342	402,524095
15,039000	399,881839	402,524095
15,052464	399,845863	402,614881
15,065927	399,812308	402,398958
15,079391	399,850360	402,398958
15,092855	399,864543	402,632057
15,106319	399,826491	402,249284
15,119782	399,877342	402,249284
15,133246	399,846555	402,473795
15,146710	399,833756	402,673769
15,160174	399,860392	402,698306
15,173637	399,833410	402,698306
15,187101	399,891871	402,565808
15,200565	399,849668	402,682357
15,214029	399,871116	402,682357
15,227492	399,838945	402,557220
15,240956	399,839982	402,557220
15,254420	399,868694	402,332708
15,267884	399,811616	402,266459
15,281347	399,816459	402,266459
15,294811	399,872845	402,365833
15,308275	399,830642	402,673769
15,321739	399,869386	402,673769
15,335202	399,810579	402,581756
15,348666	399,852090	402,581756
15,362130	399,882531	402,465207
15,375594	399,824070	402,257871
15,389057	399,855549	402,506919
15,402521	399,837907	402,532683
15,415985	399,833064	402,532683
15,429449	399,882877	402,524095
15,442912	399,797088	402,357245
15,456376	399,820956	402,357245
15,469840	399,846555	402,490970
15,483303	399,837907	402,490970
15,496767	399,814384	402,365833
15,510231	399,868694	402,332708
15,523695	399,764917	402,332708
15,537158	399,875959	402,424721
15,550622	399,876304	402,233335
15,564086	399,843787	402,233335
15,577550	399,835831	402,416133
15,591013	399,879418	402,524095
15,604477	399,820610	402,524095
15,617941	399,844133	402,398958
15,631405	399,804006	402,398958
15,644868	399,906400	402,614881
15,658332	399,852090	402,482383
15,671796	399,900173	402,524095
15,685260	399,871807	402,524095
15,698723	399,846901	402,465207
15,712187	399,843442	402,398958
15,725651	399,839290	402,398958
15,739115	399,852436	402,606293
15,752578	399,859008	402,390370
15,766042	399,840328	402,390370
15,779506	399,919199	402,357245
15,792970	399,910205	402,357245
15,806433	399,917124	402,830804
15,819897	399,815422	402,407546
15,833361	399,890141	402,440670
15,846825	399,859354	402,440670
15,860288	399,876304	402,398958
15,873752	399,870424	402,457846
15,887216	399,869732	402,457846
15,900679	399,840674	401,967111
15,914143	399,828567	402,308172
15,927607	399,815768	402,308172
15,941071	399,828567	402,174446
15,954534	399,832718	402,233335
15,967998	399,890487	402,573169
15,981462	399,810925	402,449258
15,994926	399,837561	402,424721
16,008389	399,872845	402,424721
16,021853	399,855549	402,905641
16,035317	399,877688	402,341296
16,048781	399,855895	402,341296
16,062244	399,858316	402,449258
16,075708	399,830296	402,449258
16,089172	399,814730	402,731431
16,102636	399,835485	402,275047
16,116099	399,800201	402,275047
16,129563	399,873883	402,125373
16,143027	399,844479	402,656594
16,156491	399,855203	402,656594
16,169954	399,850706	402,541271
16,183418	399,863159	402,324121
16,196882	399,865235	402,324121
16,210346	399,813346	402,515507
16,223809	399,860046	402,515507
16,237273	399,868694	402,515507
16,250737	399,863505	402,573169
16,264201	399,801239	402,573169
16,277664	399,827183	402,573169
16,291128	399,863851	402,416133
16,304592	399,817497	402,416133
16,318056	399,863851	402,416133
16,331519	399,904324	402,316760
16,344983	399,836177	402,383009
16,358447	399,861430	402,383009
16,371910	399,856241	402,299584
16,385374	399,885990	402,275047
16,398838	399,866964	402,275047
16,412302	399,898098	402,490970
16,425765	399,783251	402,174446
16,439229	399,834447	402,174446
16,452693	399,780137	402,573169
16,466157	399,859354	402,573169
16,479620	399,881493	402,132734
16,493084	399,836869	402,332708
16,506548	399,848976	402,332708
16,520012	399,826837	402,308172
16,533475	399,794666	402,316760
16,546939	399,815076	402,316760
16,560403	399,912627	402,275047
16,573867	399,852090	402,316760
16,587330	399,852090	402,316760
16,600794	399,806428	402,241923
16,614258	399,908475	402,332708
16,627722	399,815768	402,332708
16,641185	399,797088	402,308172
16,654649	399,813346	402,316760
16,668113	399,837561	402,316760
16,681577	399,855549	402,506919
16,695040	399,842058	402,541271
16,708504	399,836177	402,541271
16,721968	399,856241	402,316760
16,735432	399,878726	402,316760
16,748895	399,829605	402,316760
16,762359	399,863851	402,165859
16,775823	399,836523	402,283635
16,789286	399,823378	402,283635
16,802750	399,884953	402,374421
16,816214	399,834447	402,141322
16,829678	399,818189	402,141322
16,843141	399,837907	402,149910
16,856605	399,882531	402,149910
16,870069	399,843442	402,416133
16,883533	399,849668	402,324121
16,896996	399,889450	402,275047
16,910460	399,830642	402,275047
16,923924	399,840328	402,416133
16,937388	399,884261	401,916811
16,950851	399,834102	401,916811
16,964315	399,777716	402,191622
16,977779	399,832718	402,174446
16,991243	399,857970	402,174446
17,004706	399,814730	402,075073
17,018170	399,885990	402,075073
17,031634	399,876304	402,656594
17,045098	399,895330	402,499558
17,058561	399,801585	402,499558
17,072025	399,834102	402,017411
17,085489	399,885298	402,557220
17,098953	399,839290	402,557220
17,112416	399,837907	402,482383
17,125880	399,921621	402,506919
17,139344	399,871461	402,506919
17,152808	399,900865	402,440670
17,166271	399,866964	402,290996
17,179735	399,856241	402,290996
17,193199	399,796050	402,249284
17,206662	399,879072	402,033360
17,220126	399,846555	402,033360
17,233590	399,788439	402,648006
17,247054	399,846901	402,541271
17,260517	399,845863	402,789092
17,273981	399,819227	402,789092
17,287445	399,865235	402,216159
17,300909	399,896714	402,216159
17,314372	399,851744	402,116785
17,327836	399,882185	402,724070
17,341300	399,814038	402,724070
17,354764	399,837907	402,108197
17,368227	399,836869	402,108197
17,381691	399,851744	402,557220
17,395155	399,839982	402,557220
17,408619	399,788439	401,859149
17,422082	399,871461	401,859149
17,435546	399,807465	402,125373
17,449010	399,840674	402,581756
17,462474	399,867310	402,581756
17,475937	399,915048	402,374421
17,489401	399,814038	402,565808
17,502865	399,838253	402,565808
17,516329	399,837561	402,499558
17,529792	399,881147	402,499558
17,543256	399,875267	402,499558
17,556720	399,879418	402,449258
17,570184	399,801239	402,449258
17,583647	399,824416	402,275047
17,597111	399,807465	402,324121
17,610575	399,880801	402,324121
17,624038	399,893601	402,241923
17,637502	399,884607	402,200210
17,650966	399,826491	402,200210
17,664430	399,799855	402,383009
17,677893	399,873191	402,332708
17,691357	399,851398	402,332708
17,704821	399,877342	402,424721
17,718285	399,814384	402,524095
17,731748	399,861084	402,241923
17,745212	399,812308	402,241923
17,758676	399,808849	402,290996
17,772140	399,864543	402,200210
17,785603	399,839636	402,200210
17,799067	399,832718	402,266459
17,812531	399,880110	402,125373
17,825995	399,855203	402,125373
17,839458	399,830988	402,200210
17,852922	399,858662	402,200210
17,866386	399,849668	402,449258
17,879850	399,839982	402,324121
17,893313	399,874229	402,324121
17,906777	399,852436	402,132734
17,920241	399,821994	402,200210
17,933705	399,789823	402,200210
17,947168	399,861084	402,207571
17,960632	399,863851	402,207571
17,974096	399,795358	402,207571
17,987560	399,930269	402,316760
18,001023	399,848976	402,374421
18,014487	399,871461	402,374421
18,027951	399,882877	402,374421
18,041415	399,814730	402,275047
18,054878	399,775640	402,275047
18,068342	399,874575	402,275047
18,081806	399,877342	402,158498
18,095269	399,834102	402,158498
18,108733	399,804698	402,108197
18,122197	399,898098	402,233335
18,135661	399,833756	402,308172
18,149124	399,885990	402,308172
18,162588	399,861776	402,324121
18,176052	399,889450	402,324121
18,189516	399,788439	402,290996
18,202979	399,861776	402,290996
18,216443	399,843442	402,290996
18,229907	399,813000	402,383009
18,243371	399,870424	402,266459
18,256834	399,833756	402,266459
18,270298	399,890141	402,374421
18,283762	399,848976	401,942574
18,297226	399,899481	402,125373
18,310689	399,902595	402,125373
18,324153	399,905362	402,581756
18,337617	399,802968	402,581756
18,351081	399,822340	402,149910
18,364544	399,818535	402,283635
18,378008	399,850014	402,283635
18,391472	399,863159	402,141322
18,404936	399,865927	402,407546
18,418399	399,852436	402,407546
18,431863	399,811962	402,183034
18,445327	399,888758	402,141322
18,458791	399,839982	402,141322
18,472254	399,845171	402,257871
18,485718	399,874229	402,017411
18,499182	399,847593	402,017411
18,512645	399,857970	401,908223
18,526109	399,809541	402,216159
18,539573	399,866619	402,216159
18,553037	399,847939	402,017411
18,566500	399,835139	402,374421
18,579964	399,850360	402,374421
18,593428	399,828221	402,249284
18,606892	399,865235	402,174446
18,620355	399,861084	402,174446
18,633819	399,872845	402,200210
18,647283	399,866619	402,075073
18,660747	399,896714	402,075073
18,674210	399,874575	402,191622
18,687674	399,836177	402,191622
18,701138	399,869040	402,083660
18,714602	399,843787	402,224747
18,728065	399,832718	402,224747
18,741529	399,810579	402,283635
18,754993	399,878380	402,757194
18,768457	399,819573	402,398958
18,781920	399,871461	402,398958
18,795384	399,842750	402,275047
18,808848	399,881839	402,275047
18,822312	399,878034	401,916811
18,835775	399,855203	402,132734
18,849239	399,934420	402,092248
18,862703	399,873883	402,092248
18,876167	399,841712	401,975699
18,889630	399,838253	401,808849
18,903094	399,867310	401,808849
18,916558	399,843096	402,000236
18,930021	399,895676	402,398958
18,943485	399,833064	402,398958
18,956949	399,839982	401,867737
18,970413	399,843096	402,183034
18,983876	399,845171	402,183034
18,997340	399,862467	402,008823
19,010804	399,842750	402,316760
19,024268	399,861084	402,316760
19,037731	399,899481	402,374421
19,051195	399,856933	401,775724
19,064659	399,842058	401,775724
19,078123	399,856587	402,357245
19,091586	399,850360	402,275047
19,105050	399,890141	402,275047
19,118514	399,877688	401,942574
19,131978	399,817151	402,398958
19,145441	399,844479	402,398958
19,158905	399,847593	402,033360
19,172369	399,826837	402,108197
19,185833	399,855203	402,108197
19,199296	399,853473	402,041948
19,212760	399,827875	402,017411
19,226224	399,856241	402,017411
19,239688	399,854511	402,233335
19,253151	399,862813	401,975699
19,266615	399,896022	401,975699
19,280079	399,841366	401,958523
19,293543	399,856587	401,933986
19,307006	399,838599	401,933986
19,320470	399,860392	402,200210
19,333934	399,918507	402,324121
19,347397	399,857624	402,324121
19,360861	399,905708	402,092248
19,374325	399,865235	402,092248
19,387789	399,833410	402,200210
19,401252	399,855203	402,200210
19,414716	399,880801	402,100836
19,428180	399,902595	402,100836
19,441644	399,845863	401,684938
19,455107	399,844479	401,684938
19,468571	399,859008	402,149910
19,482035	399,862813	402,149910
19,495499	399,868348	402,066485
19,508962	399,898790	402,066485
19,522426	399,842404	401,734012
19,535890	399,862122	401,734012
19,549354	399,819227	401,958523
19,562817	399,826837	401,916811
19,576281	399,822686	401,916811
19,589745	399,851744	402,075073
19,603209	399,852090	401,984287
19,616672	399,831334	401,984287
19,630136	399,888758	402,092248
19,643600	399,832372	402,241923
19,657064	399,832718	402,241923
19,670527	399,876996	402,174446
19,683991	399,916086	402,075073
19,697455	399,871807	402,075073
19,710919	399,880456	402,158498
19,724382	399,862467	402,233335
19,737846	399,833756	402,233335
19,751310	399,877342	402,141322
19,764774	399,821648	402,257871
19,778237	399,844133	402,257871
19,791701	399,874575	402,125373
19,805165	399,891871	402,290996
19,818628	399,827875	402,290996
19,832092	399,879072	402,324121
19,845556	399,875959	402,100836
19,859020	399,886682	402,100836
19,872483	399,819227	402,257871
19,885947	399,855203	402,299584
19,899411	399,866273	402,299584
19,912875	399,848284	402,224747
19,926338	399,816805	402,165859
19,939802	399,801585	402,165859
19,953266	399,860392	402,183034
19,966730	399,859354	402,033360
19,980193	399,812654	402,033360
19,993657	399,864543	402,075073
20,007121	399,868694	402,075073
20,020585	399,851744	402,066485
20,034048	399,862467	402,066485
20,047512	399,915048	402,324121
20,060976	399,834447	402,183034
20,074440	399,837215	401,916811
20,087903	399,886336	401,916811
20,101367	399,861430	401,958523
20,114831	399,858316	402,316760
20,128295	399,827183	402,316760
20,141758	399,871461	401,991648
20,155222	399,843787	402,299584
20,168686	399,878380	402,299584
20,182150	399,801585	402,165859
20,195613	399,837907	402,290996
20,209077	399,875613	402,290996
20,222541	399,886336	402,059124
20,236004	399,870424	401,949935
20,249468	399,865581	401,949935
20,262932	399,871807	401,991648
20,276396	399,872153	402,008823
20,289859	399,887374	402,008823
20,303323	399,843787	401,967111
20,316787	399,844479	402,241923
20,330251	399,916432	402,241923
20,343714	399,830642	402,224747
20,357178	399,817843	402,241923
20,370642	399,832718	402,241923
20,384106	399,852436	401,984287
20,397569	399,821994	402,092248
20,411033	399,878380	402,092248
20,424497	399,840328	402,233335
20,437961	399,832026	401,958523
20,451424	399,869732	401,958523
20,464888	399,879764	401,759775
20,478352	399,877688	401,759775
20,491816	399,868348	402,241923
20,505279	399,800201	402,132734
20,518743	399,821302	402,132734
20,532207	399,793282	402,324121
20,545671	399,870770	402,398958
20,559134	399,851744	402,398958
20,572598	399,880456	402,249284
20,586062	399,813000	402,233335
20,599526	399,873883	402,050536
20,612989	399,868002	402,050536
20,626453	399,854857	402,083660
20,639917	399,847593	402,083660
20,653380	399,841712	402,257871
20,666844	399,831334	402,283635
20,680308	399,862813	402,283635
20,693772	399,866273	402,149910
20,707235	399,876304	402,149910
20,720699	399,842404	402,789092
20,734163	399,851398	402,789092
20,747627	399,825799	402,066485
20,761090	399,883223	402,299584
20,774554	399,895676	402,299584
20,788018	399,866964	401,834613
20,801482	399,843442	401,834613
20,814945	399,818881	402,233335
20,828409	399,822686	401,984287
20,841873	399,864889	401,984287
20,855337	399,851744	402,207571
20,868800	399,868002	402,257871
20,882264	399,815076	402,257871
20,895728	399,834102	402,365833
20,909192	399,896022	402,008823
20,922655	399,810579	402,008823
20,936119	399,872845	402,174446
20,949583	399,837561	401,850561
20,963047	399,858662	401,850561
20,976510	399,890141	402,158498
20,989974	399,872845	402,207571
21,003438	399,830988	402,207571
21,016902	399,849322	402,149910
21,030365	399,846901	401,933986
21,043829	399,847939	401,933986
21,057293	399,902249	402,017411
21,070756	399,847247	402,041948
21,084220	399,815768	402,041948
21,097684	399,798471	402,100836
21,111148	399,852782	402,059124
21,124611	399,885990	402,059124
21,138075	399,862122	402,108197
21,151539	399,855549	402,024772
21,165003	399,900519	402,024772
21,178466	399,830988	402,125373
21,191930	399,826837	402,033360
21,205394	399,820610	402,033360
21,218858	399,869386	402,100836
21,232321	399,884953	402,116785
21,245785	399,889450	402,116785
21,259249	399,880110	401,867737
21,272713	399,824762	401,867737
21,286176	399,835831	401,867737
21,299640	399,825108	402,024772
21,313104	399,855895	401,867737
21,326568	399,873537	401,867737
21,340031	399,774602	402,092248
21,353495	399,854511	401,883686
21,366959	399,899827	401,883686
21,380423	399,870424	401,801488
21,393886	399,844479	401,801488
21,407350	399,824070	401,975699
21,420814	399,840328	402,059124
21,434278	399,859700	402,059124
21,447741	399,855203	401,792900
21,461205	399,880110	401,942574
21,474669	399,864889	401,942574
21,488132	399,875613	401,651814
21,501596	399,832718	401,925398
21,515060	399,836523	401,660402
21,528524	399,850014	401,817437
21,541987	399,800893	401,817437
21,555451	399,857624	401,900862
21,568915	399,855203	401,900862
21,582379	399,850706	402,241923
21,595842	399,879764	401,759775
21,609306	399,915394	401,759775
21,622770	399,831680	402,116785
21,636234	399,862813	401,933986
21,649697	399,878380	401,933986
21,663161	399,846555	401,908223
21,676625	399,806773	401,817437
21,690089	399,859354	401,817437
21,703552	399,830988	401,900862
21,717016	399,846901	401,725424
21,730480	399,852090	401,725424
21,743944	399,825799	402,125373
21,757407	399,822340	402,200210
21,770871	399,897406	402,200210
21,784335	399,830642	402,141322
21,797799	399,806773	401,584338
21,811262	399,875959	401,584338
21,824726	399,833064	401,660402
21,838190	399,886682	401,883686
21,851654	399,843096	401,883686
21,865117	399,823032	401,883686
21,878581	399,897752	401,883686
21,892045	399,858662	401,975699
21,905509	399,799855	402,100836
21,918972	399,906746	402,365833
21,932436	399,890833	402,365833
21,945900	399,849668	401,958523
21,959363	399,854511	401,643226
21,972827	399,839982	401,643226
21,986291	399,855203	401,775724
21,999755	399,873191	401,775724
22,013218	399,837907	401,949935
22,026682	399,842404	402,183034
22,040146	399,867310	402,008823
22,053610	399,877688	402,008823
22,067073	399,842750	401,667763
22,080537	399,858662	401,667763
22,094001	399,882531	401,942574
22,107465	399,855549	401,775724
22,120928	399,837907	401,916811
22,134392	399,824070	401,916811
22,147856	399,852782	401,725424
22,161320	399,870424	401,725424
22,174783	399,833064	401,725424
22,188247	399,822340	401,759775
22,201711	399,855549	401,709475
22,215175	399,870770	401,709475
22,228638	399,845863	401,876325
22,242102	399,909167	401,991648
22,255566	399,815076	401,991648
22,269030	399,910897	401,610101
22,282493	399,920583	401,725424
22,295957	399,900519	401,725424
22,309421	399,834102	401,892274
22,322885	399,881493	401,808849
22,336348	399,835831	401,808849
22,349812	399,873191	402,000236
22,363276	399,889796	401,692299
22,376739	399,859354	401,692299
22,390203	399,846901	401,984287
22,403667	399,844133	402,116785
22,417131	399,899827	402,116785
22,430594	399,854165	401,942574
22,444058	399,838599	401,784312
22,457522	399,850706	401,784312
22,470986	399,854165	401,949935
22,484449	399,832026	401,718063
22,497913	399,866964	401,718063
22,511377	399,862122	401,626050
22,524841	399,866619	401,916811
22,538304	399,838253	401,916811
22,551768	399,869732	401,700887
22,565232	399,892217	401,876325
22,578696	399,911935	401,876325
22,592159	399,859354	401,692299
22,605623	399,821994	401,643226
22,619087	399,842750	401,643226
22,632551	399,856241	401,576977
22,646014	399,861776	401,651814
22,659478	399,871461	401,651814
22,672942	399,846901	401,876325
22,686406	399,833756	401,967111
22,699869	399,863851	401,967111
22,713333	399,843787	401,808849
22,726797	399,842404	401,808849
22,740261	399,868694	401,767136
22,753724	399,817151	401,843200
22,767188	399,868002	401,843200
22,780652	399,796396	401,610101
22,794115	399,829605	401,734012
22,807579	399,821994	401,734012
22,821043	399,844825	402,083660
22,834507	399,828221	401,718063
22,847970	399,878380	401,718063
22,861434	399,843096	401,908223
22,874898	399,853819	401,826025
22,888362	399,839636	401,826025
22,901825	399,829950	401,792900
22,915289	399,895676	401,584338
22,928753	399,857970	401,584338
22,942217	399,854511	401,859149
22,955680	399,881147	401,759775
22,969144	399,832718	401,759775
22,982608	399,793628	401,916811
22,996072	399,888412	401,834613
23,009535	399,800547	401,759775
23,022999	399,848284	401,759775
23,036463	399,862467	401,826025
23,049927	399,859354	401,826025
23,063390	399,856587	401,759775
23,076854	399,795358	401,784312
23,090318	399,838253	401,784312
23,103782	399,865581	401,876325
23,117245	399,897752	401,784312
23,130709	399,837561	401,784312
23,144173	399,863505	401,850561
23,157637	399,890833	401,784312
23,171100	399,841020	401,784312
23,184564	399,807811	401,775724
23,198028	399,881493	401,958523
23,211491	399,850360	401,958523
23,224955	399,840674	401,660402
23,238419	399,809195	402,008823
23,251883	399,895676	402,008823
23,265346	399,844133	401,801488
23,278810	399,912281	401,967111
23,292274	399,839982	401,967111
23,305738	399,831334	401,751188
23,319201	399,804006	402,100836
23,332665	399,783251	402,100836
23,346129	399,856587	402,066485
23,359593	399,845517	402,066485
23,373056	399,866964	401,792900
23,386520	399,862467	401,484964
23,399984	399,856587	401,484964
23,413448	399,834447	401,792900
23,426911	399,861084	401,792900
23,440375	399,872153	401,526676
23,453839	399,781867	401,526676
23,467303	399,858662	402,008823
23,480766	399,881147	401,725424
23,494230	399,839290	401,725424
23,507694	399,865235	401,592926
23,521158	399,869732	401,484964
23,534621	399,851052	401,484964
23,548085	399,872153	401,933986
23,561549	399,853819	401,484964
23,575013	399,847939	401,484964
23,588476	399,835831	401,826025
23,601940	399,864889	401,568389
23,615404	399,799509	401,568389
23,628868	399,746928	401,634638
23,642331	399,837907	401,767136
23,655795	399,857970	401,767136
23,669259	399,840328	402,000236
23,682722	399,795358	401,742600
23,696186	399,797434	401,734012
23,709650	399,825799	401,734012
23,723114	399,833410	401,361053
23,736577	399,853473	401,361053
23,750041	399,866273	401,775724
23,763505	399,851744	401,775724
23,776969	399,804006	401,576977
23,790432	399,829605	401,576977
23,803896	399,863851	401,610101
23,817360	399,855549	401,676351
23,830824	399,878380	401,676351
23,844287	399,853473	401,801488
23,857751	399,807119	401,667763
23,871215	399,875613	401,667763
23,884679	399,892563	401,700887
23,898142	399,837561	401,767136
23,911606	399,876996	401,767136
23,925070	399,845517	401,826025
23,938534	399,854857	401,626050
23,951997	399,857970	401,626050
23,965461	399,834102	401,834613
23,978925	399,855203	401,709475
23,992389	399,857970	401,709475
24,005852	399,818189	401,775724
24,019316	399,894638	401,867737
24,032780	399,836523	401,867737
24,046244	399,862813	401,584338
24,059707	399,893947	401,801488
24,073171	399,875267	401,801488
24,086635	399,883223	401,535264
24,100098	399,834793	401,502140
24,113562	399,847939	401,502140
24,127026	399,808849	401,484964
24,140490	399,844479	401,792900
24,153953	399,833756	401,792900
24,167417	399,926118	401,759775
24,180881	399,890487	401,618689
24,194345	399,837561	401,618689
24,207808	399,818189	401,660402
24,221272	399,892217	401,792900
24,234736	399,824070	401,792900
24,248200	399,836177	401,684938
24,261663	399,846901	401,493552
24,275127	399,897406	401,493552
24,288591	399,802622	401,643226
24,302055	399,893947	401,775724
24,315518	399,864543	401,775724
24,328982	399,814038	401,742600
24,342446	399,856241	401,601513
24,355910	399,862467	401,601513
24,369373	399,868002	401,692299
24,382837	399,859008	401,700887
24,396301	399,879072	401,742600
24,409765	399,842404	401,742600
24,423228	399,908821	401,427303
24,436692	399,891871	401,427303
24,450156	399,837215	401,651814
24,463620	399,870078	401,410127
24,477083	399,870078	401,410127
24,490547	399,851744	401,576977
24,504011	399,828221	401,559801
24,517474	399,906746	401,559801
24,530938	399,839636	401,584338
24,544402	399,882877	401,709475
24,557866	399,816805	401,709475
24,571329	399,838945	401,401539
24,584793	399,860046	401,401539
24,598257	399,820956	401,401539
24,611721	399,843787	401,742600
24,625184	399,843442	401,576977
24,638648	399,823724	401,576977
24,652112	399,858316	401,700887
24,665576	399,900519	401,725424
24,679039	399,815768	401,725424
24,692503	399,840674	401,526676
24,705967	399,827183	401,526676
24,719431	399,882877	402,125373
24,732894	399,898790	401,734012
24,746358	399,875613	401,734012
24,759822	399,885990	401,883686
24,773286	399,781521	401,618689
24,786749	399,832718	401,618689
24,800213	399,856587	401,676351
24,813677	399,868002	401,418715
24,827141	399,851052	401,418715
24,840604	399,821648	401,718063
24,854068	399,850706	401,410127
24,867532	399,836869	401,410127
24,880996	399,850360	401,634638
24,894459	399,795358	401,568389
24,907923	399,802622	401,568389
24,921387	399,845517	401,651814
24,934850	399,818535	401,709475
24,948314	399,901903	401,709475
24,961778	399,825799	401,634638
24,975242	399,852090	401,734012
24,988705	399,823724	401,734012
25,002169	399,829259	401,319341
25,015633	399,806082	401,676351
25,029097	399,871807	401,676351
25,042560	399,824762	401,834613
25,056024	399,873537	401,385590
25,069488	399,898790	401,385590
25,082952	399,814730	401,676351
25,096415	399,824762	401,792900
25,109879	399,897060	401,792900
25,123343	399,825108	401,718063
25,136807	399,830642	401,401539
25,150270	399,870770	401,401539
25,163734	399,842750	401,676351
25,177198	399,862813	401,792900
25,190662	399,814730	401,792900
25,204125	399,819919	401,509501
25,217589	399,865235	401,626050
25,231053	399,826837	401,626050
25,244517	399,835831	401,876325
25,257980	399,814038	401,700887
25,271444	399,835139	401,700887
25,284908	399,881493	401,443251
25,298372	399,881493	401,610101
25,311835	399,834447	401,610101
25,325299	399,842404	401,784312
25,338763	399,830296	401,692299
25,352226	399,834793	401,692299
25,365690	399,811962	401,883686
25,379154	399,838253	401,709475
25,392618	399,881147	401,709475
25,406081	399,876650	401,867737
25,419545	399,916432	401,867737
25,433009	399,774602	401,352465
25,446473	399,826491	401,509501
25,459936	399,848630	401,352465
25,473400	399,829259	401,352465
25,486864	399,894293	401,543852
25,500328	399,847247	401,883686
25,513791	399,818189	401,883686
25,527255	399,769068	401,626050
25,540719	399,856241	401,626050
25,554183	399,881493	401,667763
25,567646	399,854165	401,808849
25,581110	399,828913	401,808849
25,594574	399,834102	401,876325
25,608038	399,874229	402,008823
25,621501	399,855895	402,008823
25,634965	399,903287	402,024772
25,648429	399,849322	401,709475
25,661893	399,836523	401,709475
25,675356	399,889450	401,676351
25,688820	399,847247	401,509501
25,702284	399,856587	401,509501
25,715748	399,832372	401,526676
25,729211	399,847247	401,626050
25,742675	399,816805	401,626050
25,756139	399,880110	401,509501
25,769603	399,870770	401,876325
25,783066	399,862813	401,876325
25,796530	399,855549	401,843200
25,809994	399,843787	401,676351
25,823457	399,848284	401,676351
25,836921	399,828913	401,543852
25,850385	399,846555	401,435890
25,863849	399,833064	401,435890
25,877312	399,828567	401,410127
25,890776	399,867656	401,293577
25,904240	399,860738	401,293577
25,917704	399,855549	401,418715
25,931167	399,793628	401,502140
25,944631	399,830296	401,502140
25,958095	399,837561	401,584338
25,971559	399,877688	401,700887
25,985022	399,823032	401,700887
25,998486	399,909167	401,859149
26,011950	399,846555	401,584338
26,025414	399,846209	401,584338
26,038877	399,815422	401,502140
26,052341	399,859700	401,634638
26,065805	399,826837	401,634638
26,079269	399,845863	401,352465
26,092732	399,827529	401,467788
26,106196	399,798817	401,467788
26,119660	399,900865	401,493552
26,133124	399,805736	401,260453
26,146587	399,790515	401,260453
26,160051	399,879418	401,634638
26,173515	399,861084	401,269041
26,186979	399,817843	401,269041
26,200442	399,828221	401,435890
26,213906	399,813346	401,643226
26,227370	399,843787	401,643226
26,240833	399,875267	401,310753
26,254297	399,827529	401,502140
26,267761	399,799855	401,502140
26,281225	399,865235	401,526676
26,294688	399,834447	401,335290
26,308152	399,891871	401,335290
26,321616	399,837561	401,143903
26,335080	399,873191	401,143903
26,348543	399,784980	401,377002
26,362007	399,793974	400,961104
26,375471	399,850706	400,961104
26,388935	399,853473	401,518088
26,402398	399,833756	401,502140
26,415862	399,784288	401,502140
26,429326	399,860046	401,335290
26,442790	399,814038	401,277628
26,456253	399,810579	401,277628
26,469717	399,787056	401,476376
26,483181	399,807465	401,476376
26,496645	399,863505	401,551213
26,510108	399,862467	401,103417
26,523572	399,847939	401,103417
26,537036	399,825108	401,476376
26,550500	399,818535	401,352465
26,563963	399,866273	401,352465
26,577427	399,876650	401,734012
26,590891	399,820265	401,335290
26,604355	399,897060	401,335290
26,617818	399,868694	401,684938
26,631282	399,851398	401,435890
26,644746	399,831680	401,435890
26,658209	399,797779	401,634638
26,671673	399,838253	401,385590
26,685137	399,869732	401,385590
26,698601	399,876650	401,094830
26,712064	399,873537	401,194203
26,725528	399,809887	401,194203
26,738992	399,842404	401,394178
26,752456	399,892217	401,742600
26,765919	399,871807	401,742600
26,779383	399,836869	401,410127
26,792847	399,862813	401,493552
26,806311	399,820265	401,493552
26,819774	399,821302	401,543852
26,833238	399,768030	401,543852
26,846702	399,814384	401,143903
26,860166	399,866964	401,211379
26,873629	399,872845	401,211379
26,887093	399,844479	401,535264
26,900557	399,826145	401,178255
26,914021	399,854165	401,178255
26,927484	399,848630	401,302165
26,940948	399,872499	401,634638
26,954412	399,831680	401,634638
26,967876	399,809887	401,610101
26,981339	399,828913	401,293577
26,994803	399,830296	401,293577
27,008267	399,811616	401,319341
27,021731	399,830642	401,394178
27,035194	399,842750	401,394178
27,048658	399,863505	401,427303
27,062122	399,847593	401,194203
27,075585	399,881839	401,194203
27,089049	399,800893	401,284989
27,102513	399,783251	401,451839
27,115977	399,813000	401,451839
27,129440	399,869386	401,551213
27,142904	399,857624	401,551213
27,156368	399,838253	401,551213
27,169832	399,871807	401,352465
27,183295	399,837907	401,352465
27,196759	399,831334	401,319341
27,210223	399,841712	401,211379
27,223687	399,826837	401,211379
27,237150	399,824416	401,394178
27,250614	399,825108	401,610101
27,264078	399,851052	401,610101
27,277542	399,887720	401,443251
27,291005	399,919199	401,559801
27,304469	399,765608	401,559801
27,317933	399,812308	401,335290
27,331397	399,839982	401,451839
27,344860	399,798817	401,451839
27,358324	399,869040	401,244504
27,371788	399,843787	401,244504
27,385252	399,876996	401,368414
27,398715	399,852090	401,626050
27,412179	399,831334	401,626050
27,425643	399,854511	401,251865
27,439107	399,788785	401,692299
27,452570	399,842058	401,692299
27,466034	399,818881	401,676351
27,479498	399,817497	401,502140
27,492962	399,861084	401,502140
27,506425	399,835139	401,418715
27,519889	399,807811	401,435890
27,533353	399,886336	401,435890
27,546816	399,818189	401,277628
27,560280	399,858316	401,277628
27,573744	399,848630	401,277628
27,587208	399,832718	401,394178
27,600671	399,902941	401,302165
27,614135	399,880110	401,302165
27,627599	399,877688	401,401539
27,641063	399,825453	401,808849
27,654526	399,861430	401,808849
27,667990	399,852782	401,410127
27,681454	399,856587	401,410127
27,694918	399,820265	401,377002
27,708381	399,867656	400,927980
27,721845	399,856933	400,927980
27,735309	399,908130	401,377002
27,748773	399,889796	401,518088
27,762236	399,802622	401,518088
27,775700	399,859354	401,284989
27,789164	399,857624	401,435890
27,802628	399,871807	401,435890
27,816091	399,827875	401,634638
27,829555	399,795358	401,319341
27,843019	399,776678	401,319341
27,856483	399,807811	401,169667
27,869946	399,891179	401,227328
27,883410	399,940992	401,227328
27,896874	399,851744	401,269041
27,910338	399,865927	400,994229
27,923801	399,839290	400,994229
27,937265	399,876996	401,218740
27,950729	399,866964	401,509501
27,964192	399,889104	401,509501
27,977656	399,789477	401,326702
27,991120	399,823724	401,326702
28,004584	399,801239	401,343878
28,018047	399,805044	401,293577
28,031511	399,814384	401,293577
28,044975	399,802276	401,361053
28,058439	399,790861	401,152491
28,071902	399,802622	401,152491
28,085366	399,790861	401,218740
28,098830	399,856241	401,518088
28,112294	399,830296	401,518088
28,125757	399,828913	401,509501
28,139221	399,850014	401,335290
28,152685	399,832026	401,335290
28,166149	399,862813	401,284989
28,179612	399,802276	401,161079
28,193076	399,825799	401,161079
28,206540	399,908130	401,169667
28,220004	399,867656	401,069066
28,233467	399,862467	401,069066
28,246931	399,873883	401,361053
28,260395	399,829259	401,277628
28,273859	399,913664	401,277628
28,287322	399,824416	401,377002
28,300786	399,823032	401,394178
28,314250	399,850706	401,394178
28,327714	399,832372	401,443251
28,341177	399,818535	401,394178
28,354641	399,834447	401,394178
28,368105	399,863851	401,467788
28,381568	399,858662	401,136542
28,395032	399,815422	401,136542
28,408496	399,865235	401,178255
28,421960	399,877342	401,427303
28,435423	399,866273	401,427303
28,448887	399,864543	401,559801
28,462351	399,831680	401,161079
28,475815	399,831680	401,161079
28,489278	399,828567	401,410127
28,502742	399,833064	401,202791
28,516206	399,875613	401,202791
28,529670	399,821648	401,202791
28,543133	399,817843	401,352465
28,556597	399,895676	401,352465
28,570061	399,811616	401,202791
28,583525	399,841712	401,202791
28,596988	399,814730	401,202791
28,610452	399,829259	401,237143
28,623916	399,799509	401,368414
28,637380	399,900519	401,368414
28,650843	399,847247	401,227328
28,664307	399,871461	401,227328
28,677771	399,845171	401,361053
28,691235	399,868348	401,361053
28,704698	399,864889	401,361053
28,718162	399,866964	401,269041
28,731626	399,839290	401,618689
28,745090	399,882185	401,618689
28,758553	399,880801	401,618689
28,772017	399,789477	401,343878
28,785481	399,845171	401,343878
28,798944	399,839290	401,368414
28,812408	399,826837	401,394178
28,825872	399,861084	401,394178
28,839336	399,866273	401,251865
28,852799	399,828567	401,251865
28,866263	399,903633	401,385590
28,879727	399,817151	401,152491
28,893191	399,850014	401,152491
28,906654	399,824762	401,310753
28,920118	399,821648	401,643226
28,933582	399,827875	401,643226
28,947046	399,830988	401,335290
28,960509	399,843442	401,293577
28,973973	399,840328	401,394178
28,987437	399,852436	401,394178
29,000901	399,820956	401,269041
29,014364	399,820265	401,269041
29,027828	399,845863	401,618689
29,041292	399,756960	401,143903
29,054756	399,781521	401,143903
29,068219	399,875613	401,435890
29,081683	399,841020	401,103417
29,095147	399,819919	401,103417
29,108611	399,854165	401,568389
29,122074	399,805736	401,427303
29,135538	399,875613	401,427303
29,149002	399,822686	401,161079
29,162466	399,808503	401,202791
29,175929	399,860392	401,202791
29,189393	399,857970	400,844555
29,202857	399,832026	400,844555
29,216321	399,868694	401,053117
29,229784	399,865581	401,467788
29,243248	399,858316	401,443251
29,256712	399,833064	401,443251
29,270175	399,884607	401,293577
29,283639	399,825108	401,293577
29,297103	399,835485	401,169667
29,310567	399,775640	401,535264
29,324030	399,829259	401,535264
29,337494	399,838945	401,269041
29,350958	399,848976	401,775724
29,364422	399,846209	401,775724
29,377885	399,871461	401,178255
29,391349	399,833756	400,912031
29,404813	399,804006	400,912031
29,418277	399,851744	401,152491
29,431740	399,814038	400,994229
29,445204	399,794320	400,994229
29,458668	399,865927	401,143903
29,472132	399,827529	401,227328
29,485595	399,859008	401,227328
29,499059	399,823032	401,319341
29,512523	399,890833	401,319341
29,525987	399,808503	400,969692
29,539450	399,809195	400,903443
29,552914	399,866619	401,410127
29,566378	399,871461	401,410127
29,579842	399,829950	401,152491
29,593305	399,890141	401,152491
29,606769	399,869732	401,410127
29,620233	399,837907	401,377002
29,633697	399,766646	401,377002
29,647160	399,842404	401,260453
29,660624	399,854165	401,269041
29,674088	399,827183	401,235916
29,687551	399,900519	401,235916
29,701015	399,859008	401,202791
29,714479	399,889796	401,202791
29,727943	399,842750	401,502140
29,741406	399,842058	401,418715
29,754870	399,798125	401,418715
29,768334	399,861430	401,335290
29,781798	399,851744	401,293577
29,795261	399,872845	401,293577
29,808725	399,793628	401,269041
29,822189	399,857624	401,418715
29,835653	399,860046	401,418715
29,849116	399,795358	401,235916
29,862580	399,884953	401,169667
29,876044	399,836177	401,169667
29,889508	399,826145	401,143903
29,902971	399,857970	401,235916
29,916435	399,865235	401,235916
29,929899	399,899481	401,169667
29,943363	399,888412	401,194203
29,956826	399,785326	401,194203
29,970290	399,807465	401,277628
29,983754	399,801239	401,110779
29,997218	399,861430	401,110779
30,010681	399,877342	401,178255
30,024145	399,896368	401,251865
30,037609	399,844479	401,251865
30,051073	399,807811	401,284989
30,064536	399,820956	401,284989
30,078000	399,855549	401,284989
30,091464	399,884261	401,094830
