Zeit [s]  Piezo[nm]  MEMS[nm]
eoh
0,013335	0,004840	0,000000
0,026670	50,086103	0,000000
0,040005	49,980998	0,158262
0,053340	49,958871	50,885531
0,066675	50,000360	50,885531
0,080011	49,984801	51,492816
0,093346	49,963366	51,567653
0,106681	49,987222	51,318605
0,120016	50,007966	51,318605
0,133351	49,993099	51,177518
0,146686	49,946079	51,534528
0,160021	49,931903	51,534528
0,173356	49,990333	51,260943
0,186691	49,972701	51,327193
0,200026	49,977195	51,327193
0,213361	49,938818	51,409391
0,226697	49,963020	51,517352
0,240032	49,983418	51,517352
0,253367	49,980307	51,276892
0,266702	49,981344	51,276892
0,280037	49,982036	51,177518
0,293372	49,944004	51,252356
0,306707	50,022833	51,252356
0,320042	50,031131	51,360317
0,333377	49,985493	50,885531
0,346712	49,982381	50,885531
0,360047	49,988950	51,184879
0,373383	49,955068	51,285480
0,386718	49,968897	51,285480
0,400053	50,003817	51,268304
0,413388	50,016955	51,310017
0,426723	49,957488	51,310017
0,440058	50,009003	51,193467
0,453393	49,970626	51,285480
0,466728	49,978578	51,285480
0,480063	49,941584	51,318605
0,493398	49,915999	51,276892
0,506734	49,990333	51,276892
0,520069	49,888686	51,235180
0,533404	49,991370	51,151755
0,546739	49,902170	51,151755
0,560074	49,905281	51,118630
0,573409	49,986530	51,085506
0,586744	50,011423	51,085506
0,600079	49,973738	51,184879
0,613414	49,962328	51,243768
0,626749	49,961291	51,243768
0,640084	50,023524	50,944419
0,653420	49,947807	50,944419
0,666755	49,950919	51,343141
0,680090	50,012115	51,177518
0,693425	49,961291	51,177518
0,706760	49,934669	51,210643
0,720095	49,971318	51,043793
0,733430	49,994136	51,043793
0,746765	49,936052	51,060969
0,760100	49,938818	51,036432
0,773435	49,942621	51,036432
0,786770	49,998285	51,184879
0,800106	50,024907	51,043793
0,813441	50,008312	51,043793
0,826776	50,001743	51,184879
0,840111	49,958871	51,310017
0,853446	49,924643	51,310017
0,866781	50,042886	51,135806
0,880116	49,886611	50,902707
0,893451	49,956105	50,902707
0,906786	49,995865	51,235180
0,920121	49,974429	51,351729
0,933456	50,024907	51,351729
0,946792	49,972009	51,036432
0,960127	49,965786	51,144394
0,973462	49,959908	51,144394
0,986797	49,924297	51,334554
1,000132	49,952993	51,376266
1,013467	49,948499	51,376266
1,026802	49,950227	51,184879
1,040137	49,972355	51,184879
1,053472	49,951956	51,301429
1,066807	49,982381	51,068330
1,080142	49,932940	51,068330
1,093478	49,995174	51,003308
1,106813	50,017647	51,160343
1,120148	49,968206	51,160343
1,133483	50,004163	51,060969
1,146818	50,033205	50,902707
1,160153	49,961983	50,902707
1,173488	49,933632	51,484228
1,186823	49,994482	51,252356
1,200158	49,894909	51,252356
1,213493	49,983073	51,226592
1,226828	49,972355	51,351729
1,240164	49,982381	51,351729
1,253499	49,970972	51,043793
1,266834	49,957834	50,521160
1,280169	49,992753	50,521160
1,293504	49,940892	51,068330
1,306839	49,938818	51,210643
1,320174	50,015918	51,210643
1,333509	49,975466	51,144394
1,346844	49,978578	51,144394
1,360179	49,998977	50,902707
1,373515	50,012806	51,160343
1,386850	49,946770	51,235180
1,400185	49,915653	51,235180
1,413520	49,950227	51,160343
1,426855	50,013844	51,027844
1,440190	49,984801	51,027844
1,453525	49,942967	50,927244
1,466860	49,992753	50,961595
1,480195	49,968206	50,961595
1,493530	49,952993	50,869582
1,506865	49,979961	50,820509
1,520201	49,993791	50,820509
1,533536	49,913233	50,961595
1,546871	49,949190	50,961595
1,560206	49,986184	50,953007
1,573541	49,912888	51,202055
1,586876	49,972009	51,202055
1,600211	49,944696	51,019256
1,613546	49,979270	50,919883
1,626881	49,995865	50,919883
1,640216	49,971318	50,977544
1,653551	50,019721	50,927244
1,666887	50,002434	50,927244
1,680222	50,034588	51,003308
1,693557	49,977541	51,043793
1,706892	49,991370	51,043793
1,720227	49,963711	51,168931
1,733562	49,976158	50,902707
1,746897	49,971318	50,902707
1,760232	49,902515	50,669608
1,773567	49,955068	50,669608
1,786902	49,961983	50,919883
1,800237	50,002088	51,068330
1,813573	49,997594	51,068330
1,826908	49,942275	51,219231
1,840243	49,950227	50,859768
1,853578	49,970280	50,545697
1,866913	49,982036	50,545697
1,880248	49,917728	50,627895
1,893583	49,966823	50,627895
1,906918	49,963020	51,060969
1,920253	49,945387	50,786157
1,933588	50,012461	50,786157
1,946923	49,909776	50,927244
1,960259	49,970972	51,102681
1,973594	49,921185	51,102681
1,986929	49,958871	50,803333
2,000264	49,965440	50,911295
2,013599	49,976158	50,911295
2,026934	49,907356	50,852407
2,040269	49,979615	50,719908
2,053604	49,997940	50,719908
2,066939	49,968552	50,703959
2,080274	49,964057	51,052381
2,093609	49,979961	51,052381
2,106945	49,890760	51,177518
2,120280	49,949190	50,894119
2,133615	50,016955	50,894119
2,146950	50,007620	50,919883
2,160285	49,998285	51,144394
2,173620	50,003817	51,144394
2,186955	49,994828	50,753033
2,200290	49,991370	50,820509
2,213625	49,971318	50,820509
2,226960	49,983073	50,778796
2,240296	49,969935	50,778796
2,253631	50,026636	51,193467
2,266966	49,995865	51,010669
2,280301	49,901824	51,010669
2,293636	49,973738	50,845046
2,306971	49,974084	50,636483
2,320306	49,971318	50,636483
2,333641	49,949882	50,686784
2,346976	49,922914	50,968956
2,360311	49,966477	50,968956
2,373646	49,936052	50,836458
2,386982	49,979961	50,878170
2,400317	49,949882	50,878170
2,413652	49,961983	51,144394
2,426987	49,963711	50,786157
2,440322	49,914271	50,786157
2,453657	49,958525	51,052381
2,466992	49,968206	51,219231
2,480327	49,949190	51,219231
2,493662	49,900787	51,043793
2,506997	50,019030	50,944419
2,520332	49,901824	50,944419
2,533668	49,949190	51,076918
2,547003	49,966823	51,076918
2,560338	49,948153	50,885531
2,573673	49,991716	50,961595
2,587008	50,047035	50,961595
2,600343	49,961983	50,860994
2,613678	49,958179	50,961595
2,627013	49,932595	50,753033
2,640348	49,975466	50,753033
2,653683	50,012115	51,076918
2,667018	49,937781	51,076918
2,680354	50,050146	51,110042
2,693689	49,984456	50,878170
2,707024	49,940892	50,878170
2,720359	49,931212	50,860994
2,733694	49,924643	50,794745
2,747029	49,971318	50,794745
2,760364	49,912888	50,753033
2,773699	49,998631	50,753033
2,787034	49,960254	50,894119
2,800369	49,942967	50,803333
2,813704	49,943658	50,803333
2,827040	49,966823	50,770208
2,840375	50,022141	50,744445
2,853710	49,948153	50,744445
2,867045	49,934323	50,662247
2,880380	50,010386	50,744445
2,893715	50,010732	50,744445
2,907050	49,901824	50,711320
2,920385	49,982727	50,703959
2,933720	49,958871	50,703959
2,947055	49,991370	50,578822
2,960391	49,991716	50,803333
2,973726	49,987567	50,803333
2,987061	49,998631	50,603359
3,000396	49,984110	50,486809
3,013731	49,923951	50,486809
3,027066	49,940892	50,703959
3,040401	49,956797	50,703959
3,053736	49,940201	50,794745
3,067071	49,997594	50,786157
3,080406	49,997248	50,786157
3,093741	49,948153	50,786157
3,107077	49,952648	50,811921
3,120412	49,948153	50,811921
3,133747	49,931903	50,878170
3,147082	49,964749	50,811921
3,160417	49,965786	50,811921
3,173752	49,967169	50,803333
3,187087	49,930520	50,786157
3,200422	49,957834	50,786157
3,213757	49,964403	50,728496
3,227092	49,963711	50,521160
3,240427	49,990333	50,521160
3,253763	49,983073	50,803333
3,267098	49,961291	50,885531
3,280433	49,984801	50,885531
3,293768	50,010732	50,737084
3,307103	49,966477	50,737084
3,320438	49,989988	50,737084
3,333773	49,963711	51,010669
3,347108	49,956451	50,761621
3,360443	49,988259	50,761621
3,373778	49,952993	50,611946
3,387113	49,985839	50,852407
3,400449	49,973392	50,852407
3,413784	49,989988	50,894119
3,427119	49,942967	51,068330
3,440454	49,971318	51,068330
3,453789	49,945733	50,845046
3,467124	49,955759	50,902707
3,480459	50,003471	50,902707
3,493794	49,980653	50,820509
3,507129	49,922223	50,869582
3,520464	49,974775	50,869582
3,533799	49,979270	51,177518
3,547135	49,982036	51,177518
3,560470	49,996211	50,578822
3,573805	49,907701	50,894119
3,587140	49,992062	50,894119
3,600475	49,912542	51,260943
3,613810	49,961637	50,803333
3,627145	49,910122	50,803333
3,640480	50,024562	51,351729
3,653815	49,965786	50,603359
3,667150	49,983073	50,603359
3,680485	49,911505	50,587410
3,693821	49,963711	50,811921
3,707156	49,951265	50,811921
3,720491	49,971663	50,944419
3,733826	49,966823	50,811921
3,747161	49,954031	50,811921
3,760496	49,990333	50,603359
3,773831	49,935361	50,603359
3,787166	50,013844	50,686784
3,800501	50,002780	51,160343
3,813836	49,963366	51,160343
3,827172	49,996557	50,894119
3,840507	49,947116	51,443742
3,853842	49,968897	51,443742
3,867177	49,939510	50,953007
3,880512	49,926026	50,902707
3,893847	49,952648	50,902707
3,907182	49,947807	50,869582
3,920517	49,958179	51,151755
3,933852	49,938472	51,151755
3,947187	49,969935	50,669608
3,960522	49,967860	50,885531
3,973858	49,957488	50,885531
3,987193	49,984110	51,085506
4,000528	49,999323	50,911295
4,013863	49,974429	50,911295
4,027198	49,944696	50,770208
4,040533	50,022487	50,911295
4,053868	49,992408	50,911295
4,067203	50,005546	51,010669
4,080538	49,943658	50,961595
4,093873	49,986184	50,961595
4,107208	49,957488	50,744445
4,120544	49,972355	51,003308
4,133879	50,024562	51,003308
4,147214	49,998977	50,944419
4,160549	49,958179	50,944419
4,173884	49,938472	50,869582
4,187219	49,932249	50,911295
4,200554	49,901132	50,911295
4,213889	49,939855	51,052381
4,227224	49,969243	50,811921
4,240559	49,894218	50,811921
4,253894	49,958525	50,894119
4,267230	49,997594	50,686784
4,280565	49,971663	50,686784
4,293900	49,956451	50,669608
4,307235	49,998631	50,977544
4,320570	49,912196	50,977544
4,333905	49,966477	50,885531
4,347240	49,960945	50,737084
4,360575	49,955068	50,737084
4,373910	49,887994	50,587410
4,387245	49,969243	50,878170
4,400580	49,941584	50,878170
4,413916	50,044960	50,919883
4,427251	49,949882	50,919883
4,440586	49,970280	50,919883
4,453921	49,934669	50,977544
4,467256	49,959562	50,977544
4,480591	49,931558	51,019256
4,493926	49,984456	50,878170
4,507261	49,953685	50,878170
4,520596	49,954722	50,811921
4,533931	49,954031	50,869582
4,547266	50,007966	51,110042
4,560602	49,914616	51,110042
4,573937	49,995174	50,911295
4,587272	49,974775	50,911295
4,600607	49,973392	50,587410
4,613942	50,015918	50,860994
4,627277	49,980307	50,860994
4,640612	49,991370	50,977544
4,653947	50,004163	51,036432
4,667282	49,957488	51,036432
4,680617	49,986876	50,902707
4,693953	49,969589	51,027844
4,707288	49,963366	51,027844
4,720623	49,951956	50,911295
4,733958	49,943313	50,820509
4,747293	49,956105	50,820509
4,760628	49,989988	50,919883
4,773963	49,956451	51,003308
4,787298	49,988259	51,003308
4,800633	49,929483	50,935832
4,813968	49,979961	50,911295
4,827303	49,976158	50,911295
4,840639	49,961291	50,811921
4,853974	49,974429	50,869582
4,867309	50,007966	50,869582
4,880644	49,983764	50,778796
4,893979	49,978232	50,878170
4,907314	49,998977	50,878170
4,920649	49,965786	51,127218
4,933984	50,013844	51,085506
4,947319	49,935015	51,085506
4,960654	49,991370	50,944419
4,973989	49,952993	50,961595
4,987325	49,991370	50,961595
5,000660	49,982381	50,894119
5,013995	49,968552	50,429148
5,027330	49,942621	50,429148
5,040665	49,998977	50,836458
5,054000	49,912542	51,118630
5,067335	49,923951	51,118630
5,080670	50,036662	51,003308
5,094005	49,941238	51,118630
5,107340	49,944696	51,118630
5,120675	50,004509	51,210643
5,134011	49,953685	51,168931
5,147346	49,955759	51,168931
5,160681	50,039428	50,827870
5,174016	50,002780	51,036432
5,187351	49,972355	51,036432
5,200686	49,951956	50,761621
5,214021	49,989296	50,927244
5,227356	49,974084	50,927244
5,240691	49,969589	50,545697
5,254026	49,979615	51,127218
5,267361	49,946770	51,127218
5,280697	49,969243	51,027844
5,294032	49,935706	51,210643
5,307367	49,961983	51,210643
5,320702	49,978232	50,737084
5,334037	49,946424	50,737084
5,347372	49,966477	51,177518
5,360707	49,937781	50,786157
5,374042	49,928792	50,786157
5,387377	49,970280	51,060969
5,400712	49,958525	51,160343
5,414047	49,970972	50,786157
5,427383	49,936744	50,786157
5,440718	49,944696	50,636483
5,454053	50,016264	51,160343
5,467388	49,945387	51,160343
5,480723	49,964403	50,927244
5,494058	49,998285	50,778796
5,507393	50,052566	50,778796
5,520728	49,990679	50,521160
5,534063	50,020758	50,968956
5,547398	49,966477	50,968956
5,560734	49,945733	50,662247
5,574069	49,911850	50,453684
5,587404	49,933286	50,453684
5,600739	49,994482	51,027844
5,614074	49,964403	51,027844
5,627409	49,942967	51,135806
5,640744	49,984801	50,753033
5,654079	50,021104	50,894119
5,667414	49,983418	50,894119
5,680749	50,001743	50,894119
5,694084	49,994136	50,894119
5,707420	49,961983	50,770208
5,720755	49,935015	50,794745
5,734090	49,951610	50,794745
5,747425	50,019375	51,094094
5,760760	49,917728	50,878170
5,774095	49,936052	50,878170
5,787430	49,924643	50,894119
5,800765	49,963711	50,836458
5,814100	49,989642	50,836458
5,827435	49,951956	51,010669
5,840770	49,985147	50,786157
5,854106	49,990333	50,786157
5,867441	49,960945	50,728496
5,880776	49,964057	51,102681
5,894111	49,967514	51,102681
5,907446	49,938127	51,052381
5,920781	49,996902	50,794745
5,934116	49,976158	50,794745
5,947451	49,974775	50,827870
5,960786	49,950919	50,935832
5,974121	49,958525	50,935832
5,987456	49,985839	50,919883
6,000792	49,941584	50,953007
6,014127	49,911159	50,953007
6,027462	49,958525	50,778796
6,040797	49,922223	50,570234
6,054132	49,954376	50,570234
6,067467	49,933632	51,151755
6,080802	49,917728	50,778796
6,094137	49,978232	50,778796
6,107472	49,962328	50,662247
6,120807	49,972701	51,094094
6,134142	49,977195	51,094094
6,147478	49,978578	50,869582
6,160813	49,992408	50,869582
6,174148	49,920148	50,669608
6,187483	49,982727	51,060969
6,200818	49,906664	51,060969
6,214153	49,960254	50,728496
6,227488	50,007966	50,803333
6,240823	49,968897	50,994720
6,254158	49,945041	50,994720
6,267493	49,995865	51,036432
6,280828	49,962328	51,036432
6,294164	49,961983	50,578822
6,307499	49,972701	50,902707
6,320834	49,948844	50,902707
6,334169	49,955414	51,076918
6,347504	49,988259	51,076918
6,360839	49,961983	50,894119
6,374174	50,002780	50,860994
6,387509	49,950227	50,986132
6,400844	49,963711	50,986132
6,414179	49,980653	50,977544
6,427515	50,005200	50,611946
6,440850	49,939510	50,611946
6,454185	49,932249	50,521160
6,467520	49,956797	51,003308
6,480855	49,994482	51,003308
6,494190	49,995519	50,894119
6,507525	49,978924	50,554285
6,520860	49,933978	50,554285
6,534195	49,950573	51,043793
6,547530	49,968206	50,744445
6,560865	49,979270	50,744445
6,574201	49,993099	50,878170
6,587536	49,976504	50,761621
6,600871	49,926371	50,761621
6,614206	50,020758	50,753033
6,627541	49,923605	50,902707
6,640876	50,004163	50,902707
6,654211	50,012461	50,636483
6,667546	49,962328	50,852407
6,680881	49,958871	50,852407
6,694216	49,956451	50,786157
6,707551	49,917382	51,027844
6,720887	49,991370	51,027844
6,734222	49,931903	50,378847
6,747557	49,963366	50,662247
6,760892	49,966477	50,662247
6,774227	49,997248	50,669608
6,787562	50,005200	50,869582
6,800897	49,958179	50,869582
6,814232	49,982381	51,318605
6,827567	49,945733	51,318605
6,840902	49,957142	50,878170
6,854237	49,982036	50,645071
6,867573	50,025944	50,645071
6,880908	50,014189	50,719908
6,894243	49,975466	50,703959
6,907578	49,991716	50,703959
6,920913	49,940547	50,578822
6,934248	50,012806	50,986132
6,947583	49,970280	50,986132
6,960918	49,987913	51,036432
6,974253	49,959562	50,645071
6,987588	49,985839	50,645071
7,000923	49,958525	50,662247
7,014259	49,961637	50,662247
7,027594	49,953685	50,703959
7,040929	49,947116	50,944419
7,054264	49,972009	50,728496
7,067599	49,974775	50,728496
7,080934	49,897329	50,860994
7,094269	49,949536	50,935832
7,107604	49,989296	50,935832
7,120939	49,976504	50,703959
7,134274	49,934323	50,703959
7,147609	49,962674	50,953007
7,160945	49,957488	50,627895
7,174280	49,980653	50,627895
7,187615	49,966823	51,003308
7,200950	50,022487	50,927244
7,214285	49,988259	50,927244
7,227620	49,967860	50,686784
7,240955	49,995865	50,894119
7,254290	50,021104	50,894119
7,267625	49,972701	50,968956
7,280960	49,937781	50,794745
7,294296	50,011769	50,794745
7,307631	49,975121	50,345723
7,320966	49,987222	50,753033
7,334301	49,900787	50,961595
7,347636	49,950573	50,961595
7,360971	49,957488	50,711320
7,374306	49,975121	50,711320
7,387641	49,936052	50,820509
7,400976	49,963366	50,770208
7,414311	49,993791	50,770208
7,427646	49,984801	50,770208
7,440982	49,969243	50,495397
7,454317	49,960945	50,495397
7,467652	49,987567	50,662247
7,480987	49,928792	50,603359
7,494322	49,988950	50,603359
7,507657	49,965094	50,587410
7,520992	49,941238	50,695371
7,534327	49,947807	50,695371
7,547662	49,952648	50,878170
7,560997	49,963366	50,662247
7,574332	49,955068	50,662247
7,587668	49,985493	50,820509
7,601003	49,998977	50,512573
7,614338	49,992753	50,512573
7,627673	49,973738	50,927244
7,641008	50,031476	50,662247
7,654343	49,956451	50,662247
7,667678	49,952993	50,678196
7,681013	49,953339	50,653659
7,694348	49,990679	50,653659
7,707683	49,996211	50,836458
7,721018	49,982036	50,845046
7,734354	49,927409	50,845046
7,747689	49,935361	50,711320
7,761024	49,988950	50,711320
7,774359	49,956105	50,711320
7,787694	50,035625	50,678196
7,801029	49,976158	50,678196
7,814364	49,959562	50,620534
7,827699	49,996211	50,778796
7,841034	50,001397	50,778796
7,854369	49,951610	50,878170
7,867704	50,006583	50,852407
7,881040	49,961637	50,852407
7,894375	49,984110	50,719908
7,907710	49,978578	50,794745
7,921045	49,956451	50,794745
7,934380	50,018684	50,645071
7,947715	49,959908	50,878170
7,961050	49,929829	50,878170
7,974385	49,974084	50,512573
7,987720	49,918419	50,770208
8,001055	49,938472	50,770208
8,014391	49,960600	51,010669
8,027726	49,948153	50,944419
8,041061	49,951265	50,944419
8,054396	49,995519	50,786157
8,067731	49,957488	50,902707
8,081066	49,938472	50,902707
8,094401	49,981344	50,695371
8,107736	49,989988	50,927244
8,121071	49,988605	50,927244
8,134406	49,974429	50,437736
8,147741	49,938818	50,885531
8,161077	49,943313	50,885531
8,174412	49,982381	50,878170
8,187747	50,007620	50,878170
8,201082	49,984801	50,737084
8,214417	49,953685	50,860994
8,227752	49,976158	50,860994
8,241087	49,963711	50,878170
8,254422	49,932249	50,885531
8,267757	49,960945	50,885531
8,281092	49,956797	50,479448
8,294427	49,993099	50,636483
8,307763	49,977541	50,354311
8,321098	49,960600	50,354311
8,334433	49,961637	50,627895
8,347768	49,996557	50,627895
8,361103	49,966131	50,645071
8,374438	49,997248	50,578822
8,387773	49,952993	50,578822
8,401108	49,989988	50,479448
8,414443	49,943658	50,627895
8,427778	49,969243	50,627895
8,441113	49,956105	50,986132
8,454449	49,942967	50,860994
8,467784	50,003817	50,860994
8,481119	49,935706	50,761621
8,494454	49,960945	50,935832
8,507789	49,940201	50,935832
8,521124	50,001051	50,545697
8,534459	49,985493	50,786157
8,547794	49,971663	50,786157
8,561129	49,972009	50,911295
8,574464	49,959217	50,437736
8,587799	50,031476	50,437736
8,601135	49,996211	50,213224
8,614470	49,961291	50,703959
8,627805	49,974775	50,653659
8,641140	49,959908	50,653659
8,654475	49,964749	50,836458
8,667810	49,945733	51,135806
8,681145	49,909084	51,135806
8,694480	49,935361	50,728496
8,707815	49,972355	50,728496
8,721150	49,993445	50,703959
8,734485	49,982381	50,852407
8,747821	49,982381	50,852407
8,761156	49,943313	50,453684
8,774491	49,974084	50,778796
8,787826	49,967514	50,778796
8,801161	49,962328	50,611946
8,814496	49,969935	50,803333
8,827831	49,995174	50,803333
8,841166	49,943313	50,329774
8,854501	49,985493	50,719908
8,867836	49,965440	50,719908
8,881172	49,968897	50,578822
8,894507	49,997940	50,719908
8,907842	49,988950	50,719908
8,921177	49,976849	50,711320
8,934512	49,978232	50,711320
8,947847	49,919802	50,885531
8,961182	49,970280	50,778796
8,974517	49,908739	50,778796
8,987852	49,949536	50,678196
9,001187	49,967860	50,737084
9,014522	49,933978	50,737084
9,027858	49,991370	50,744445
9,041193	49,934669	50,562873
9,054528	49,988950	50,562873
9,067863	49,986876	50,562873
9,081198	49,992408	50,603359
9,094533	49,957488	50,603359
9,107868	49,972701	50,885531
9,121203	49,932249	50,894119
9,134538	50,022487	50,894119
9,147873	49,968206	50,636483
9,161208	50,016955	50,537109
9,174544	49,944696	50,537109
9,187879	49,967514	50,678196
9,201214	49,926026	50,678196
9,214549	49,957488	50,578822
9,227884	49,987222	50,728496
9,241219	49,939164	50,728496
9,254554	49,947116	50,761621
9,267889	49,927063	50,371486
9,281224	49,935706	50,371486
9,294559	49,932595	50,820509
9,307894	49,921185	50,935832
9,321230	49,933286	50,935832
9,334565	49,937089	50,686784
9,347900	49,910122	50,744445
9,361235	49,941238	50,744445
9,374570	50,003471	50,703959
9,387905	49,946424	50,686784
9,401240	49,962328	50,686784
9,414575	49,936744	50,968956
9,427910	50,025944	50,512573
9,441245	49,937435	50,512573
9,454580	49,933978	50,562873
9,467916	50,016955	50,562873
9,481251	49,955414	50,562873
9,494586	49,954722	50,695371
9,507921	49,911159	50,662247
9,521256	49,971318	50,662247
9,534591	49,988950	50,653659
9,547926	49,967169	50,761621
9,561261	49,998977	50,761621
9,574596	49,984110	50,603359
9,587931	49,961983	50,562873
9,601266	49,992408	50,562873
9,614602	49,968206	50,770208
9,627937	49,950227	50,429148
9,641272	49,993099	50,429148
9,654607	49,976158	50,345723
9,667942	49,969243	50,794745
9,681277	49,982036	50,794745
9,694612	50,005892	50,587410
9,707947	49,938472	50,453684
9,721282	50,015572	50,453684
9,734617	49,978232	50,204636
9,747953	49,947807	51,110042
9,761288	49,936744	51,110042
9,774623	49,968897	50,578822
9,787958	50,006929	50,669608
9,801293	49,919457	50,669608
9,814628	49,957834	50,528522
9,827963	49,977195	50,528522
9,841298	49,965786	50,528522
9,854633	49,953685	50,827870
9,867968	49,985839	50,645071
9,881303	49,941930	50,719908
9,894639	50,006929	50,719908
9,907974	50,008657	50,545697
9,921309	49,934323	50,545697
9,934644	50,021450	50,503985
9,947979	49,947116	50,669608
9,961314	49,975466	50,669608
9,974649	49,942275	50,820509
9,987984	49,990679	50,662247
10,001319	49,952993	50,662247
10,014654	50,038737	50,528522
10,027989	49,939855	50,229173
10,041325	50,026636	50,229173
10,054660	50,025944	50,653659
10,067995	50,005546	50,537109
10,081330	49,949190	50,537109
10,094665	49,973046	50,611946
10,108000	49,990679	50,761621
10,121335	50,021450	50,761621
