Zeit [s]  Piezo[nm]  MEMS[nm]
eoh
0,013362	-0,059117	0,000000
0,026725	49,478644	0,000000
0,040087	49,951616	-0,057661
0,053450	50,023184	1,945764
0,066812	49,950233	1,945764
0,080175	49,986535	51,609365
0,093537	50,012120	51,202055
0,106899	49,919116	51,409391
0,120262	50,012812	51,343141
0,133624	49,968211	51,343141
0,146987	49,938132	51,343141
0,160349	49,955073	51,160343
0,173712	49,921191	51,043793
0,187074	50,018343	51,043793
0,200437	49,930525	51,177518
0,213799	49,960605	51,384854
0,227161	49,990684	51,384854
0,240524	50,020072	51,119857
0,253886	49,940206	51,243768
0,267249	49,895952	51,243768
0,280611	49,964408	51,060969
0,293974	49,918770	51,060969
0,307336	49,984807	51,268304
0,320698	49,986190	51,202055
0,334061	49,949195	51,202055
0,347423	49,977200	51,435154
0,360786	49,961296	50,902707
0,374148	49,962679	50,902707
0,387511	49,897680	51,078145
0,400873	49,985152	51,102681
0,414235	49,957147	51,102681
0,427598	49,965791	51,078145
0,440960	49,923611	50,927244
0,454323	49,948158	50,927244
0,467685	50,016269	50,968956
0,481048	49,968903	51,043793
0,494410	49,954727	51,043793
0,507772	50,006243	51,102681
0,521135	49,946084	51,036432
0,534497	50,050843	51,036432
0,547860	50,023530	51,036432
0,561222	49,971323	50,803333
0,574585	49,971669	50,803333
0,587947	49,941935	50,911295
0,601310	49,949195	51,019256
0,614672	49,938132	51,019256
0,628034	49,928105	50,986132
0,641397	49,946775	50,927244
0,654759	49,985498	50,927244
0,668122	49,981349	50,902707
0,681484	49,963025	50,902707
0,694847	49,973397	50,719908
0,708209	49,945392	50,986132
0,721571	49,957493	50,986132
0,734934	49,926031	51,003308
0,748296	49,912893	50,761621
0,761659	49,919808	50,761621
0,775021	49,942972	50,761621
0,788384	49,967865	50,761621
0,801746	49,939860	50,761621
0,815108	49,961296	51,094094
0,828471	49,937786	50,944419
0,841833	49,940552	50,944419
0,855196	49,958530	51,027844
0,868558	49,939515	50,686784
0,881921	49,944009	50,686784
0,895283	49,951270	51,260943
0,908646	49,994142	51,260943
0,922008	49,926031	50,986132
0,935370	49,950924	50,778796
0,948733	49,933637	50,778796
0,962095	49,903212	50,961595
0,975458	49,946430	50,927244
0,988820	49,940206	50,836458
1,002183	49,979275	50,836458
1,015545	49,945392	50,728496
1,028907	49,989301	50,728496
1,042270	49,919808	50,911295
1,055632	49,985844	50,686784
1,068995	49,948850	50,686784
1,082357	49,949541	50,961595
1,095720	49,949541	51,010669
1,109082	49,876590	51,010669
1,122444	49,921882	50,878170
1,135807	49,967865	50,679423
1,149169	49,956802	50,679423
1,162532	49,960605	50,986132
1,175894	49,974089	50,737084
1,189257	49,938132	50,737084
1,202619	49,967865	50,794745
1,215981	49,931563	50,935832
1,229344	49,927068	50,935832
1,242706	49,953344	51,052381
1,256069	49,978583	50,869582
1,269431	49,959568	50,869582
1,282794	49,928105	50,603359
1,296156	49,917042	51,144394
1,309519	50,009700	51,144394
1,322881	49,903558	50,853633
1,336243	49,991376	50,994720
1,349606	49,964408	50,994720
1,362968	50,011429	50,977544
1,376331	49,989993	50,803333
1,389693	49,924994	50,803333
1,403056	50,025950	50,886758
1,416418	49,924994	50,603359
1,429780	49,928797	50,603359
1,443143	49,942281	51,094094
1,456505	49,965445	50,902707
1,469868	49,980312	50,902707
1,483230	49,953344	50,587410
1,496593	49,984115	51,243768
1,509955	49,894223	51,243768
1,523317	49,961296	51,069557
1,536680	49,956456	51,135806
1,550042	49,919116	51,135806
1,563405	49,956110	50,935832
1,576767	49,951616	50,827870
1,590130	49,923956	50,827870
1,603492	49,957493	51,094094
1,616854	49,958876	51,094094
1,630217	49,960259	51,027844
1,643579	49,959913	50,737084
1,656942	49,967865	50,737084
1,670304	50,000019	50,637710
1,683667	49,942972	50,753033
1,697029	49,975472	50,753033
1,710392	49,926031	50,927244
1,723754	49,988956	50,728496
1,737116	49,942281	50,728496
1,750479	49,955764	50,886758
1,763841	49,945047	50,836458
1,777204	49,985844	50,753033
1,790566	49,979966	50,753033
1,803929	49,948850	50,761621
1,817291	49,950233	50,761621
1,830653	49,923265	50,803333
1,844016	49,909090	50,761621
1,857378	49,972360	50,761621
1,870741	49,939860	50,778796
1,884103	50,013157	50,927244
1,897466	49,944701	50,927244
1,910828	49,974434	51,052381
1,924190	49,948504	50,853633
1,937553	49,964754	50,853633
1,950915	49,989647	50,686784
1,964278	49,948504	50,645071
1,977640	50,000019	50,645071
1,991003	49,947467	50,512573
2,004365	49,943318	50,753033
2,017728	49,936057	50,753033
2,031090	49,931217	50,703959
2,044452	49,955764	50,620534
2,057815	50,012466	50,620534
2,071177	49,975472	50,827870
2,084540	49,955764	50,803333
2,097902	49,951616	50,803333
2,111265	49,969594	50,662247
2,124627	49,948158	50,836458
2,137989	49,989647	50,836458
2,151352	49,895952	50,495397
2,164714	49,929488	50,845046
2,178077	49,938132	50,845046
2,191439	49,924302	50,695371
2,204802	49,967865	50,695371
2,218164	49,956802	50,695371
2,231526	49,973051	50,845046
2,244889	50,003822	50,770208
2,258251	49,985498	50,770208
2,271614	49,968211	50,994720
2,284976	49,969248	50,994720
2,298339	49,927760	50,537109
2,311701	49,981695	50,778796
2,325063	49,957493	50,778796
2,338426	49,930871	50,737084
2,351788	49,920499	50,637710
2,365151	49,942281	50,878170
2,378513	49,948504	50,878170
2,391876	49,973051	50,753033
2,405238	49,954727	50,686784
2,418601	49,946775	50,686784
2,431963	49,997253	50,744445
2,445325	49,986881	50,862221
2,458688	49,963717	50,862221
2,472050	49,965445	50,744445
2,485413	49,991721	50,753033
2,498775	49,969248	50,753033
2,512138	49,953344	50,737084
2,525500	49,950233	50,737084
2,538862	49,987227	50,545697
2,552225	49,958185	50,595998
2,565587	49,973743	50,595998
2,578950	50,107544	50,503985
2,592312	49,935020	50,611946
2,605675	50,008317	50,611946
2,619037	49,885234	50,728496
2,632399	49,969594	50,486809
2,645762	50,025258	50,486809
2,659124	49,978238	50,845046
2,672487	49,942972	50,537109
2,685849	49,970631	50,537109
2,699212	49,975472	51,127218
2,712574	49,948158	50,719908
2,725937	49,932600	50,719908
2,739299	49,939860	50,413199
2,752661	49,958530	50,895346
2,766024	49,975126	50,895346
2,779386	49,985844	50,994720
2,792749	49,969248	51,019256
2,806111	49,964062	51,019256
2,819474	49,969594	50,820509
2,832836	49,976855	50,820509
2,846198	49,994833	50,853633
2,859561	49,975126	50,354311
2,872923	49,940552	50,354311
2,886286	49,971323	50,862221
2,899648	49,998636	50,611946
2,913011	49,966137	50,611946
2,926373	49,905978	50,587410
2,939735	50,002094	50,869582
2,953098	49,976163	50,869582
2,966460	49,950578	50,620534
2,979823	49,970631	50,587410
2,993185	49,937786	50,587410
3,006548	49,971669	50,986132
3,019910	49,939169	50,603359
3,033272	50,019035	50,603359
3,046635	49,953344	50,545697
3,059997	49,934329	50,761621
3,073360	49,972014	50,761621
3,086722	49,956802	50,587410
3,100085	49,932600	50,744445
3,113447	49,969594	50,744445
3,126810	49,930180	50,537109
3,140172	50,004514	50,653659
3,153534	49,944701	50,653659
3,166897	50,002439	50,603359
3,180259	49,956802	50,603359
3,193622	49,997945	50,603359
3,206984	49,929143	50,686784
3,220347	49,967865	50,820509
3,233709	49,980312	50,820509
3,247071	49,933983	50,554285
3,260434	49,934674	50,662247
3,273796	49,958876	50,662247
3,287159	49,904249	50,503985
3,300521	49,977546	50,686784
3,313884	49,974089	50,686784
3,327246	50,004514	50,528522
3,340608	49,991376	50,545697
3,353971	49,967174	50,545697
3,367333	49,928797	50,345723
3,380696	50,058103	50,753033
3,394058	49,922573	50,753033
3,407421	49,951961	50,711320
3,420783	49,965791	50,603359
3,434146	49,929143	50,603359
3,447508	49,919462	50,486809
3,460870	50,012466	50,620534
3,474233	50,007280	50,620534
3,487595	49,932600	50,629122
3,500958	49,968903	50,595998
3,514320	49,912893	50,595998
3,527683	49,936403	50,512573
3,541045	49,906669	50,944419
3,554407	49,977200	50,944419
3,567770	49,956110	50,587410
3,581132	49,984807	50,670835
3,594495	49,904249	50,670835
3,607857	49,979621	50,878170
3,621220	49,930180	50,653659
3,634582	49,967865	50,653659
3,647944	49,983424	50,728496
3,661307	49,903904	50,728496
3,674669	50,014886	50,545697
3,688032	49,937440	50,653659
3,701394	49,942281	50,653659
3,714757	49,978583	50,570234
3,728119	50,038742	50,711320
3,741481	49,964062	50,711320
3,754844	49,950233	50,620534
3,768206	49,985844	50,761621
3,781569	49,953690	50,761621
3,794931	49,920845	50,528522
3,808294	49,948850	50,512573
3,821656	49,923956	50,512573
3,835019	49,958530	50,803333
3,848381	49,947467	50,803333
3,861743	49,914276	50,737084
3,875106	49,978238	50,620534
3,888468	50,011774	50,620534
3,901831	49,993796	50,562873
3,915193	49,948850	50,935832
3,928556	49,993450	50,935832
3,941918	49,960951	50,744445
3,955280	49,989993	50,820509
3,968643	49,967865	50,820509
3,982005	49,966137	50,919883
3,995368	49,968211	50,213224
4,008730	49,936749	50,213224
4,022093	49,933637	50,770208
4,035455	49,961642	51,177518
4,048817	49,945392	51,177518
4,062180	49,960951	50,977544
4,075542	49,972360	51,003308
4,088905	49,951270	51,003308
4,102267	50,017998	50,670835
4,115630	49,977546	50,994720
4,128992	49,997599	50,994720
4,142354	49,991030	50,827870
4,155717	50,024567	50,595998
4,169079	49,981349	50,595998
4,182442	49,984115	50,895346
4,195804	49,987918	50,935832
4,209167	49,996216	50,935832
4,222529	49,935366	50,753033
4,235892	49,917733	50,753033
4,249254	49,980658	50,919883
4,262616	49,940898	50,197275
4,275979	49,962334	50,197275
4,289341	50,014195	50,845046
4,302704	50,016269	50,662247
4,316066	49,967520	50,662247
4,329429	49,975817	50,637710
4,342791	50,033210	50,387435
4,356153	50,001402	50,387435
4,369516	49,936749	50,953007
4,382878	50,001402	50,429148
4,396241	49,933637	50,429148
4,409603	50,016269	50,786157
4,422966	50,029753	50,254937
4,436328	49,906669	50,254937
4,449690	49,882122	50,737084
4,463053	50,030444	50,711320
4,476415	49,898372	50,711320
4,489778	49,937095	50,537109
4,503140	49,927414	50,703959
4,516503	49,944701	50,703959
4,529865	49,955073	50,479448
4,543228	49,987573	50,578822
4,556590	49,979966	50,578822
4,569952	50,007625	50,437736
4,583315	49,969940	50,437736
4,596677	49,922228	50,595998
4,610040	49,969248	50,695371
4,623402	50,022147	50,695371
4,636765	49,979621	50,479448
4,650127	49,922228	50,603359
4,663489	49,960259	50,770208
4,676852	49,982386	50,770208
4,690214	49,981349	50,454911
4,703577	49,956802	50,528522
4,716939	49,951270	50,528522
4,730302	49,982732	50,512573
4,743664	49,970286	50,537109
4,757026	49,969594	50,537109
4,770389	49,964754	50,620534
4,783751	49,930180	50,512573
4,797114	49,975817	50,512573
4,810476	49,991376	50,811921
4,823839	49,956802	50,811921
4,837201	50,000711	50,695371
4,850563	49,929834	50,662247
4,863926	49,960605	50,662247
4,877288	49,970286	50,545697
4,890651	50,006243	50,653659
4,904013	49,965445	50,653659
4,917376	49,902866	50,570234
4,930738	49,986881	50,728496
4,944101	49,924648	50,728496
4,957463	49,991030	50,820509
4,970825	49,970631	50,670835
4,984188	49,957493	50,670835
4,997550	49,942972	50,645071
5,010913	49,928797	51,027844
5,024275	49,927414	51,027844
5,037638	49,995525	50,645071
5,051000	49,945738	50,637710
5,064362	49,971669	50,637710
5,077725	49,973743	50,537109
5,091087	49,983769	50,454911
5,104450	49,978583	50,454911
5,117812	49,960951	50,562873
5,131175	49,951270	50,446323
5,144537	50,014540	50,446323
5,157899	49,951270	50,578822
5,171262	49,951961	50,811921
5,184624	49,958530	50,811921
5,197987	49,941935	50,486809
5,211349	50,022147	50,695371
5,224712	49,998982	50,695371
5,238074	49,944009	50,869582
5,251437	49,920499	50,670835
5,264799	50,034939	50,670835
5,278161	49,948158	50,770208
5,291524	49,991721	50,679423
5,304886	49,966828	50,679423
5,318249	50,019035	50,537109
5,331611	49,933983	50,413199
5,344974	49,969594	50,413199
5,358336	49,974089	50,794745
5,371698	49,941935	50,562873
5,385061	49,916696	50,562873
5,398423	49,953344	50,902707
5,411786	49,948158	50,521160
5,425148	49,963371	50,521160
5,438511	50,008663	50,695371
5,451873	49,995525	50,695371
5,465235	49,952653	50,695371
5,478598	49,941935	50,486809
5,491960	50,033902	50,180100
5,505323	49,939515	50,180100
5,518685	49,984461	50,512573
5,532048	49,955764	50,711320
5,545410	49,985844	50,711320
5,558772	49,959913	50,486809
5,572135	49,973051	50,380074
5,585497	49,952653	50,380074
5,598860	49,961296	50,512573
5,612222	49,966828	50,653659
5,625585	49,935366	50,653659
5,638947	49,950924	50,180100
5,652310	50,022838	50,296649
5,665672	49,973397	50,296649
5,679034	49,906669	50,570234
5,692397	50,011429	50,404611
5,705759	49,967174	50,404611
5,719122	49,981695	50,695371
5,732484	49,992759	50,387435
5,745847	49,953690	50,387435
5,759209	49,960259	50,446323
5,772571	49,985844	50,421787
5,785934	50,012120	50,421787
5,799296	49,919116	50,578822
5,812659	50,004860	50,620534
5,826021	50,010737	50,620534
5,839384	49,944009	50,611946
5,852746	49,973051	50,554285
5,866108	50,030790	50,554285
5,879471	49,978929	50,362898
5,892833	49,942626	50,711320
5,906196	49,956802	50,711320
5,919558	49,926377	50,338362
5,932921	50,009700	50,446323
5,946283	49,991376	50,446323
5,959646	49,983769	50,345723
5,973008	49,923611	50,470860
5,986370	49,953344	50,470860
5,999733	49,955073	50,486809
6,013095	49,973397	50,703959
6,026458	49,963717	50,703959
6,039820	49,986190	50,413199
6,053183	49,939515	50,611946
6,066545	49,978583	50,611946
6,079907	49,917733	50,371486
6,093270	49,945392	50,288061
6,106632	49,996908	50,288061
6,119995	49,916004	50,470860
6,133357	49,977200	50,470860
6,146720	49,954382	50,545697
6,160082	49,957493	50,545697
6,173444	49,981349	50,345723
6,186807	49,961296	50,345723
6,200169	49,939515	50,512573
6,213532	49,971323	50,512573
6,226894	49,985844	50,886758
6,240257	49,968903	50,545697
6,253619	49,945392	50,545697
6,266981	49,934674	50,486809
6,280344	49,961642	50,637710
6,293706	49,951616	50,637710
6,307069	50,032519	50,046374
6,320431	49,941243	50,046374
6,333794	49,935712	50,279474
6,347156	49,958876	50,554285
6,360519	49,974434	50,611946
6,373881	49,979966	50,611946
6,387243	49,978583	50,221812
6,400606	49,944701	50,221812
6,413968	49,945392	50,329774
6,427331	49,924994	50,437736
6,440693	49,990338	50,437736
6,454056	49,959222	50,454911
6,467418	49,950578	50,387435
6,480780	49,898372	50,387435
6,494143	50,000019	50,404611
6,507505	49,931908	50,329774
6,520868	49,943664	50,329774
6,534230	49,910473	50,620534
6,547593	49,915659	50,528522
6,560955	49,908052	50,528522
6,574317	49,939860	50,737084
6,587680	49,948850	50,562873
6,601042	49,951270	50,562873
6,614405	49,977892	50,470860
6,627767	49,935020	50,413199
6,641130	49,962679	50,413199
6,654492	49,956456	50,637710
6,667854	49,948504	50,603359
6,681217	49,946084	50,603359
6,694579	49,956456	50,570234
6,707942	49,967520	50,570234
6,721304	49,968211	50,570234
6,734667	49,955764	50,629122
6,748029	49,932946	50,512573
6,761392	49,964754	50,512573
6,774754	50,003131	50,744445
6,788116	49,931563	50,512573
6,801479	49,952307	50,512573
6,814841	49,994487	50,770208
6,828204	49,947812	50,462272
6,841566	49,995525	50,462272
6,854929	49,961296	50,429148
6,868291	49,977546	50,570234
6,881653	49,950233	50,570234
6,895016	49,981695	50,486809
6,908378	49,990338	50,554285
6,921741	49,965099	50,554285
6,935103	49,966482	50,486809
6,948466	49,977892	50,486809
6,961828	49,942972	50,155563
6,975190	49,947812	50,446323
6,988553	49,921191	50,446323
7,001915	49,975126	50,486809
7,015278	49,936749	50,521160
7,028640	49,994142	50,521160
7,042003	49,988610	50,354311
7,055365	49,952653	50,869582
7,068728	49,945738	50,869582
7,082090	49,898372	50,512573
7,095452	49,917042	50,155563
7,108815	49,950924	50,155563
7,122177	49,993796	50,521160
7,135540	49,961642	50,246349
7,148902	49,918770	50,246349
7,162265	49,976163	50,304010
7,175627	49,908052	50,695371
7,188989	49,985498	50,695371
7,202352	49,974434	50,653659
7,215714	49,975817	50,387435
7,229077	49,936749	50,387435
7,242439	50,013157	50,770208
7,255802	49,952999	50,919883
7,269164	49,922573	50,919883
7,282526	49,989647	50,462272
7,295889	49,991376	50,371486
7,309251	49,978583	50,371486
7,322614	49,929488	50,312598
7,335976	49,948158	50,495397
7,349339	49,969940	50,495397
7,362701	49,996216	50,413199
7,376063	49,929488	50,611946
7,389426	49,952307	50,611946
7,402788	49,944701	50,396023
7,416151	49,978583	50,886758
7,429513	49,972360	50,886758
7,442876	49,960951	50,578822
7,456238	49,991721	50,794745
7,469601	49,935020	50,794745
7,482963	49,997253	50,803333
7,496325	49,969940	50,587410
7,509688	49,957839	50,587410
7,523050	49,954727	50,670835
7,536413	49,948504	50,670835
7,549775	50,006588	50,345723
7,563138	49,935712	50,413199
7,576500	49,942626	50,413199
7,589862	49,975472	50,578822
7,603225	50,003131	50,570234
7,616587	49,931563	50,570234
7,629950	49,969594	50,554285
7,643312	49,957839	50,537109
7,656675	49,975472	50,537109
7,670037	49,940898	50,454911
7,683399	49,939515	50,495397
7,696762	49,955073	50,495397
7,710124	49,959913	50,503985
7,723487	49,991721	50,329774
7,736849	49,944009	50,329774
7,750212	49,961296	50,371486
7,763574	49,975472	50,528522
7,776937	49,925339	50,528522
7,790299	49,947121	50,528522
7,803661	49,942972	50,162924
7,817024	49,984807	50,162924
7,830386	49,994833	50,686784
7,843749	50,017998	50,744445
7,857111	49,947121	50,744445
7,870474	50,038396	50,645071
7,883836	49,938132	50,521160
7,897198	49,965791	50,521160
7,910561	49,994833	50,545697
7,923923	49,927068	50,486809
7,937286	49,935712	50,486809
7,950648	49,960605	50,421787
7,964011	50,039434	50,578822
7,977373	49,933983	50,578822
7,990735	49,955764	50,595998
8,004098	49,952999	50,237761
8,017460	49,966137	50,237761
8,030823	50,013849	50,270886
8,044185	49,952999	50,611946
8,057548	49,943318	50,611946
8,070910	49,967520	50,637710
8,084272	49,924994	50,629122
8,097635	49,949541	50,629122
8,110997	49,968557	50,719908
8,124360	49,974089	50,794745
8,137722	49,988956	50,794745
8,151085	49,949887	50,462272
8,164447	49,935366	50,495397
8,177810	49,951961	50,495397
8,191172	49,956456	50,486809
8,204534	49,969248	50,637710
8,217897	49,946084	50,637710
8,231259	49,910127	50,380074
8,244622	49,992067	50,554285
8,257984	49,950578	50,554285
8,271347	49,929834	50,662247
8,284709	49,925685	50,686784
8,298071	50,012466	50,686784
8,311434	49,968903	50,853633
8,324796	49,917733	50,853633
8,338159	49,979621	50,345723
8,351521	49,955419	50,512573
8,364884	49,981004	50,396023
8,378246	49,948850	50,396023
8,391608	49,937786	50,421787
8,404971	49,941589	50,421787
8,418333	49,923611	50,446323
8,431696	49,955073	50,562873
8,445058	50,011429	50,387435
8,458421	49,923265	50,387435
8,471783	49,948504	50,429148
8,485146	49,946775	50,429148
8,498508	49,961296	50,462272
8,511870	49,970977	50,662247
8,525233	49,946084	50,662247
8,538595	49,929488	50,853633
8,551958	49,988956	50,587410
8,565320	49,945392	50,587410
8,578683	49,979621	50,770208
8,592045	49,918425	50,719908
8,605407	49,917387	50,719908
8,618770	49,917733	50,703959
8,632132	49,972014	50,570234
8,645495	49,988956	50,570234
8,658857	49,967520	50,653659
8,672220	49,920845	50,521160
8,685582	49,885234	50,521160
8,698944	49,971323	50,421787
8,712307	49,946084	50,686784
8,725669	49,942972	50,686784
8,739032	49,971323	50,919883
8,752394	49,959222	50,753033
8,765757	49,933983	50,753033
8,779119	49,982041	50,603359
8,792481	50,020072	50,354311
8,805844	49,955073	50,354311
8,819206	49,934674	50,354311
8,832569	50,004514	50,512573
8,845931	49,989647	50,512573
8,859294	49,992759	50,387435
8,872656	49,891111	50,603359
8,886019	49,954036	50,603359
8,899381	49,990338	50,354311
8,912743	49,966137	50,827870
8,926106	49,955073	50,827870
8,939468	49,955073	50,213224
8,952831	50,018689	50,213224
8,966193	49,968211	50,629122
8,979556	49,925339	50,454911
8,992918	49,972014	50,454911
9,006280	49,928451	50,470860
9,019643	49,956456	50,396023
9,033005	49,967520	50,396023
9,046368	49,947467	50,719908
9,059730	49,983424	50,695371
9,073093	50,041162	50,695371
9,086455	49,958530	50,603359
9,099817	49,950578	50,512573
9,113180	49,985498	50,512573
9,126542	49,961988	50,545697
9,139905	50,028024	50,312598
9,153267	49,904941	50,312598
9,166630	49,912893	50,421787
9,179992	49,965445	50,570234
9,193354	49,941935	50,570234
9,206717	49,995179	50,354311
9,220079	49,991376	50,521160
9,233442	49,961296	50,521160
9,246804	49,913930	50,603359
9,260167	49,964754	50,446323
9,273529	49,974434	50,446323
9,286892	49,920499	50,404611
9,300254	49,953344	50,437736
9,313616	49,988956	50,437736
9,326979	49,953690	50,146975
9,340341	49,923611	50,146975
9,353704	50,007280	50,321186
9,367066	49,967174	50,570234
9,380429	49,970286	50,570234
9,393791	49,945392	50,545697
9,407153	50,009354	50,521160
9,420516	50,005551	50,521160
9,433878	50,000019	50,512573
9,447241	49,970631	50,620534
9,460603	49,922228	50,620534
9,473966	49,916696	50,479448
9,487328	49,963371	50,528522
9,500690	49,947121	50,528522
9,514053	49,991030	50,479448
9,527415	49,966137	50,703959
9,540778	49,974780	50,703959
9,554140	49,956110	50,662247
9,567503	49,959913	50,670835
9,580865	49,994833	50,670835
9,594228	49,957839	50,446323
9,607590	49,950924	50,446323
9,620952	49,986535	50,096675
9,634315	49,950233	50,587410
9,647677	50,007625	50,587410
9,661040	49,949887	50,595998
9,674402	49,993450	50,670835
9,687765	49,987918	50,670835
9,701127	49,951961	50,270886
9,714489	49,944355	50,512573
9,727852	49,963371	50,512573
9,741214	49,929143	50,620534
9,754577	49,938478	50,396023
9,767939	50,000711	50,396023
9,781302	50,015923	50,486809
9,794664	49,921536	50,637710
9,808026	49,981004	50,637710
9,821389	49,973051	50,380074
9,834751	49,998636	50,204636
9,848114	50,009700	50,204636
9,861476	49,965791	50,321186
9,874839	49,957839	50,321186
9,888201	49,988610	50,895346
9,901563	49,905632	50,595998
9,914926	50,035976	50,595998
9,928288	49,958876	50,512573
9,941651	50,002094	50,786157
9,955013	49,959222	50,786157
9,968376	49,972360	50,587410
9,981738	50,007971	50,545697
9,995101	49,927414	50,537109
10,008463	49,930525	50,537109
10,021825	49,928797	50,578822
10,035188	49,933637	50,578822
10,048550	50,019035	50,811921
10,061913	49,922573	50,953007
10,075275	50,010391	50,953007
10,088638	49,983769	50,719908
10,102000	49,944355	50,620534
10,115362	49,954382	50,620534
