Zeit [s]  Piezo[nm]  MEMS[nm]
eoh
0,013332	0,028348	0,000000
0,026665	5,118651	0,000000
0,039997	5,103440	-0,174211
0,053330	5,133517	4,877905
0,066662	5,149074	4,877905
0,079995	5,116231	5,044755
0,093327	5,144580	5,044755
0,106660	5,107589	5,044755
0,119992	5,057460	5,102416
0,133325	5,101366	5,102416
0,146657	5,152186	5,135541
0,159989	5,175695	5,227554
0,173322	5,079586	5,227554
0,186654	5,117960	4,928205
0,199987	5,143197	4,695106
0,213319	5,120034	4,695106
0,226652	5,094106	5,011630
0,239984	5,158063	5,011630
0,253317	5,103786	4,928205
0,266649	5,092723	4,811656
0,279982	5,103786	4,811656
0,293314	5,134900	5,011630
0,306646	5,142852	4,985867
0,319979	5,131789	4,985867
0,333311	5,101711	5,069292
0,346644	5,100328	4,787119
0,359976	5,134900	4,787119
0,373309	5,128677	4,769943
0,386641	5,101366	4,820244
0,399974	5,065065	4,820244
0,413306	5,114157	4,978506
0,426639	5,099291	4,853368
0,439971	5,092377	4,853368
0,453303	5,115886	4,877905
0,466636	5,144580	5,177253
0,479968	5,068868	5,177253
0,493301	5,120034	4,978506
0,506633	5,057114	4,778531
0,519966	5,109663	4,778531
0,533298	5,139740	4,903669
0,546631	5,123837	4,803068
0,559963	5,071288	4,803068
0,573296	5,166706	5,003043
0,586628	5,174657	5,003043
0,599960	5,119343	5,069292
0,613293	5,124874	5,102416
0,626625	5,141814	5,102416
0,639958	5,137666	4,978506
0,653290	5,069560	4,994455
0,666623	5,070943	4,994455
0,679955	5,121417	4,853368
0,693288	5,113466	4,761356
0,706620	5,091340	4,761356
0,719953	5,107589	5,011630
0,733285	5,159100	4,844781
0,746617	5,126257	4,844781
0,759950	5,087191	4,919618
0,773282	5,125911	4,928205
0,786615	5,079240	4,928205
0,799947	5,152877	4,545432
0,813280	5,111737	5,027579
0,826612	5,114503	5,027579
0,839945	5,154260	4,769943
0,853277	5,077511	4,811656
0,866609	5,099983	4,811656
0,879942	5,118651	4,844781
0,893274	5,108626	5,003043
0,906607	5,079240	5,003043
0,919939	5,096180	5,102416
0,933272	5,153569	4,911030
0,946604	5,087191	4,911030
0,959937	5,168089	5,003043
0,973269	5,114849	5,161305
0,986602	5,147346	5,161305
0,999934	5,148037	4,761356
1,013266	5,186066	5,003043
1,026599	5,104823	5,003043
1,039931	5,090648	4,936793
1,053264	5,127294	5,086467
1,066596	5,133863	5,086467
1,079929	5,111046	4,936793
1,093261	5,197820	4,936793
1,106594	5,061954	4,745407
1,119926	5,126949	5,102416
1,133259	5,160483	4,928205
1,146591	5,101711	4,928205
1,159923	5,160829	4,712282
1,173256	5,112083	4,769943
1,186588	5,105169	4,769943
1,199921	5,147000	4,803068
1,213253	5,076820	4,803068
1,226586	5,095488	4,637445
1,239918	5,112429	4,579784
1,253251	5,127986	4,579784
1,266583	5,119689	4,686519
1,279916	5,145963	5,003043
1,293248	5,186412	5,003043
1,306580	5,085808	4,828832
1,319913	5,107934	5,003043
1,333245	5,097217	5,003043
1,346578	5,073017	4,886493
1,359910	5,123491	5,152717
1,373243	5,085808	5,152717
1,386575	5,056077	4,886493
1,399908	5,093068	5,027579
1,413240	5,140432	5,027579
1,426573	5,144234	4,911030
1,439905	5,078548	5,003043
1,453237	5,089611	5,003043
1,466570	5,052965	4,903669
1,479902	5,118997	4,828832
1,493235	5,107243	4,828832
1,506567	5,110009	5,194429
1,519900	5,043285	4,928205
1,533232	5,087537	4,928205
1,546565	5,147000	4,903669
1,559897	5,148729	5,152717
1,573230	5,122800	5,152717
1,586562	5,093760	4,787119
1,599894	5,120726	5,077880
1,613227	5,128331	5,077880
1,626559	5,127986	4,911030
1,639892	5,103440	4,911030
1,653224	5,159792	5,102416
1,666557	5,094106	5,027579
1,679889	5,090994	5,027579
1,693222	5,075783	4,820244
1,706554	5,185375	4,936793
1,719887	5,104823	4,936793
1,733219	5,118306	4,877905
1,746551	5,125911	4,844781
1,759884	5,142852	4,844781
1,773216	5,074054	4,944154
1,786549	5,081660	4,837420
1,799881	5,146654	4,837420
1,813214	5,148383	4,703694
1,826546	5,110700	5,135541
1,839879	5,084080	5,135541
1,853211	5,101366	4,952742
1,866544	5,142852	4,787119
1,879876	5,168780	4,787119
1,893208	5,081314	4,853368
1,906541	5,078894	5,060704
1,919873	5,092031	5,060704
1,933206	5,122109	5,053343
1,946538	5,111737	4,969918
1,959871	5,095488	4,969918
1,973203	5,143197	4,803068
1,986536	5,173275	5,086467
1,999868	5,074746	5,086467
2,013201	5,169472	4,944154
2,026533	5,108280	4,695106
2,039865	5,178115	4,695106
2,053198	5,140777	4,969918
2,066530	5,093760	4,728231
2,079863	5,095488	4,728231
2,093195	5,149420	4,877905
2,106528	5,067831	5,036167
2,119860	5,097908	5,036167
2,133193	5,105514	5,161305
2,146525	5,138703	5,011630
2,159858	5,102748	5,011630
2,173190	5,179497	5,095055
2,186522	5,098600	4,828832
2,199855	5,101711	4,828832
2,213187	5,113466	4,837420
2,226520	5,118651	4,837420
2,239852	5,113811	4,837420
2,253185	5,181226	5,020218
2,266517	5,130751	5,020218
2,279850	5,107243	5,227554
2,293182	5,140086	5,027579
2,306515	5,110354	5,027579
2,319847	5,117269	5,027579
2,333179	5,054348	4,978506
2,346512	5,129714	4,978506
2,359844	5,130060	5,020218
2,373177	5,089611	4,911030
2,386509	5,124183	4,911030
2,399842	5,107589	5,027579
2,413174	5,091686	4,828832
2,426507	5,163940	4,828832
2,439839	5,139049	5,177253
2,453172	5,109663	4,985867
2,466504	5,158063	4,985867
2,479836	5,114849	4,745407
2,493169	5,114157	4,944154
2,506501	5,120726	4,944154
2,519834	5,092031	5,095055
2,533166	5,131443	5,036167
2,546499	5,107589	5,036167
2,559831	5,139049	4,903669
2,573164	5,103094	4,903669
2,586496	5,104823	5,036167
2,599828	5,080623	5,044755
2,613161	5,122454	5,044755
2,626493	5,085117	4,985867
2,639826	5,099983	4,952742
2,653158	5,084771	4,952742
2,666491	5,129369	4,969918
2,679823	5,110354	4,628857
2,693156	5,170509	4,628857
2,706488	5,159792	4,911030
2,719821	5,168089	4,712282
2,733153	5,157026	4,712282
2,746485	5,146309	4,952742
2,759818	5,096526	4,978506
2,773150	5,095143	4,978506
2,786483	5,151840	5,243503
2,799815	5,117269	4,703694
2,813148	5,172237	4,703694
2,826480	5,115194	5,243503
2,839813	5,149766	5,227554
2,853145	5,079931	5,227554
2,866478	5,153914	4,944154
2,879810	5,090994	4,712282
2,893142	5,076474	4,712282
2,906475	5,102403	4,870544
2,919807	5,098946	4,944154
2,933140	5,055731	4,944154
2,946472	5,122800	4,637445
2,959805	5,104477	4,903669
2,973137	5,087537	4,903669
2,986470	5,096526	4,969918
2,999802	5,112083	4,969918
3,013135	5,153914	4,787119
3,026467	5,183646	5,044755
3,039799	5,125220	4,820244
3,053132	5,132480	4,820244
3,066464	5,136974	4,736819
3,079797	5,116577	4,736819
3,093129	5,082006	4,587145
3,106462	5,180535	4,769943
3,119794	5,115540	4,769943
3,133127	5,122800	4,828832
3,146459	5,111737	4,637445
3,159792	5,112774	4,637445
3,173124	5,113811	4,503720
3,186456	5,124529	4,703694
3,199789	5,109317	4,703694
3,213121	5,103094	4,769943
3,226454	5,079931	4,961330
3,239786	5,176732	4,961330
3,253119	5,107589	5,077880
3,266451	5,088228	4,978506
3,279784	5,080968	4,978506
3,293116	5,108280	4,844781
3,306449	5,148383	4,745407
3,319781	5,140086	4,745407
3,333113	5,125911	4,620269
3,346446	5,126603	4,778531
3,359778	5,105860	4,778531
3,373111	5,108280	5,060704
3,386443	5,123146	4,787119
3,399776	5,091340	4,787119
3,413108	5,095488	4,612908
3,426441	5,093068	4,886493
3,439773	5,122109	4,886493
3,453106	5,127986	5,011630
3,466438	5,113120	4,828832
3,479770	5,072671	4,828832
3,493103	5,166706	4,503720
3,506435	5,110700	4,595733
3,519768	5,099637	4,595733
3,533100	5,158063	4,978506
3,546433	5,108280	4,978506
3,559765	5,123837	4,803068
3,573098	5,102057	5,011630
3,586430	5,158754	5,011630
3,599763	5,120726	4,844781
3,613095	5,125220	4,844781
3,626427	5,103094	4,844781
3,639760	5,111046	4,753995
3,653092	5,096526	4,571196
3,666425	5,105169	4,571196
3,679757	5,122109	4,571196
3,693090	5,117269	4,761356
3,706422	5,095488	4,761356
3,719755	5,140432	4,761356
3,733087	5,149420	4,870544
3,746420	5,131097	4,870544
3,759752	5,136974	4,853368
3,773084	5,077166	4,861956
3,786417	5,083388	4,861956
3,799749	5,120380	4,837420
3,813082	5,070943	4,686519
3,826414	5,085808	4,686519
3,839747	5,153569	4,886493
3,853079	5,132134	5,003043
3,866412	5,155297	5,003043
3,879744	5,115540	4,736819
3,893077	5,096871	4,769943
3,906409	5,059188	4,769943
3,919741	5,104477	4,853368
3,933074	5,088574	4,728231
3,946406	5,150803	4,728231
3,959739	5,058497	4,911030
3,973071	5,162212	5,185841
3,986404	5,097908	5,185841
3,999736	5,121417	4,844781
4,013069	5,140086	4,886493
4,026401	5,114849	4,886493
4,039734	5,157717	4,736819
4,053066	5,129369	5,036167
4,066398	5,152186	5,036167
4,079731	5,112429	4,686519
4,093063	5,101366	4,753995
4,106396	5,071634	4,753995
4,119728	5,168089	4,795707
4,133061	5,073708	4,637445
4,146393	5,112774	4,637445
4,159726	5,058843	4,837420
4,173058	5,153914	4,736819
4,186391	5,052965	4,736819
4,199723	5,143889	4,637445
4,213055	5,124183	4,637445
4,226388	5,095834	5,185841
4,239720	5,110700	4,545432
4,253053	5,122454	4,545432
4,266385	5,120034	4,587145
4,279718	5,132826	4,903669
4,293050	5,093760	4,903669
4,306383	5,148383	4,646033
4,319715	5,107589	4,670570
4,333047	5,076820	4,670570
4,346380	5,155989	4,695106
4,359712	5,121417	4,919618
4,373045	5,094797	4,919618
4,386377	5,099291	4,695106
4,399710	5,093760	4,479183
4,413042	5,090994	4,479183
4,426375	5,114157	5,102416
4,439707	5,145272	4,554020
4,453040	5,108280	4,554020
4,466372	5,087537	4,985867
4,479704	5,096180	4,811656
4,493037	5,097908	4,811656
4,506369	5,113466	4,661982
4,519702	5,143543	5,011630
4,533034	5,151494	5,011630
4,546367	5,122800	5,003043
4,559699	5,153223	4,612908
4,573032	5,091686	4,612908
4,586364	5,166015	4,936793
4,599697	5,104823	4,844781
4,613029	5,101020	4,844781
4,626361	5,107934	5,020218
4,639694	5,130406	4,961330
4,653026	5,069560	4,961330
4,666359	5,102403	4,961330
4,679691	5,096871	5,126953
4,693024	5,111391	5,126953
4,706356	5,132826	4,679158
4,719689	5,077166	4,679158
4,733021	5,140777	4,686519
4,746354	5,186412	5,011630
4,759686	5,102403	5,011630
4,773018	5,125566	4,803068
4,786351	5,107589	4,837420
4,799683	5,105169	4,837420
4,813016	5,070597	4,861956
4,826348	5,157372	4,844781
4,839681	5,126257	4,844781
4,853013	5,151840	5,044755
4,866346	5,103786	4,761356
4,879678	5,151494	4,761356
4,893011	5,177077	4,769943
4,906343	5,140432	4,503720
4,919675	5,070943	4,503720
4,933008	5,146309	4,487771
4,946340	5,059534	4,795707
4,959673	5,113811	4,795707
4,973005	5,109663	4,529483
4,986338	5,073708	4,421522
4,999670	5,054003	4,421522
5,013003	5,129714	4,820244
5,026335	5,115886	4,695106
5,039668	5,094106	4,695106
5,053000	5,160137	5,027579
5,066332	5,118651	4,637445
5,079665	5,125911	4,637445
5,092997	5,140432	4,661982
5,106330	5,101020	4,728231
5,119662	5,117614	4,728231
5,132995	5,116231	4,811656
5,146327	5,146654	4,803068
5,159660	5,134554	4,803068
5,172992	5,132134	4,404346
5,186325	5,112083	4,745407
5,199657	5,136629	4,745407
5,212989	5,078894	4,903669
5,226322	5,086846	4,895081
5,239654	5,106897	4,895081
5,252987	5,144580	4,587145
5,266319	5,113811	4,670570
5,279652	5,120034	4,670570
5,292984	5,159100	4,828832
5,306317	5,109663	4,769943
5,319649	5,145617	4,769943
5,332982	5,140777	4,695106
5,346314	5,115194	4,753995
5,359646	5,117269	4,753995
5,372979	5,143889	4,612908
5,386311	5,107589	4,695106
5,399644	5,121417	4,695106
5,412976	5,080277	4,795707
5,426309	5,118651	4,661982
5,439641	5,126603	4,661982
5,452974	5,132134	4,661982
5,466306	5,117269	4,703694
5,479639	5,125911	4,703694
5,492971	5,106551	4,562608
5,506303	5,099983	4,562608
5,519636	5,116577	4,695106
5,532968	5,120380	4,703694
5,546301	5,079586	4,703694
5,559633	5,101020	4,844781
5,572966	5,103440	4,778531
5,586298	5,156680	4,778531
5,599631	5,185029	4,828832
5,612963	5,102057	4,877905
5,626296	5,071980	4,877905
5,639628	5,147692	5,111004
5,652960	5,102403	4,670570
5,666293	5,042594	4,670570
5,679625	5,111046	4,661982
5,692958	5,116231	4,712282
5,706290	5,113811	4,712282
5,719623	5,135937	4,470595
5,732955	5,095834	4,470595
5,746288	5,113120	4,587145
5,759620	5,110354	5,210378
5,772953	5,172583	5,210378
5,786285	5,101711	4,371221
5,799617	5,142852	4,928205
5,812950	5,122800	4,928205
5,826282	5,104131	4,886493
5,839615	5,147346	4,886493
5,852947	5,167052	4,886493
5,866280	5,072325	4,446058
5,879612	5,054348	5,335515
5,892945	5,138012	5,335515
5,906277	5,151840	4,503720
5,919609	5,103440	4,512308
5,932942	5,103786	4,512308
5,946274	5,116577	4,753995
5,959607	5,065411	4,346685
5,972939	5,057805	4,346685
5,986272	5,062645	4,520895
5,999604	5,099983	4,503720
6,012937	5,140432	4,503720
6,026269	5,071634	4,155298
6,039602	5,181572	4,637445
6,052934	5,165669	4,637445
6,066266	5,080623	4,695106
6,079599	5,063337	4,870544
6,092931	5,115540	4,870544
6,106264	5,098600	4,379809
6,119596	5,129369	4,379809
6,132929	5,092031	4,654621
6,146261	5,123491	4,496359
6,159594	5,152877	4,554020
6,172926	5,088920	4,554020
6,186259	5,074400	4,628857
6,199591	5,111391	4,628857
6,212923	5,078548	4,462007
6,226256	5,110009	4,961330
6,239588	5,118997	4,612908
6,252921	5,092723	4,612908
6,266253	5,120034	4,462007
6,279586	5,127294	4,462007
6,292918	5,148037	4,903669
6,306251	5,134554	4,695106
6,319583	5,126949	4,695106
6,332916	5,148729	4,828832
6,346248	5,098946	4,695106
6,359580	5,068868	4,695106
6,372913	5,158754	4,695106
6,386245	5,108626	5,069292
6,399578	5,150457	5,069292
6,412910	5,139049	4,803068
6,426243	5,139049	4,579784
6,439575	5,133517	4,579784
6,452908	5,152186	4,944154
6,466240	5,074746	4,828832
6,479573	5,108971	4,828832
6,492905	5,089611	4,628857
6,506237	5,074054	4,803068
6,519570	5,130751	4,803068
6,532902	5,093414	4,654621
6,546235	5,126949	4,870544
6,559567	5,111391	4,870544
6,572900	5,124183	4,695106
6,586232	5,148037	4,911030
6,599565	5,103786	4,911030
6,612897	5,140086	4,736819
6,626230	5,077166	4,853368
6,639562	5,092377	4,853368
6,652894	5,092031	4,961330
6,666227	5,132480	4,820244
6,679559	5,122109	4,820244
6,692892	5,115540	4,703694
6,706224	5,103094	4,703694
6,719557	5,122109	4,936793
6,732889	5,190215	4,961330
6,746222	5,113120	4,961330
6,759554	5,081314	4,961330
6,772887	5,120034	4,844781
6,786219	5,094797	4,844781
6,799551	5,133517	4,877905
6,812884	5,086846	4,728231
6,826216	5,098600	4,728231
6,839549	5,131789	4,604320
6,852881	5,089957	4,637445
6,866214	5,128331	4,637445
6,879546	5,110354	4,670570
6,892879	5,158409	4,720870
6,906211	5,151149	4,720870
6,919544	5,090303	4,686519
6,932876	5,145272	4,919618
6,946208	5,124874	4,919618
6,959541	5,141469	4,703694
6,972873	5,142160	4,803068
6,986206	5,131789	4,803068
6,999538	5,096871	4,895081
7,012871	5,126257	4,654621
7,026203	5,058843	4,654621
7,039536	5,136629	4,587145
7,052868	5,130751	4,853368
7,066201	5,127640	4,853368
7,079533	5,086154	4,761356
7,092865	5,135937	4,837420
7,106198	5,092377	4,837420
7,119530	5,125566	4,503720
7,132863	5,129023	4,911030
7,146195	5,117269	4,911030
7,159528	5,136283	5,036167
7,172860	5,145272	4,761356
7,186193	5,065757	4,761356
7,199525	5,155643	4,654621
7,212858	5,100674	4,654621
7,226190	5,118306	4,745407
7,239522	5,109317	4,579784
7,252855	5,132826	4,579784
7,266187	5,154952	4,562608
7,279520	5,116577	5,185841
7,292852	5,135937	5,185841
7,306185	5,154606	5,177253
7,319517	5,068177	5,135541
7,332850	5,122109	5,135541
7,346182	5,052274	4,936793
7,359515	5,078203	4,886493
7,372847	5,118651	4,886493
7,386179	5,115540	4,712282
7,399512	5,079931	4,661982
7,412844	5,129023	4,661982
7,426177	5,142506	4,637445
7,439509	5,149420	4,396985
7,452842	5,117269	4,396985
7,466174	5,101711	4,628857
7,479507	5,142160	4,985867
7,492839	5,147346	4,985867
7,506172	5,115194	4,952742
7,519504	5,156680	4,844781
7,532836	5,125566	4,844781
7,546169	5,092723	4,554020
7,559501	5,137320	4,661982
7,572834	5,154952	4,661982
7,586166	5,102403	4,661982
7,599499	5,130751	4,661982
7,612831	5,156334	4,853368
7,626164	5,159446	4,421522
7,639496	5,175695	4,712282
7,652828	5,153569	4,712282
7,666161	5,126949	4,877905
7,679493	5,161520	4,753995
7,692826	5,104477	4,753995
7,706158	5,113466	4,454646
7,719491	5,125220	4,454646
7,732823	5,131443	4,628857
7,746156	5,117614	4,877905
7,759488	5,116577	4,877905
7,772821	5,153914	4,679158
7,786153	5,112083	4,661982
7,799485	5,097563	4,661982
7,812818	5,131097	4,761356
7,826150	5,095488	4,712282
7,839483	5,095488	4,712282
7,852815	5,124529	4,753995
7,866148	5,103440	4,679158
7,879480	5,176386	4,679158
7,892813	5,114849	4,371221
7,906145	5,061263	4,554020
7,919478	5,192289	4,554020
7,932810	5,120380	4,421522
7,946142	5,112083	4,579784
7,959475	5,139049	4,579784
7,972807	5,162903	4,520895
7,986140	5,075091	4,745407
7,999472	5,089266	4,745407
8,012805	5,124874	4,695106
8,026137	5,156680	4,637445
8,039470	5,113120	4,637445
8,052802	5,095143	4,736819
8,066135	5,122800	4,529483
8,079467	5,119343	4,529483
8,092799	5,170855	4,637445
8,106132	5,087883	4,538071
8,119464	5,074746	4,538071
8,132797	5,150457	4,529483
8,146129	5,096180	4,512308
8,159462	5,147692	4,512308
8,172794	5,141814	4,728231
8,186127	5,124874	4,728231
8,199459	5,123837	4,703694
8,212792	5,072671	4,503720
8,226124	5,107934	4,503720
8,239456	5,075437	4,612908
8,252789	5,074400	4,604320
8,266121	5,136629	4,604320
8,279454	5,066794	4,446058
8,292786	5,129714	4,620269
8,306119	5,105514	4,620269
8,319451	5,104131	4,720870
8,332784	5,123491	4,820244
8,346116	5,130751	4,820244
8,359449	5,064028	4,604320
8,372781	5,102748	4,496359
8,386113	5,054694	4,496359
8,399446	5,140777	4,595733
8,412778	5,104477	4,362633
8,426111	5,095834	4,362633
8,439443	5,100328	4,545432
8,452776	5,105514	4,604320
8,466108	5,136629	4,604320
8,479441	5,083734	4,886493
8,492773	5,107934	4,944154
8,506106	5,151840	4,944154
8,519438	5,090994	4,421522
8,532770	5,146309	4,587145
8,546103	5,146309	4,587145
8,559435	5,113120	4,736819
8,572768	5,171200	4,736819
8,586100	5,122109	4,911030
8,599433	5,135246	4,661982
8,612765	5,123491	4,661982
8,626098	5,109663	4,604320
8,639430	5,126949	4,861956
8,652763	5,137666	4,861956
8,666095	5,050545	4,545432
8,679427	5,169817	4,712282
8,692760	5,087537	4,712282
8,706092	5,170509	4,761356
8,719425	5,147000	4,886493
8,732757	5,140777	4,886493
8,746090	5,109317	4,379809
8,759422	5,108626	4,512308
8,772755	5,114503	4,512308
8,786087	5,089266	4,787119
8,799420	5,110354	4,437471
8,812752	5,125566	4,437471
8,826084	5,145272	4,503720
8,839417	5,109317	4,654621
8,852749	5,125911	4,654621
8,866082	5,078894	4,803068
8,879414	5,087537	4,670570
8,892747	5,120034	4,670570
8,906079	5,097563	4,695106
8,919412	5,171546	4,654621
8,932744	5,101366	4,654621
8,946077	5,132134	4,595733
8,959409	5,139394	4,595733
8,972741	5,107243	4,512308
8,986074	5,102748	4,686519
8,999406	5,103440	4,686519
9,012739	5,130751	4,538071
9,026071	5,177769	4,396985
9,039404	5,067831	4,396985
9,052736	5,071634	4,877905
9,066069	5,157372	4,446058
9,079401	5,060571	4,446058
9,092734	5,162212	4,462007
9,106066	5,147692	4,421522
9,119398	5,165669	4,421522
9,132731	5,099637	4,646033
9,146063	5,118997	4,753995
9,159396	5,113120	4,753995
9,172728	5,133517	4,462007
9,186061	5,104477	4,404346
9,199393	5,129369	4,404346
9,212726	5,076820	4,388397
9,226058	5,130406	4,628857
9,239391	5,065411	4,628857
9,252723	5,125220	4,769943
9,266055	5,122109	4,595733
9,279388	5,148729	4,595733
9,292720	5,110009	4,828832
9,306053	5,160483	4,944154
9,319385	5,167397	4,944154
9,332718	5,215452	4,769943
9,346050	5,087537	4,612908
9,359383	5,163249	4,612908
9,372715	5,165323	4,745407
9,386047	5,114503	4,329509
9,399380	5,113811	4,329509
9,412712	5,094106	4,313560
9,426045	5,090648	4,313560
9,439377	5,085808	4,512308
9,452710	5,127986	4,554020
9,466042	5,103786	4,554020
9,479375	5,141814	4,479183
9,492707	5,140086	4,503720
9,506040	5,082697	4,679158
9,519372	5,132134	4,679158
9,532704	5,142160	4,538071
9,546037	5,140086	4,538071
9,559369	5,107589	4,587145
9,572702	5,110354	4,437471
9,586034	5,118306	4,437471
9,599367	5,079586	4,462007
9,612699	5,098254	4,529483
9,626032	5,115540	4,529483
9,639364	5,098254	4,379809
9,652697	5,064028	4,637445
9,666029	5,136283	4,637445
9,679361	5,125220	4,503720
9,692694	5,094106	4,587145
9,706026	5,099983	4,587145
9,719359	5,159100	4,355272
9,732691	5,095143	4,437471
9,746024	5,129369	4,437471
9,759356	5,179843	4,886493
9,772689	5,132134	4,886493
9,786021	5,101020	4,886493
9,799354	5,107243	4,761356
9,812686	5,107589	4,761356
9,826018	5,192980	4,604320
9,839351	5,179843	4,479183
9,852683	5,114157	4,479183
9,866016	5,116231	4,512308
9,879348	5,153223	4,595733
9,892681	5,126949	4,280435
9,906013	5,179152	4,280435
9,919346	5,096180	4,379809
9,932678	5,175695	4,379809
9,946011	5,128677	4,670570
9,959343	5,120034	4,654621
9,972675	5,120380	4,654621
9,986008	5,173275	4,437471
9,999340	5,134209	4,412934
10,012673	5,131789	4,412934
10,026005	5,119343	4,686519
10,039338	5,138703	4,628857
10,052670	5,095143	4,628857
10,066003	5,144926	4,720870
10,079335	5,126603	4,679158
10,092668	5,127986	4,679158
10,106000	5,118306	4,787119
10,119332	5,117960	4,787119
741	-0,022126	0,233099
9,942068	0,033188	0,332473
9,955395	0,015557	0,008588
9,968723	0,007260	0,008588
9,982050	0,002766	0,391361
9,995377	0,004149	0,391361
10,008704	-0,001729	-0,049073
10,022031	0,055660	0,116550
10,035358	0,013829	0,116550
10,048686	0,036646	0,158262
10,062013	-0,051511	0,116550
10,075340	-0,019706	-0,033125
10,088667	0,038028	-0,033125
10,101994	0,019014	0,149674
10,115321	0,020743	0,290760
10,128649	0,038028	0,290760
10,141976	-0,000691	0,407310
10,155303	0,050820	0,407310
10,168630	0,036646	0,067476
10,181957	0,042868	0,149674
10,195284	0,063266	0,116550
10,208612	-0,033880	0,116550
10,221939	0,056351	0,149674
10,235266	0,042868	0,149674
10,248593	0,014866	0,199974
10,261920	0,036991	0,141086
10,275248	0,048054	0,141086
10,288575	0,000346	0,017176
10,301902	0,065340	-0,008588
10,315229	-0,015211	-0,008588
10,328556	0,070526	-0,115323
10,341883	0,041486	0,083425
10,355211	0,019014	0,083425
10,368538	0,014520	0,033125
10,381865	0,035608	0,191387
10,395192	0,014174	0,191387
10,408519	0,042523	0,174211
10,421846	0,062228	0,208562
10,435174	0,025237	0,208562
10,448501	-0,035954	0,158262
10,461828	0,091960	0,074837
10,475155	0,032497	0,074837
10,488482	-0,020743	0,316524
10,501809	0,060154	0,316524
10,515137	0,023163	0,316524
10,528464	-0,002420	-0,107962
10,541791	0,071908	0,199974
10,555118	0,038374	0,199974
10,568445	0,061537	0,415898
10,581772	0,063957	0,415898
10,595100	0,019014	0,415898
10,608427	-0,016249	-0,190160
10,621754	-0,051166	0,174211
10,635081	0,044251	0,174211
10,648408	0,019360	0,174211
10,661735	0,023854	0,092013
10,675063	0,030077	0,092013
10,688390	-0,003803	0,257636
10,701717	0,041486	0,208562
10,715044	0,026274	0,208562
10,728371	0,019360	0,290760
10,741698	-0,005531	0,141086
10,755026	0,069834	0,141086
10,768353	0,021434	0,008588
10,781680	0,004149	0,008588
10,795007	0,028003	0,100601
10,808334	0,037337	0,149674
10,821661	0,016249	0,149674
10,834989	-0,012791	0,266224
10,848316	0,010717	-0,033125
10,861643	0,066031	-0,033125
10,874970	-0,007951	0,290760
10,888297	-0,033880	-0,057661
10,901624	-0,014174	-0,057661
10,914952	0,038720	0,116550
10,928279	0,052203	0,224511
10,941606	0,086774	0,224511
10,954933	-0,024200	0,299348
10,968260	-0,052203	0,000000
10,981587	0,018323	0,000000
10,994915	-0,026274	0,092013
11,008242	0,060154	0,374185
11,021569	-0,003111	0,374185
11,034896	0,000346	0,224511
11,048223	-0,003457	0,109189
11,061550	0,048746	0,109189
11,074878	0,102677	0,199974
11,088205	0,041486	0,283399
11,101532	-0,002766	0,283399
11,114859	-0,034571	-0,207336
11,128186	0,020397	0,067476
11,141514	0,038374	0,067476
11,154841	-0,008297	0,083425
11,168168	0,050128	0,083425
11,181495	0,015557	-0,115323
11,194822	0,025237	-0,414671
11,208149	0,032497	-0,414671
11,221477	0,040794	-0,440435
11,234804	-0,001729	-0,174211
11,248131	0,019014	-0,174211
11,261458	0,072946	0,133725
11,274785	-0,002420	0,266224
11,288112	0,015557	0,266224
11,301440	-0,000691	-0,008588
11,314767	0,030768	0,008588
11,328094	0,019706	0,008588
11,341421	-0,025237	0,017176
11,354748	0,080206	-0,008588
11,368075	-0,023163	-0,008588
11,381403	-0,019706	-0,306709
11,394730	0,025583	0,058888
11,408057	0,079860	0,058888
11,421384	0,031460	0,158262
11,434711	0,067760	-0,083425
11,448038	0,018323	-0,083425
11,461366	0,016249	0,549623
11,474693	0,050128	0,041712
11,488020	-0,028003	0,041712
11,501347	0,002074	0,499323
11,514674	0,095417	-0,074837
11,528001	0,044597	-0,074837
11,541329	-0,012446	-0,090786
11,554656	0,052203	-0,090786
11,567983	-0,023163	-0,149674
11,581310	0,031114	0,349649
11,594637	0,031460	0,349649
11,607964	0,006914	0,017176
11,621292	0,052548	0,000000
11,634619	0,058771	0,391361
11,647946	0,056697	0,391361
11,661273	0,037683	0,250275
11,674600	0,031460	0,250275
11,687927	-0,005531	0,440435
11,701255	0,021089	0,141086
11,714582	0,042177	0,141086
11,727909	0,027657	-0,165623
11,741236	0,000691	0,241687
11,754563	0,004149	0,241687
11,767890	0,033188	0,224511
11,781218	0,041140	0,332473
11,794545	0,049783	0,332473
11,807872	-0,027657	0,166850
11,821199	-0,003111	-0,049073
11,834526	0,010371	-0,049073
11,847853	0,019014	0,241687
11,861181	0,060846	0,116550
11,874508	0,013137	0,116550
11,887835	0,042177	0,224511
11,901162	-0,005186	0,224511
11,914489	0,035608	0,141086
11,927817	-0,028348	0,000000
11,941144	0,000000	0,000000
11,954471	-0,009680	-0,115323
11,967798	-0,007606	-0,049073
11,981125	0,046671	-0,049073
11,994452	-0,018323	0,067476
12,007780	-0,002420	0,182799
12,021107	0,055660	0,182799
12,034434	0,005877	-0,015949
12,047761	0,047363	0,033125
12,061088	0,049091	0,033125
12,074415	0,016940	-0,207336
12,087743	0,006223	0,109189
12,101070	-0,014520	0,109189
12,114397	0,017286	0,058888
12,127724	-0,000691	0,100601
12,141051	-0,013483	0,100601
12,154378	0,080206	-0,057661
12,167706	0,032843	-0,057661
12,181033	0,013483	0,149674
12,194360	0,032151	0,058888
12,207687	0,034226	0,058888
12,221014	0,042868	-0,107962
12,234341	0,039066	-0,149674
12,247669	-0,057043	-0,149674
12,260996	0,008297	-0,083425
12,274323	0,020051	-0,083425
12,287650	0,032151	0,149674
12,300977	0,018323	0,174211
12,314304	-0,068797	-0,165623
12,327632	0,013829	-0,165623
12,340959	0,032151	-0,024537
12,354286	-0,002074	-0,024537
12,367613	0,044597	-0,240460
12,380940	0,050820	0,224511
12,394267	0,047363	0,224511
12,407595	0,031806	-0,174211
12,420922	0,008297	-0,041712
12,434249	0,012100	0,307936
12,447576	0,071908	0,307936
12,460903	0,014520	0,109189
12,474230	0,040794	-0,224511
12,487558	0,078477	-0,224511
12,500885	0,004840	0,116550
12,514212	0,004149	0,116550
12,527539	0,031114	-0,539808
12,540866	0,034226	0,357010
12,554193	-0,032497	0,100601
12,567521	0,061883	0,100601
12,580848	0,024891	0,141086
12,594175	0,052203	0,149674
12,607502	0,004494	0,149674
12,620829	-0,011409	-0,057661
12,634156	-0,014866	0,141086
12,647484	0,062574	0,141086
12,660811	0,016594	0,174211
12,674138	0,059117	-0,365598
12,687465	0,023509	-0,365598
12,700792	0,018669	0,109189
12,714119	0,031806	0,191387
12,727447	0,037337	0,191387
12,740774	0,012791	-0,149674
12,754101	0,044251	0,257636
12,767428	0,016594	0,257636
12,780755	0,055660	-0,132498
12,794083	0,007951	0,316524
12,807410	0,024546	0,316524
12,820737	-0,005186	-0,207336
12,834064	-0,047363	-0,207336
12,847391	0,025929	0,067476
12,860718	-0,014866	0,033125
12,874046	-0,013137	0,033125
12,887373	-0,030077	-0,041712
12,900700	-0,057734	-0,066249
12,914027	0,042868	-0,066249
12,927354	0,021434	0,017176
12,940681	0,101640	0,125137
12,954009	-0,015211	0,125137
12,967336	0,042868	0,041712
12,980663	0,060500	0,141086
12,993990	-0,013483	0,141086
13,007317	-0,036300	-0,008588
13,020644	-0,003803	0,174211
13,033972	-0,015903	0,174211
13,047299	0,013483	0,041712
13,060626	0,006569	0,041712
13,073953	-0,002074	0,041712
13,087280	0,018323	0,041712
13,100607	0,035954	0,208562
13,113935	-0,010026	0,208562
13,127262	0,036646	0,050300
13,140589	0,038374	0,523860
13,153916	0,013137	0,523860
13,167243	0,010717	-0,090786
13,180570	-0,006914	0,241687
13,193898	0,032151	0,241687
13,207225	0,054623	0,050300
13,220552	0,078477	-0,049073
13,233879	0,072254	-0,049073
13,247206	0,042868	-0,024537
13,260533	0,000691	-0,149674
13,273861	0,010371	-0,149674
13,287188	0,060846	-0,015949
13,300515	0,025583	0,083425
13,313842	0,008643	0,083425
13,327169	-0,025237	-0,174211
13,340496	-0,035954	0,000000
13,353824	0,058771	0,000000
13,367151	0,034226	0,574160
13,380478	0,023509	-0,107962
13,393805	0,034917	-0,107962
13,407132	-0,019360	0,050300
13,420459	0,043560	-0,257636
13,433787	0,009334	-0,257636
13,447114	0,008643	0,158262
13,460441	0,015557	0,083425
13,473768	0,022126	0,083425
13,487095	-0,019360	0,398722
13,500422	0,071217	0,473559
13,513750	0,011409	0,473559
13,527077	0,008643	-0,099374
13,540404	-0,026620	-0,099374
13,553731	0,033188	0,083425
13,567058	0,041140	0,025764
13,580385	-0,014866	0,025764
13,593713	0,039066	-0,257636
13,607040	0,102331	-0,033125
13,620367	0,010371	-0,033125
13,633694	0,038374	-0,074837
13,647021	-0,003457	-0,207336
13,660349	0,013483	-0,207336
13,673676	-0,008297	-0,149674
13,687003	0,045634	0,083425
13,700330	0,036300	0,083425
13,713657	-0,002766	0,067476
13,726984	0,007260	0,266224
13,740312	0,036300	0,266224
13,753639	0,023163	0,109189
13,766966	0,031460	-0,414671
13,780293	-0,039411	-0,414671
13,793620	-0,019014	-0,107962
13,806947	0,035263	0,266224
13,820275	-0,038374	0,266224
13,833602	0,034226	0,266224
13,846929	0,075711	0,266224
13,860256	0,005531	0,257636
13,873583	-0,004494	-0,231872
13,886910	0,010371	-0,231872
13,900238	0,014866	0,715246
13,913565	0,022817	-0,174211
13,926892	0,010371	-0,190160
13,940219	0,003457	-0,190160
13,953546	0,063611	0,208562
13,966873	-0,003803	0,549623
13,980201	0,045634	0,549623
13,993528	0,005877	-0,099374
14,006855	0,071908	-0,224511
14,020182	0,021434	-0,224511
14,033509	-0,024200	-0,123911
14,046836	0,042523	0,224511
14,060164	0,007951	0,224511
14,073491	0,025237	0,374185
14,086818	0,032843	0,116550
14,100145	0,049783	0,116550
14,113472	0,026620	0,466198
14,126799	-0,006569	0,092013
14,140127	0,026966	0,092013
14,153454	0,003111	0,325112
14,166781	0,014174	0,158262
14,180108	-0,009680	0,158262
14,193435	0,045288	0,415898
14,206762	-0,011063	-0,033125
14,220090	0,016594	-0,033125
14,233417	0,050128	-0,083425
14,246744	-0,014866	0,199974
14,260071	0,011063	0,199974
14,273398	0,057734	0,365598
14,286725	0,061537	0,365598
14,300053	0,053931	0,224511
14,313380	-0,016940	0,058888
14,326707	0,020051	0,058888
14,340034	-0,012100	0,116550
14,353361	0,025583	0,174211
14,366688	-0,013483	0,174211
14,380016	0,077094	0,116550
14,393343	0,020397	0,100601
14,406670	0,058426	0,100601
14,419997	0,103023	0,283399
14,433324	0,080897	0,166850
14,446651	0,033534	0,166850
14,459979	-0,008989	0,158262
14,473306	-0,013483	0,158262
14,486633	-0,014520	0,158262
14,499960	0,013829	0,092013
14,513287	0,041831	0,133725
14,526615	-0,011754	0,133725
14,539942	0,010717	0,141086
14,553269	0,010717	0,224511
14,566596	0,064303	0,224511
14,579923	0,034917	0,233099
14,593250	0,004149	0,233099
14,606578	0,034917	0,233099
14,619905	0,004494	0,125137
14,633232	0,022817	0,125137
14,646559	0,025237	0,125137
14,659886	0,028694	0,125137
14,673213	0,011409	0,349649
14,686541	0,032151	0,349649
14,699868	0,039411	0,349649
14,713195	0,004494	0,349649
14,726522	0,027311	0,349649
14,739849	0,058771	-0,015949
14,753176	0,049783	-0,015949
14,766504	0,021434	-0,149674
14,779831	0,014520	-0,041712
14,793158	0,061883	-0,041712
14,806485	-0,042177	0,017176
14,819812	-0,001383	0,074837
14,833139	0,059808	0,074837
14,846467	0,009334	0,100601
14,859794	0,000346	-0,123911
14,873121	0,035608	-0,123911
14,886448	0,133791	-0,198748
14,899775	0,027311	0,025764
14,913102	0,024891	0,025764
14,926430	0,002420	0,017176
14,939757	0,012791	-0,149674
14,953084	0,012446	-0,149674
14,966411	0,059117	0,158262
14,979738	0,017977	0,449022
14,993065	0,039411	0,449022
15,006393	0,031114	-0,033125
15,019720	0,029731	0,074837
15,033047	0,010026	0,074837
15,046374	0,034917	0,008588
15,059701	0,002766	0,166850
15,073028	0,025237	0,166850
15,086356	0,021780	-0,090786
15,099683	0,048400	-0,090786
15,113010	-0,017977	0,174211
15,126337	0,103023	0,017176
15,139664	0,019014	0,017176
15,152991	-0,024891	0,266224
15,166319	0,084700	-0,224511
15,179646	0,005531	-0,224511
15,192973	0,066723	0,033125
15,206300	0,021434	0,499323
15,219627	0,018323	0,499323
15,232954	-0,017631	-0,174211
15,246282	-0,006569	0,532447
15,259609	-0,024546	0,532447
15,272936	-0,015557	0,407310
15,286263	0,018323	0,182799
15,299590	0,035263	0,182799
15,312917	-0,019014	-0,174211
15,326245	-0,001037	-0,207336
15,339572	0,016940	-0,207336
15,352899	0,038028	0,215923
15,366226	-0,016249	-0,215923
15,379553	0,000346	-0,215923
15,392881	0,030423	0,182799
15,406208	0,051166	-0,033125
15,419535	0,026620	-0,033125
15,432862	-0,016249	0,549623
15,446189	0,018669	0,166850
15,459516	0,002420	0,166850
15,472844	0,017286	0,440435
15,486171	0,029731	0,067476
15,499498	0,021434	0,067476
15,512825	-0,043560	0,000000
15,526152	-0,040794	0,158262
15,539479	0,059463	0,158262
15,552807	0,048746	0,208562
15,566134	0,019706	0,357010
15,579461	0,001729	0,357010
15,592788	0,004149	-0,407310
15,606115	0,052548	-0,407310
15,619442	0,055314	0,008588
15,632770	0,088848	0,083425
15,646097	-0,021089	0,083425
15,659424	0,026274	0,116550
15,672751	0,046671	-0,083425
15,686078	0,001383	-0,083425
15,699405	-0,009334	0,224511
15,712733	0,048054	0,357010
15,726060	0,091960	0,357010
15,739387	0,054623	0,067476
15,752714	0,061883	0,299348
15,766041	-0,002766	0,299348
15,779368	0,021780	0,233099
15,792696	0,039066	-0,015949
15,806023	0,025583	-0,015949
15,819350	0,072946	-0,015949
15,832677	0,024546	-0,015949
15,846004	0,027311	0,290760
15,859331	0,004149	0,092013
15,872659	-0,016940	0,092013
15,885986	0,032151	-0,033125
15,899313	-0,012446	0,290760
15,912640	0,028003	0,290760
15,925967	0,010717	0,141086
15,939294	-0,013137	0,398722
15,952622	-0,047363	0,398722
15,965949	-0,004494	-0,165623
15,979276	0,023509	0,325112
15,992603	0,017977	0,325112
16,005930	0,069488	0,215923
16,019257	0,021434	0,074837
16,032585	0,048054	0,074837
16,045912	-0,010026	0,074837
16,059239	0,015211	0,141086
16,072566	0,063266	0,141086
16,085893	0,094034	0,233099
16,099220	0,049437	-0,049073
16,112548	-0,003803	-0,049073
16,125875	0,038374	-0,123911
16,139202	0,005877	-0,015949
16,152529	0,038028	-0,015949
16,165856	0,055314	-0,099374
16,179183	0,020051	-0,198748
16,192511	0,038720	-0,198748
16,205838	0,061537	-0,033125
16,219165	0,029040	0,191387
16,232492	-0,007951	0,191387
16,245819	-0,027657	0,100601
16,259147	-0,035954	0,025764
16,272474	0,001729	0,025764
16,285801	0,017631	0,067476
16,299128	0,018669	0,067476
16,312455	0,018323	0,067476
16,325782	0,033188	0,109189
16,339110	-0,004494	0,199974
16,352437	-0,008297	0,199974
16,365764	0,038028	-0,015949
16,379091	0,000346	0,074837
16,392418	0,082280	0,074837
16,405745	0,061537	-0,141086
16,419073	0,066031	0,182799
16,432400	0,059808	0,182799
16,445727	0,033534	0,041712
16,459054	0,033534	0,191387
16,472381	0,022817	0,191387
16,485708	0,026966	-0,033125
16,499036	0,033534	-0,033125
16,512363	-0,017977	-0,033125
16,525690	0,004494	0,158262
16,539017	-0,002074	0,257636
16,552344	0,049437	0,257636
16,565671	0,028348	-0,008588
16,578999	0,019360	-0,008588
16,592326	-0,010026	-0,107962
16,605653	0,049091	0,174211
16,618980	0,027311	0,174211
16,632307	0,054968	0,224511
16,645634	0,045980	-0,149674
16,658962	0,011754	-0,149674
16,672289	-0,001729	0,241687
16,685616	-0,009334	0,241687
16,698943	0,017286	0,673534
16,712270	0,065686	0,058888
16,725597	0,080897	0,058888
16,738925	0,043214	0,332473
16,752252	0,014520	-0,198748
16,765579	0,005531	-0,198748
16,778906	-0,018323	0,025764
16,792233	0,004494	0,299348
16,805560	0,015903	0,299348
16,818888	-0,017631	-0,290760
16,832215	0,067068	-0,041712
16,845542	0,073637	-0,041712
16,858869	0,010371	-0,190160
16,872196	-0,010026	-0,249048
16,885523	0,030423	-0,249048
16,898851	0,026274	-0,049073
16,912178	0,035608	0,025764
16,925505	-0,008643	0,025764
16,938832	0,033880	-0,033125
16,952159	0,026620	0,074837
16,965486	0,020397	0,074837
16,978814	0,028348	0,158262
16,992141	0,065686	-0,623233
17,005468	0,028003	-0,623233
17,018795	0,001383	0,133725
17,032122	0,042177	0,266224
17,045450	0,008643	0,266224
17,058777	0,006569	-0,033125
17,072104	0,035954	-0,157035
17,085431	0,043906	-0,157035
17,098758	0,021089	-0,024537
17,112085	0,027311	0,149674
17,125413	-0,005877	0,149674
17,138740	0,061883	0,100601
17,152067	0,023509	0,074837
17,165394	0,019706	0,074837
17,178721	0,035954	-0,099374
17,192048	0,007606	-0,099374
17,205376	0,034917	0,116550
17,218703	-0,041486	0,182799
17,232030	0,022471	0,182799
17,245357	-0,038720	0,008588
17,258684	0,034226	0,241687
17,272011	0,007260	0,241687
17,285339	0,094034	0,374185
17,298666	-0,028003	0,125137
17,311993	0,009334	0,125137
17,325320	0,035263	-0,066249
17,338647	0,038028	0,149674
17,351974	0,040794	-0,215923
17,365302	0,007606	-0,215923
17,378629	0,009334	0,050300
17,391956	0,067414	0,050300
17,405283	0,012100	0,100601
17,418610	0,023854	0,058888
17,431937	-0,052548	0,058888
17,445265	0,018323	0,008588
17,458592	0,037683	0,125137
17,471919	-0,018669	0,125137
17,485246	-0,001383	0,233099
17,498573	-0,053931	-0,348422
17,511900	0,003803	-0,348422
17,525228	-0,020743	-0,090786
17,538555	0,034917	-0,074837
17,551882	0,045288	-0,074837
17,565209	0,090923	0,174211
17,578536	0,084008	0,050300
17,591863	-0,015903	0,050300
17,605191	0,015557	0,025764
17,618518	0,048400	0,174211
17,631845	0,038028	0,174211
17,645172	0,070180	0,257636
17,658499	0,026966	0,257636
17,671826	0,064648	0,149674
17,685154	0,084008	0,033125
17,698481	-0,016249	0,033125
17,711808	0,036300	-0,090786
17,725135	0,010371	0,067476
17,738462	0,079860	0,067476
17,751789	0,002766	0,041712
17,765117	0,042177	0,100601
17,778444	0,070526	0,100601
17,791771	0,001037	0,025764
17,805098	0,053586	0,025764
17,818425	0,042523	0,025764
17,831752	-0,042523	-0,174211
17,845080	0,053586	-0,008588
17,858407	-0,018669	-0,008588
17,871734	0,007606	0,025764
17,885061	-0,019706	-0,141086
17,898388	0,010026	-0,141086
17,911716	0,017286	0,092013
17,925043	0,052203	-0,107962
17,938370	-0,009680	-0,107962
17,951697	0,069143	0,283399
17,965024	0,035954	-0,074837
17,978351	0,041486	-0,074837
17,991679	0,001729	0,109189
18,005006	0,033880	0,041712
18,018333	0,031806	0,041712
18,031660	0,028694	0,058888
18,044987	-0,021434	-0,041712
18,058314	0,050128	-0,041712
18,071642	0,073291	-0,107962
18,084969	0,041831	0,199974
18,098296	0,022817	0,199974
18,111623	-0,000346	0,100601
18,124950	0,000346	0,274812
18,138277	0,058426	0,274812
18,151605	0,038374	0,133725
18,164932	0,064994	-0,090786
18,178259	0,044943	-0,090786
18,191586	0,053240	0,067476
18,204913	0,031460	-0,033125
18,218240	0,050474	-0,033125
18,231568	-0,005877	-0,008588
18,244895	0,029731	-0,115323
18,258222	-0,023854	-0,115323
18,271549	0,030423	0,224511
18,284876	0,050128	-0,215923
18,298203	0,036300	-0,215923
18,311531	0,022817	-0,115323
18,324858	0,032843	0,025764
18,338185	-0,015903	0,025764
18,351512	0,050128	0,141086
18,364839	0,005531	0,158262
18,378166	-0,013483	0,158262
18,391494	0,023163	0,549623
18,404821	-0,018669	0,549623
18,418148	0,042523	0,141086
18,431475	0,032497	-0,290760
18,444802	0,059117	-0,290760
18,458129	-0,025929	0,041712
18,471457	0,064648	-0,115323
18,484784	0,037337	-0,115323
18,498111	0,031114	-0,182799
18,511438	0,021434	-0,132498
18,524765	0,029731	-0,132498
18,538092	-0,043560	0,266224
18,551420	0,026620	0,074837
18,564747	-0,016940	0,074837
18,578074	-0,026966	-0,074837
18,591401	0,035954	0,092013
18,604728	0,023854	0,092013
18,618055	0,034917	-0,257636
18,631383	0,029386	0,067476
18,644710	0,016249	0,067476
18,658037	-0,011754	0,092013
18,671364	-0,001037	-0,024537
18,684691	0,019360	-0,024537
18,698018	0,030768	0,083425
18,711346	0,068451	0,083425
18,724673	0,052203	0,215923
18,738000	0,017631	0,174211
18,751327	-0,001729	0,174211
18,764654	0,058771	0,158262
18,777982	0,044251	0,191387
18,791309	0,017286	0,191387
18,804636	0,014520	0,191387
18,817963	0,012446	0,058888
18,831290	0,034571	0,058888
18,844617	0,079514	-0,099374
18,857945	0,083663	-0,099374
18,871272	0,030768	0,290760
18,884599	0,005186	0,166850
18,897926	0,054623	0,166850
18,911253	-0,049437	0,067476
18,924580	0,013829	0,166850
18,937908	0,052548	0,166850
18,951235	0,045288	0,141086
18,964562	0,043214	0,074837
18,977889	0,041140	0,074837
18,991216	0,032497	0,067476
19,004543	0,006223	0,199974
19,017871	-0,003111	0,199974
19,031198	-0,020743	0,017176
19,044525	0,072254	0,017176
19,057852	0,011063	0,017176
19,071179	-0,018669	0,025764
19,084506	0,000346	0,382773
19,097834	0,021089	0,382773
19,111161	-0,012100	0,116550
19,124488	0,026274	0,116550
19,137815	0,048054	0,050300
19,151142	0,003457	-0,099374
19,164469	0,007260	-0,099374
19,177797	0,024546	0,341061
19,191124	0,070871	0,307936
19,204451	0,013137	0,307936
19,217778	0,025237	0,274812
19,231105	0,008643	0,025764
19,244432	-0,010371	0,025764
19,257760	0,056351	-0,107962
19,271087	-0,023509	0,182799
19,284414	-0,001383	0,182799
19,297741	0,050820	0,008588
19,311068	-0,002074	0,191387
19,324395	0,069834	0,191387
19,337723	0,032151	0,174211
19,351050	0,026274	0,074837
19,364377	0,011409	0,074837
19,377704	-0,001729	0,000000
19,391031	-0,000691	0,074837
19,404358	0,048054	0,074837
19,417686	-0,024891	-0,165623
19,431013	0,069488	0,182799
19,444340	0,010371	0,182799
19,457667	0,023163	0,017176
19,470994	0,002074	0,241687
19,484321	0,005531	0,241687
19,497649	0,048400	0,191387
19,510976	-0,010026	0,250275
19,524303	0,029386	0,250275
19,537630	0,033188	0,341061
19,550957	0,023854	0,341061
19,564284	0,011409	0,365598
19,577612	-0,006569	0,191387
19,590939	-0,009334	0,191387
19,604266	0,025237	0,283399
19,617593	0,002074	0,008588
19,630920	-0,002420	0,008588
19,644248	-0,031460	0,000000
19,657575	0,075020	-0,090786
19,670902	0,036991	-0,090786
19,684229	0,043906	0,141086
19,697556	0,073983	0,515272
19,710883	0,019706	0,515272
19,724211	0,000691	-0,074837
19,737538	0,013829	-0,074837
19,750865	-0,056006	-0,074837
19,764192	0,033534	0,199974
19,777519	-0,010371	0,549623
19,790846	-0,006569	0,549623
19,804174	-0,008297	0,025764
19,817501	0,003457	0,149674
19,830828	-0,019706	0,149674
19,844155	0,024891	-0,083425
19,857482	0,003457	0,141086
19,870809	0,051857	0,141086
19,884137	0,011754	-0,174211
19,897464	-0,010371	0,058888
19,910791	0,023854	0,058888
19,924118	0,005877	0,299348
19,937445	0,069143	0,415898
19,950772	0,027311	0,415898
19,964100	0,030768	0,158262
19,977427	-0,001383	0,109189
19,990754	0,014520	0,109189
20,004081	-0,020743	0,092013
20,017408	0,065340	0,092013
20,030735	-0,027311	0,482147
20,044063	0,050474	0,182799
20,057390	-0,008297	0,656358
20,070717	0,046326	0,656358
20,084044	0,001729	0,125137
20,097371	0,058426	0,424486
20,110698	-0,011754	0,424486
20,124026	0,046326	0,889457
20,137353	0,067414	-0,515272
20,150680	0,018669	0,074837
20,164007	0,032497	0,074837
20,177334	0,023509	0,648997
20,190661	-0,001037	0,648997
20,203989	0,064303	-0,057661
20,217316	0,051166	0,515272
20,230643	0,032151	0,515272
20,243970	0,036646	0,233099
20,257297	0,001037	0,257636
20,270624	-0,015557	0,257636
20,283952	-0,022471	0,149674
20,297279	0,033880	0,325112
20,310606	0,029731	0,325112
20,323933	0,035608	0,365598
20,337260	0,064303	0,149674
20,350587	-0,002420	0,149674
20,363915	-0,001729	0,224511
20,377242	-0,013483	0,174211
20,390569	0,016249	0,174211
20,403896	0,045980	-0,207336
20,417223	0,084700	-0,174211
20,430550	-0,032497	-0,174211
20,443878	-0,001729	0,250275
20,457205	-0,005531	-0,024537
20,470532	-0,012100	-0,024537
20,483859	0,029386	0,141086
20,497186	0,011754	0,109189
20,510514	-0,038028	0,109189
20,523841	0,042868	0,274812
20,537168	0,017977	0,208562
20,550495	0,033188	0,208562
20,563822	0,003457	0,008588
20,577149	-0,031460	0,325112
20,590477	0,046326	0,325112
20,603804	0,026620	-0,074837
20,617131	0,064994	0,149674
20,630458	0,030768	0,149674
20,643785	0,010371	0,116550
20,657112	0,078131	-0,257636
20,670440	-0,032843	-0,257636
20,683767	0,025583	0,257636
20,697094	0,001729	0,257636
20,710421	-0,003457	0,391361
20,723748	0,004840	0,215923
20,737075	0,003803	0,133725
20,750403	0,060846	0,133725
20,763730	0,017977	0,100601
20,777057	0,047708	0,100601
20,790384	0,005531	0,008588
20,803711	-0,002074	0,074837
20,817038	-0,019014	0,074837
20,830366	0,002074	-0,157035
20,843693	0,003457	0,000000
20,857020	0,049091	0,000000
20,870347	-0,004494	0,000000
20,883674	0,044943	0,100601
20,897001	0,020743	0,100601
20,910329	-0,025583	0,174211
20,923656	0,054277	0,058888
20,936983	-0,018669	0,058888
20,950310	0,015557	0,166850
20,963637	0,040103	0,149674
20,976964	0,013483	0,149674
20,990292	0,029040	-0,041712
21,003619	0,048400	-0,066249
21,016946	0,046326	-0,066249
21,030273	0,021089	0,100601
21,043600	-0,010371	0,250275
21,056927	-0,046671	0,250275
21,070255	0,000000	0,233099
21,083582	0,014866	0,415898
21,096909	-0,020743	0,415898
21,110236	0,050474	0,109189
21,123563	0,039757	0,116550
21,136890	0,045288	0,116550
21,150218	0,023509	0,133725
21,163545	-0,002074	0,074837
21,176872	0,027657	0,074837
21,190199	0,053586	0,058888
21,203526	0,004494	-0,273585
21,216853	-0,053240	-0,273585
21,230181	0,050474	0,083425
21,243508	0,005531	0,083425
21,256835	0,032843	0,174211
21,270162	0,022817	0,017176
21,283489	0,010717	0,017176
21,296817	0,016594	0,257636
21,310144	-0,004840	-0,083425
21,323471	-0,023854	-0,083425
21,336798	0,033534	0,116550
21,350125	0,055660	-0,041712
21,363452	-0,029040	-0,041712
21,376780	-0,035608	0,797444
21,390107	0,027657	0,149674
21,403434	-0,009680	0,149674
21,416761	-0,032843	0,199974
21,430088	0,007951	-0,083425
21,443415	-0,003803	-0,083425
21,456743	-0,013483	-0,348422
21,470070	0,034917	-0,266224
21,483397	-0,013829	-0,266224
21,496724	0,005186	0,166850
21,510051	-0,021434	0,092013
21,523378	0,053240	0,092013
21,536706	-0,009680	0,116550
21,550033	0,022126	0,116550
21,563360	0,036991	0,433074
21,576687	-0,002420	0,466198
21,590014	-0,000691	0,466198
21,603341	0,029386	0,050300
21,616669	-0,027657	-0,115323
21,629996	-0,011063	-0,207336
21,643323	0,018323	-0,207336
21,656650	0,018669	-0,215923
21,669977	0,053586	-0,215923
21,683304	0,032497	0,100601
21,696632	0,015903	-0,207336
21,709959	0,034226	-0,257636
21,723286	0,024546	-0,257636
21,736613	0,055660	0,125137
21,749940	-0,016249	0,125137
21,763267	-0,037337	0,041712
21,776595	0,045634	-0,165623
21,789922	0,052894	-0,165623
21,803249	-0,001383	0,365598
21,816576	-0,007606	0,391361
21,829903	0,028003	0,391361
21,843230	0,018669	-0,398722
21,856558	0,014174	0,290760
21,869885	0,029731	0,290760
21,883212	0,006569	-0,015949
21,896539	0,053931	0,648997
21,909866	-0,001729	0,648997
21,923193	-0,008297	0,482147
21,936521	0,039411	-0,015949
21,949848	0,034226	-0,015949
21,963175	-0,032497	0,290760
21,976502	0,002074	0,074837
21,989829	-0,028348	0,074837
22,003156	-0,008989	0,133725
22,016484	0,086774	0,058888
22,029811	-0,011754	0,058888
22,043138	0,013137	-0,132498
22,056465	0,065686	-0,024537
22,069792	0,014174	-0,024537
22,083119	0,036300	-0,057661
22,096447	-0,048054	0,033125
22,109774	-0,045634	0,033125
22,123101	-0,042523	0,507911
22,136428	-0,015903	0,000000
22,149755	-0,009334	0,000000
22,163083	-0,014174	0,092013
22,176410	0,043906	0,365598
22,189737	-0,035263	0,365598
22,203064	0,017631	0,141086
22,216391	0,003111	-0,174211
22,229718	-0,023509	-0,174211
22,243046	0,003111	0,017176
22,256373	0,010371	0,125137
22,269700	0,002074	0,125137
22,283027	0,040794	0,283399
22,296354	0,008643	0,283399
22,309681	-0,057388	-0,066249
22,323009	0,049783	0,299348
22,336336	-0,028694	0,299348
22,349663	0,014866	0,050300
22,362990	0,031114	0,125137
22,376317	0,029386	0,125137
22,389644	0,029731	0,208562
22,402972	0,009334	0,025764
22,416299	0,011063	0,025764
22,429626	0,049437	0,241687
22,442953	-0,019706	-0,157035
22,456280	0,003803	-0,157035
22,469607	-0,002074	0,125137
22,482935	0,015557	0,125137
22,496262	0,041831	-0,024537
22,509589	0,058426	0,041712
22,522916	0,056697	0,133725
22,536243	0,044597	0,133725
22,549570	0,048746	0,233099
22,562898	-0,032151	0,233099
22,576225	-0,039066	-0,157035
22,589552	0,035608	0,332473
22,602879	0,035263	0,332473
22,616206	0,011063	0,365598
22,629533	0,047363	-0,083425
22,642861	-0,007606	-0,083425
22,656188	0,001729	-0,057661
22,669515	0,066723	0,074837
22,682842	0,036300	0,074837
22,696169	-0,051511	0,250275
22,709496	0,022471	0,250275
22,722824	0,008297	0,092013
22,736151	0,024891	0,299348
22,749478	-0,017631	0,299348
22,762805	0,022817	0,092013
22,776132	0,012100	0,307936
22,789459	0,023854	0,307936
22,802787	0,005531	0,125137
22,816114	0,031460	-0,107962
22,829441	-0,006223	-0,107962
22,842768	0,002766	-0,449022
22,856095	0,038720	-0,041712
22,869422	-0,019706	-0,041712
22,882750	0,014866	0,149674
22,896077	0,004494	0,083425
22,909404	0,074674	0,083425
22,922731	0,023509	0,466198
22,936058	0,036991	0,182799
22,949385	-0,025237	0,182799
22,962713	0,013829	0,174211
22,976040	0,007260	0,250275
22,989367	0,000000	0,250275
23,002694	-0,002074	0,158262
23,016021	-0,001383	0,325112
23,029349	0,030077	0,325112
23,042676	-0,005186	0,199974
23,056003	-0,004149	0,149674
23,069330	-0,002420	0,149674
23,082657	-0,025929	0,424486
23,095984	0,027657	0,092013
23,109312	0,050474	-0,215923
23,122639	0,036646	-0,215923
23,135966	-0,007606	0,025764
23,149293	0,042523	0,025764
23,162620	-0,023509	0,398722
23,175947	-0,012791	0,116550
23,189275	0,107863	0,116550
23,202602	0,011063	0,092013
23,215929	0,019360	0,208562
23,229256	0,060154	0,208562
23,242583	0,005186	0,241687
23,255910	-0,025583	0,208562
23,269238	0,054623	0,208562
23,282565	0,014520	-0,182799
23,295892	0,017286	-0,049073
23,309219	0,000346	-0,049073
23,322546	0,064648	-0,090786
23,335873	0,017977	-0,057661
23,349201	0,023509	-0,057661
23,362528	0,034917	-0,198748
23,375855	0,021780	-0,198748
23,389182	0,026966	-0,074837
23,402509	0,018323	-0,174211
23,415836	0,023163	-0,174211
23,429164	0,025237	-0,057661
23,442491	-0,058426	-0,123911
23,455818	0,029731	-0,123911
23,469145	-0,000691	-0,123911
23,482472	0,088503	0,033125
23,495799	0,042177	0,033125
23,509127	0,019014	-0,090786
23,522454	0,013137	0,125137
23,535781	0,008989	0,125137
23,549108	0,020743	0,208562
23,562435	-0,004840	-0,041712
23,575762	0,017286	-0,041712
23,589090	0,027657	-0,165623
23,602417	-0,017286	-0,123911
23,615744	0,010717	-0,123911
23,629071	-0,013829	0,116550
23,642398	0,061537	0,158262
23,655725	0,025237	0,158262
23,669053	-0,004149	-0,282173
23,682380	-0,021089	-0,049073
23,695707	0,016249	-0,049073
23,709034	0,017631	0,033125
23,722361	-0,018323	0,058888
23,735688	0,049091	0,058888
23,749016	-0,042868	-0,290760
23,762343	0,030423	-0,041712
23,775670	-0,007606	-0,041712
23,788997	0,036646	-0,348422
23,802324	0,061883	0,067476
23,815651	0,018323	0,067476
23,828979	0,048746	-0,107962
23,842306	-0,003457	-0,115323
23,855633	0,005186	-0,115323
23,868960	0,039757	-0,506684
23,882287	0,032497	0,133725
23,895615	0,025583	0,133725
23,908942	-0,000346	-0,033125
23,922269	-0,001729	-0,190160
23,935596	0,067760	-0,190160
23,948923	-0,027657	0,083425
23,962250	0,024200	0,083425
23,975578	-0,003457	0,250275
23,988905	0,045634	-0,372959
24,002232	-0,002766	-0,372959
24,015559	0,054968	-0,107962
24,028886	0,048054	-0,381546
24,042213	0,027657	-0,381546
24,055541	0,015211	-0,090786
24,068868	0,029731	-0,066249
24,082195	0,020051	-0,066249
24,095522	0,022471	0,050300
24,108849	0,052203	0,174211
24,122176	0,071217	0,174211
24,135504	0,063266	0,250275
24,148831	-0,005877	-0,123911
24,162158	0,021089	-0,123911
24,175485	0,041831	0,274812
24,188812	-0,008989	0,058888
24,202139	0,024200	0,058888
24,215467	-0,012446	-0,066249
24,228794	0,029731	-0,066249
24,242121	0,028003	0,166850
24,255448	0,055314	0,074837
24,268775	0,050128	0,074837
24,282102	0,017631	-0,141086
24,295430	0,014866	0,125137
24,308757	0,027311	0,125137
24,322084	0,040794	0,000000
24,335411	0,006569	-0,123911
24,348738	0,022126	-0,123911
24,362065	0,012100	0,041712
24,375393	0,035608	-0,123911
24,388720	0,055660	-0,123911
24,402047	0,016249	-0,057661
24,415374	0,032843	0,398722
24,428701	0,018323	0,398722
24,442028	0,035263	-0,273585
24,455356	0,008643	-0,074837
24,468683	0,021089	-0,074837
24,482010	-0,000346	-0,024537
24,495337	0,061883	0,332473
24,508664	0,009680	0,332473
24,521991	-0,015903	0,133725
24,535319	0,042177	0,008588
24,548646	-0,047708	0,008588
24,561973	-0,037683	0,191387
24,575300	0,056351	0,191387
24,588627	0,042523	0,191387
24,601954	0,039411	-0,240460
24,615282	-0,016594	0,325112
24,628609	0,027311	0,325112
24,641936	0,021434	-0,033125
24,655263	0,021434	-0,033125
24,668590	0,003457	0,074837
24,681917	0,007606	0,307936
24,695245	0,032151	0,307936
24,708572	0,028003	-0,057661
24,721899	-0,005877	0,182799
24,735226	0,029040	0,182799
24,748553	0,008643	0,116550
24,761881	0,058771	0,050300
24,775208	-0,008297	0,050300
24,788535	0,002074	0,033125
24,801862	0,079860	-0,257636
24,815189	-0,012791	-0,257636
24,828516	0,047708	0,017176
24,841844	0,044943	0,008588
24,855171	0,032497	0,008588
24,868498	0,027311	0,092013
24,881825	0,014866	0,109189
24,895152	0,024546	0,109189
24,908479	0,012100	0,149674
24,921807	0,011409	0,092013
24,935134	-0,005877	0,092013
24,948461	0,026274	0,133725
24,961788	0,012100	0,074837
24,975115	0,003803	0,074837
24,988442	0,048746	-0,224511
25,001770	0,054277	0,182799
25,015097	0,002074	0,182799
25,028424	0,031460	-0,033125
25,041751	-0,012100	0,033125
25,055078	-0,003111	0,033125
25,068405	0,041486	0,141086
25,081733	0,092651	0,141086
25,095060	-0,001037	-0,066249
25,108387	0,026274	0,374185
25,121714	0,037337	0,374185
25,135041	0,037337	-0,357010
25,148368	-0,027311	0,116550
25,161696	0,007260	0,116550
25,175023	-0,001729	0,125137
25,188350	-0,001729	0,224511
25,201677	0,004840	0,224511
25,215004	-0,029731	0,017176
25,228331	-0,007606	0,283399
25,241659	0,026966	0,283399
25,254986	-0,007260	-0,306709
25,268313	0,062920	0,133725
25,281640	0,023163	0,133725
25,294967	-0,053586	-0,398722
25,308294	0,056697	-0,398722
25,321622	0,003803	-0,132498
25,334949	-0,039757	0,266224
25,348276	0,006223	0,257636
25,361603	0,019706	0,257636
25,374930	-0,001037	0,266224
25,388257	0,016249	-0,041712
25,401585	0,024200	-0,041712
25,414912	0,020743	0,000000
25,428239	-0,030077	0,083425
25,441566	0,025583	0,083425
25,454893	0,013483	0,109189
25,468220	-0,012100	0,191387
25,481548	0,007606	0,191387
25,494875	0,050820	-0,506684
25,508202	-0,008989	-0,506684
25,521529	0,017977	0,391361
25,534856	-0,020397	-0,157035
25,548183	0,008989	-0,157035
25,561511	-0,019014	0,033125
25,574838	0,009680	-0,115323
25,588165	-0,010717	-0,115323
25,601492	0,008989	0,058888
25,614819	0,044943	-0,041712
25,628147	0,010026	-0,041712
25,641474	0,001729	0,116550
25,654801	0,006914	0,083425
25,668128	0,030768	0,083425
25,681455	0,067414	-0,198748
25,694782	0,002766	-0,149674
25,708110	0,026274	-0,149674
25,721437	0,050820	0,100601
25,734764	0,080551	-0,057661
25,748091	0,022126	-0,057661
25,761418	-0,028348	0,215923
25,774745	0,011409	-0,207336
25,788073	0,021780	-0,207336
25,801400	0,065340	0,116550
25,814727	-0,005531	0,233099
25,828054	0,012446	0,233099
25,841381	0,013483	-0,141086
25,854708	-0,004149	-0,141086
25,868036	0,047708	-0,123911
25,881363	0,007606	-0,066249
25,894690	-0,026966	-0,066249
25,908017	-0,003803	0,100601
25,921344	0,019706	-0,207336
25,934671	-0,014866	-0,207336
25,947999	0,041140	-0,033125
25,961326	0,085737	0,033125
25,974653	0,011063	0,033125
25,987980	0,055660	0,208562
26,001307	0,033188	0,208562
26,014634	0,044251	0,208562
26,027962	0,032497	0,208562
26,041289	0,000346	0,208562
26,054616	0,005186	0,208562
26,067943	0,041486	0,208562
26,081270	-0,017977	0,208562
26,094597	0,001037	0,208562
26,107925	0,042523	0,208562
26,121252	-0,026274	-0,008588
26,134579	-0,013137	-0,008588
26,147906	0,059463	0,133725
26,161233	0,046326	-0,074837
26,174560	0,045288	-0,074837
26,187888	0,050474	-0,024537
26,201215	-0,001037	0,100601
26,214542	0,072946	0,100601
26,227869	0,064994	0,141086
26,241196	0,008989	0,250275
26,254523	-0,015903	0,250275
26,267851	-0,012100	-0,066249
26,281178	0,023509	0,000000
26,294505	0,012100	0,000000
26,307832	-0,005877	0,149674
26,321159	0,022817	-0,107962
26,334486	-0,004494	-0,107962
26,347814	0,029386	-0,066249
26,361141	0,004494	-0,348422
26,374468	0,009680	-0,348422
26,387795	-0,008297	0,033125
26,401122	-0,020743	-0,033125
26,414450	0,052548	-0,033125
26,427777	-0,004149	0,017176
26,441104	0,008297	0,017176
26,454431	-0,015903	0,025764
26,467758	-0,032843	0,092013
26,481085	0,024200	0,092013
26,494413	0,012446	-0,057661
26,507740	-0,008297	0,290760
26,521067	-0,029731	0,290760
26,534394	0,034917	-0,008588
26,547721	-0,033534	-0,407310
26,561048	0,001729	-0,407310
26,574376	0,057734	-0,331246
26,587703	-0,017286	0,515272
26,601030	0,023854	0,515272
26,614357	0,037337	0,440435
26,627684	0,059463	0,191387
26,641011	-0,014866	0,191387
26,654339	0,053586	-0,049073
26,667666	-0,017286	0,233099
26,680993	-0,010717	0,233099
26,694320	0,010371	0,574160
26,707647	0,008297	0,257636
26,720974	0,006223	0,257636
26,734302	0,032843	0,241687
26,747629	0,018669	-0,008588
26,760956	0,055314	-0,008588
26,774283	0,051857	0,407310
26,787610	0,013483	0,158262
26,800937	0,025237	0,158262
26,814265	0,070526	-0,107962
26,827592	0,009680	0,017176
26,840919	0,043560	0,017176
26,854246	0,011063	-0,381546
26,867573	-0,023509	-0,049073
26,880900	-0,005531	-0,049073
26,894228	0,078477	-0,165623
26,907555	0,054277	-0,182799
26,920882	0,061537	-0,182799
26,934209	0,031114	-0,174211
26,947536	-0,044943	-0,174211
26,960863	0,016940	0,141086
26,974191	0,013829	0,083425
26,987518	0,032843	0,083425
27,000845	-0,046326	-0,057661
27,014172	0,056006	-0,041712
27,027499	-0,003803	-0,041712
27,040826	0,025237	0,092013
27,054154	0,004149	0,041712
27,067481	0,001383	0,041712
27,080808	0,010026	-0,123911
27,094135	0,013829	0,083425
27,107462	-0,008989	0,083425
27,120789	0,034571	0,109189
27,134117	-0,034226	0,109189
27,147444	0,055660	0,109189
27,160771	0,043906	-0,107962
27,174098	0,025929	-0,107962
27,187425	0,001383	-0,008588
27,200752	0,010371	0,141086
27,214080	0,027311	0,083425
27,227407	-0,042177	0,083425
27,240734	0,026966	0,017176
27,254061	0,037337	0,017176
27,267388	0,082971	-0,024537
27,280716	0,013829	0,074837
27,294043	-0,016249	0,074837
27,307370	-0,027657	-0,049073
27,320697	0,032151	0,000000
27,334024	0,006569	0,374185
27,347351	-0,047363	0,374185
27,360679	0,030077	0,365598
27,374006	0,017977	0,365598
27,387333	0,019014	-0,090786
27,400660	-0,019014	-0,440435
27,413987	0,087811	-0,440435
27,427314	-0,024546	0,182799
27,440642	0,016594	0,050300
27,453969	0,011754	0,050300
27,467296	-0,022817	-0,074837
27,480623	-0,015557	0,000000
27,493950	0,024891	0,000000
27,507277	0,036991	-0,099374
27,520605	0,051166	0,233099
27,533932	-0,003111	0,233099
27,547259	0,019360	-0,066249
27,560586	0,048746	-0,132498
27,573913	-0,010371	-0,132498
27,587240	0,033188	0,116550
27,600568	-0,024891	0,215923
27,613895	-0,027311	0,215923
27,627222	0,019706	0,008588
27,640549	0,024546	0,025764
27,653876	0,011754	0,025764
27,667203	0,019014	-0,024537
27,680531	0,046671	-0,024537
27,693858	0,003803	0,041712
27,707185	0,054968	0,067476
27,720512	0,039066	-0,057661
27,733839	0,012100	-0,057661
27,747166	0,017286	0,149674
27,760494	0,039066	0,050300
27,773821	0,011063	0,050300
27,787148	-0,047363	-0,123911
27,800475	0,017286	-0,123911
27,813802	0,031114	-0,132498
27,827129	0,029731	-0,273585
27,840457	-0,003111	-0,273585
27,853784	0,005877	0,000000
27,867111	0,079168	-0,266224
27,880438	-0,007260	-0,266224
27,893765	0,081934	-0,414671
27,907092	0,004149	-0,090786
27,920420	0,059808	-0,090786
27,933747	-0,000691	0,033125
27,947074	0,017977	0,499323
27,960401	0,033188	0,499323
27,973728	0,031114	-0,464971
27,987055	0,008989	-0,190160
28,000383	0,071217	-0,190160
28,013710	0,039757	-0,240460
28,027037	0,008297	0,033125
28,040364	0,032843	0,033125
28,053691	0,056697	-0,215923
28,067018	0,015211	-0,141086
28,080346	-0,055660	-0,141086
28,093673	0,039066	-0,008588
28,107000	-0,060154	-0,083425
28,120327	0,017286	-0,083425
