Quasi static measurement routine
Tip parameters (shape,radius, material...) 
18.08.2022

Piezo position[nm]	MEMS displ.[nm]	Time[ms]	Cap [pf]	Temp [°C]	Rh [%]
eoh
2,659931	0,379645	0,199	-0,137498	22,420000	56,260000
2,662462	0,909979	0,249	-0,137276	22,420000	56,260000
2,664998	5,072051	0,299	-0,135537	22,420000	56,260000
2,667457	5,420156	0,349	-0,135391	22,420000	56,260000
2,670000	9,827536	0,399	-0,133549	22,420000	56,260000
2,672432	10,183818	0,450	-0,133400	22,420000	56,260000
2,674893	14,432332	0,500	-0,131624	22,420000	56,260000
2,677471	15,042100	0,551	-0,131369	22,420000	56,260000
2,679975	19,537091	0,601	-0,129490	22,420000	56,260000
2,682409	19,679603	0,651	-0,129431	22,420000	56,260000
2,685017	24,521531	0,701	-0,127407	22,420000	56,260000
2,687479	24,521531	0,751	-0,127407	22,420000	56,260000
2,689975	29,167212	0,801	-0,125465	22,420000	56,260000
2,692435	29,198751	0,852	-0,125452	22,420000	56,260000
2,694925	33,756822	0,902	-0,123546	22,420000	56,260000
2,697456	33,939051	0,953	-0,123470	22,420000	56,260000
2,699951	38,789156	1,003	-0,121443	22,420000	56,260000
2,702472	38,646643	1,053	-0,121502	22,420000	56,260000
2,704950	43,196537	1,103	-0,119601	22,420000	56,260000
2,707415	43,837844	1,153	-0,119333	22,420000	56,260000
2,709965	48,008093	1,204	-0,117589	22,420000	56,260000
2,712506	47,983562	1,254	-0,117600	22,420000	56,260000
2,714961	53,143223	1,304	-0,115443	22,420000	56,260000
2,717440	53,467965	1,354	-0,115307	22,420000	56,260000
2,720015	57,661577	1,404	-0,113554	22,420000	56,260000
2,722504	57,843806	1,454	-0,113478	22,420000	56,260000
2,724969	60,129850	1,504	-0,112522	22,420000	56,260000
2,727457	64,482328	1,554	-0,110703	22,420000	56,260000
2,729969	65,257971	1,604	-0,110379	22,420000	56,260000
2,732515	67,568546	1,654	-0,109413	22,420000	56,260000
2,734964	69,689883	1,704	-0,108526	22,420000	56,260000
2,737434	72,363749	1,755	-0,107409	22,420000	56,260000
2,739995	74,816836	1,805	-0,106383	22,420000	56,260000
2,742469	79,429809	1,856	-0,104455	22,420000	56,260000
2,744965	80,783680	1,906	-0,103889	22,420000	56,260000
2,747495	84,107029	1,956	-0,102500	22,420000	56,260000
2,749951	84,811416	2,007	-0,102206	22,420000	56,260000
2,752449	88,759719	2,057	-0,100555	22,420000	56,260000
2,754943	89,511999	2,107	-0,100241	22,420000	56,260000
2,757468	93,800230	2,157	-0,098448	22,420000	56,260000
2,759950	94,196228	2,207	-0,098283	22,420000	56,260000
2,762459	98,610618	2,257	-0,096437	22,420000	56,260000
2,764947	99,054510	2,307	-0,096252	22,420000	56,260000
2,767426	103,367272	2,357	-0,094449	22,420000	56,260000
2,769992	103,342741	2,407	-0,094459	22,420000	56,260000
2,772460	105,653316	2,457	-0,093494	22,420000	56,260000
2,774998	108,059678	2,507	-0,092488	22,420000	56,260000
2,777501	110,496411	2,557	-0,091469	22,420000	56,260000
2,779955	112,823340	2,608	-0,090497	22,420000	56,260000
2,782484	117,752878	2,658	-0,088436	22,420000	56,260000
2,784938	117,530932	2,708	-0,088529	22,420000	56,260000
2,787448	122,081994	2,774	-0,086626	22,420000	56,260000
2,789988	124,945098	2,824	-0,085430	22,420000	56,260000
2,792501	124,953275	2,875	-0,085426	22,420000	56,260000
2,794995	129,091984	2,925	-0,083696	22,420000	56,260000
2,797485	129,400372	2,986	-0,083567	22,420000	56,260000
2,799961	131,846451	3,036	-0,082545	22,420000	56,260000
2,802433	135,256243	3,087	-0,081120	22,420000	56,260000
2,804993	136,601936	3,138	-0,080557	22,420000	56,260000
2,807454	141,523297	3,194	-0,078500	22,420000	56,260000
2,809953	142,346834	3,244	-0,078156	22,420000	56,260000
2,812431	146,247243	3,294	-0,076525	22,420000	56,260000
2,814981	146,555631	3,345	-0,076396	22,420000	56,260000
2,817461	150,908110	3,395	-0,074577	22,420000	56,260000
2,819941	152,268989	3,446	-0,074008	22,420000	56,260000
2,822458	155,458003	3,496	-0,072675	22,420000	56,260000
2,824953	157,080545	3,546	-0,071997	22,420000	56,260000
2,827444	160,364178	3,596	-0,070625	22,420000	56,260000
2,829936	162,247215	3,646	-0,069837	22,420000	56,260000
2,832470	162,817266	3,697	-0,069599	22,420000	56,260000
2,834956	166,100899	3,747	-0,068227	22,420000	56,260000
2,837472	167,652185	3,797	-0,067578	22,420000	56,260000
2,839887	171,054968	3,847	-0,066156	22,420000	56,260000
2,842450	172,044380	3,897	-0,065742	22,420000	56,260000
2,844963	176,072116	3,947	-0,064059	22,420000	56,260000
2,847477	178,057949	3,997	-0,063229	22,420000	56,260000
2,849944	180,597479	4,047	-0,062167	22,420000	56,260000
2,852462	181,563528	4,097	-0,061763	22,420000	56,260000
2,854918	185,306239	4,147	-0,060199	22,420000	56,260000
2,857450	186,429987	4,197	-0,059729	22,420000	56,260000
2,859906	189,942574	4,247	-0,058261	22,420000	56,260000
2,862442	191,367701	4,298	-0,057665	22,420000	56,260000
2,865005	194,334769	4,348	-0,056425	22,420000	56,260000
2,867384	195,846339	4,398	-0,055793	22,420000	56,260000
2,869869	198,528381	4,449	-0,054672	22,420000	56,260000
2,872454	203,268681	4,499	-0,052690	22,420000	56,260000
2,874942	203,466096	4,549	-0,052608	22,420000	56,260000
2,877432	208,166679	4,599	-0,050643	22,420000	56,260000
2,879922	208,340732	4,649	-0,050570	22,420000	56,260000
2,882407	212,400007	4,699	-0,048874	22,420000	56,260000
2,884924	212,922165	4,750	-0,048655	22,420000	56,260000
2,887393	217,234926	4,800	-0,046853	22,420000	56,260000
2,890037	217,717367	4,850	-0,046651	22,420000	56,260000
2,892451	222,156287	4,900	-0,044795	22,420000	56,260000
2,894932	222,212358	4,951	-0,044772	22,420000	56,260000
2,897497	226,904764	5,001	-0,042811	22,420000	56,260000
2,899916	226,722535	5,051	-0,042887	22,420000	56,260000
2,902489	231,652073	5,101	-0,040826	22,420000	56,260000
2,904935	231,802762	5,151	-0,040763	22,420000	56,260000
2,907409	236,281400	5,201	-0,038891	22,420000	56,260000
2,909908	236,661044	5,252	-0,038732	22,420000	56,260000
2,912399	240,602338	5,302	-0,037085	22,430000	56,250000
2,914978	241,171221	5,352	-0,036847	22,430000	56,250000
2,917429	245,618318	5,403	-0,034988	22,430000	56,250000
2,919909	245,515522	5,454	-0,035031	22,430000	56,250000
2,922499	249,741842	5,505	-0,033265	22,430000	56,250000
2,924984	250,595750	5,555	-0,032908	22,430000	56,250000
2,927422	254,575592	5,606	-0,031244	22,430000	56,250000
2,929981	255,675977	5,656	-0,030784	22,430000	56,250000
2,932445	259,213096	5,706	-0,029306	22,430000	56,250000
2,934926	260,423286	5,757	-0,028800	22,430000	56,250000
2,937399	263,335452	5,807	-0,027583	22,430000	56,250000
2,939895	264,870384	5,857	-0,026941	22,430000	56,250000
2,942411	268,147008	5,907	-0,025571	22,430000	56,250000
2,944963	269,721656	5,957	-0,024913	22,430000	56,250000
2,947473	272,751804	6,007	-0,023646	22,430000	56,250000
2,949969	276,922053	6,057	-0,021903	22,430000	56,250000
2,952468	277,420847	6,108	-0,021695	22,430000	56,250000
2,954959	281,591096	6,158	-0,019952	22,430000	56,250000
2,957496	282,318845	6,208	-0,019647	22,430000	56,250000
2,959919	286,101273	6,258	-0,018066	22,430000	56,250000
2,962424	286,417838	6,309	-0,017934	22,430000	56,250000
2,964948	291,023802	6,359	-0,016009	22,430000	56,250000
2,967463	290,936192	6,409	-0,016045	22,430000	56,250000
2,969873	295,510616	6,459	-0,014133	22,430000	56,250000
2,972417	295,739571	6,509	-0,014038	22,430000	56,250000
2,974965	300,090881	6,559	-0,012219	22,430000	56,250000
2,977401	300,249748	6,609	-0,012152	22,430000	56,250000
2,979954	304,585872	6,677	-0,010340	22,430000	56,250000
2,982389	305,298436	6,738	-0,010042	22,430000	56,250000
2,984917	307,965292	6,788	-0,008927	22,430000	56,250000
2,987408	309,919585	6,838	-0,008110	22,430000	56,250000
2,990022	312,792034	6,888	-0,006910	22,430000	56,250000
2,992429	314,746327	6,938	-0,006093	22,430000	56,250000
2,994885	317,452901	6,988	-0,004961	22,430000	56,250000
2,997477	319,312575	7,039	-0,004184	22,430000	56,250000
2,999931	320,981842	7,089	-0,003486	22,430000	56,250000
3,002425	324,772447	7,140	-0,001902	22,430000	56,250000
3,004895	329,077032	7,191	-0,000103	22,430000	56,250000
3,007403	329,085209	7,241	-0,000099	22,430000	56,250000
3,009913	333,824340	7,292	0,001882	22,430000	56,250000
3,012399	333,951667	7,342	0,001935	22,430000	56,250000
3,014944	338,065846	7,393	0,003655	22,430000	56,250000
3,017412	338,398765	7,444	0,003794	22,430000	56,250000
3,019926	343,248869	7,494	0,005821	22,430000	56,250000
3,022378	344,404157	7,544	0,006304	22,430000	56,250000
3,024936	345,512719	7,595	0,006768	22,430000	56,250000
3,027466	348,558052	7,646	0,008041	22,430000	56,250000
3,029931	350,243673	7,696	0,008745	22,430000	56,250000
3,032426	353,385962	7,746	0,010059	22,430000	56,250000
3,034890	354,809921	7,797	0,010654	22,430000	56,250000
3,037414	357,539857	7,848	0,011795	22,430000	56,250000
3,039911	359,835246	7,898	0,012754	22,430000	56,250000
3,042442	362,422669	7,948	0,013836	22,430000	56,250000
3,044878	364,629280	7,998	0,014758	22,430000	56,250000
3,047430	366,971395	8,048	0,015737	22,430000	56,250000
3,049884	369,116094	8,098	0,016634	22,430000	56,250000
3,052409	371,719871	8,148	0,017722	22,430000	56,250000
3,054929	373,833031	8,198	0,018605	22,430000	56,250000
3,057432	376,301305	8,248	0,019637	22,430000	56,250000
3,059934	378,699490	8,299	0,020640	22,430000	56,250000
3,062414	383,280923	8,349	0,022555	22,430000	56,250000
3,064950	383,019260	8,413	0,022445	22,430000	56,250000
3,067433	387,300482	8,463	0,024235	22,430000	56,250000
3,069927	390,410063	8,514	0,025535	22,430000	56,250000
3,072442	392,609665	8,564	0,026454	22,430000	56,250000
3,074920	392,523223	8,615	0,026418	22,430000	56,250000
3,077364	395,862926	8,665	0,027814	22,430000	56,250000
3,079907	397,223806	8,715	0,028383	22,430000	56,250000
3,082430	402,010831	8,789	0,030384	22,430000	56,250000
3,084910	403,585480	8,839	0,031042	22,430000	56,250000
3,087399	406,631981	8,890	0,032315	22,430000	56,250000
3,089911	407,621393	8,940	0,032729	22,430000	56,250000
3,092371	411,546333	8,990	0,034370	22,430000	56,250000
3,094916	413,397830	9,040	0,035144	22,430000	56,250000
3,097413	416,412792	9,090	0,036404	22,430000	56,250000
3,099994	416,182669	9,145	0,036308	22,430000	56,250000
3,102431	420,788633	9,196	0,038233	22,430000	56,250000
3,104923	421,120384	9,246	0,038372	22,430000	56,250000
3,107390	423,328162	9,296	0,039294	22,430000	56,235000
3,109923	427,767083	9,352	0,041150	22,430000	56,235000
3,112432	428,408390	9,402	0,041418	22,430000	56,235000
3,114914	430,284418	9,485	0,042202	22,430000	56,235000
3,117400	432,981646	9,536	0,043330	22,430000	56,235000
3,119927	435,507158	9,586	0,044385	22,430000	56,235000
3,122426	437,571256	9,636	0,045248	22,430000	56,235000
3,124933	440,199565	9,687	0,046347	22,430000	56,235000
3,127394	442,223946	9,737	0,047193	22,430000	56,235000
3,129930	444,852254	9,787	0,048292	22,430000	56,235000
3,132430	444,852254	9,838	0,048292	22,430000	56,235000
3,134898	451,822527	9,888	0,051205	22,430000	56,235000
3,137378	453,983581	9,938	0,052108	22,430000	56,235000
3,139931	454,109739	9,988	0,052161	22,430000	56,235000
3,142390	458,659633	10,038	0,054063	22,430000	56,235000
3,144895	458,936481	10,089	0,054179	22,430000	56,235000
3,147424	463,280783	10,140	0,055995	22,430000	56,235000
3,149932	463,573985	10,190	0,056117	22,430000	56,235000
3,152463	467,854039	10,240	0,057906	22,430000	56,235000
3,154975	468,092339	10,290	0,058006	22,430000	56,235000
3,157399	472,072182	10,340	0,059669	22,430000	56,235000
3,159898	472,514905	10,390	0,059854	22,430000	56,235000
3,162462	477,160586	10,440	0,061796	22,430000	56,235000
3,164958	477,793716	10,491	0,062061	22,430000	56,235000
3,167392	481,662586	10,542	0,063678	22,430000	56,235000
3,169875	482,272353	10,592	0,063933	22,430000	56,235000
3,172412	485,904091	10,642	0,065451	22,430000	56,235000
3,174922	487,146989	10,693	0,065971	22,430000	56,235000
3,177406	490,960956	10,744	0,067565	22,430000	56,235000
3,179943	491,879112	10,795	0,067949	22,430000	56,235000
3,182399	494,536623	10,846	0,069060	22,430000	56,235000
3,184990	496,341395	10,897	0,069814	22,430000	56,235000
3,187428	499,182304	10,948	0,071001	22,430000	56,235000
3,189888	501,444985	10,998	0,071947	22,430000	56,235000
3,192379	503,495066	11,048	0,072804	22,430000	56,235000
3,194872	506,018242	11,098	0,073859	22,430000	56,235000
3,197430	508,273914	11,149	0,074802	22,430000	56,235000
3,199905	510,750364	11,199	0,075837	22,430000	56,235000
3,202444	513,306248	11,250	0,076905	22,430000	56,235000
3,204872	515,372682	11,301	0,077769	22,430000	56,250000
3,207433	517,840956	11,351	0,078801	22,430000	56,250000
3,209883	520,277690	11,401	0,079819	22,430000	56,250000
3,212377	522,493645	11,451	0,080746	22,430000	56,250000
3,214938	524,479478	11,502	0,081576	22,430000	56,250000
3,217424	529,259495	11,553	0,083574	22,430000	56,250000
3,219934	530,240730	11,603	0,083984	22,430000	56,250000
3,222401	533,991617	11,653	0,085552	22,430000	56,250000
3,224884	535,019578	11,703	0,085981	22,430000	56,250000
3,227427	539,134924	11,753	0,087702	22,430000	56,250000
3,229894	539,554286	11,803	0,087877	22,430000	56,250000
3,232406	543,692995	11,853	0,089607	22,430000	56,250000
3,234907	544,041100	11,903	0,089752	22,430000	56,250000
3,237367	548,440304	11,953	0,091591	22,430000	56,250000
3,239898	549,041894	12,003	0,091843	22,430000	56,250000
3,242428	553,124533	12,054	0,093549	22,430000	56,250000
3,244898	553,323116	12,105	0,093632	22,430000	56,250000
3,247379	557,651063	12,155	0,095441	22,430000	56,250000
3,249823	557,698957	12,205	0,095461	22,430000	56,250000
3,252384	562,406549	12,255	0,097429	22,430000	56,250000
3,254932	562,549062	12,305	0,097489	22,430000	56,250000
3,257342	567,170212	12,355	0,099420	22,430000	56,250000
3,259812	567,367627	12,405	0,099503	22,430000	56,250000
3,262482	571,822901	12,455	0,101365	22,430000	56,250000
3,264857	571,894157	12,505	0,101395	22,430000	56,250000
3,267368	576,437042	12,555	0,103294	22,430000	56,250000
3,269865	576,697537	12,605	0,103403	22,430000	56,250000
3,272362	581,089732	12,655	0,105239	22,430000	56,250000
3,274895	581,318686	12,706	0,105334	22,430000	56,250000
3,277402	586,137251	12,756	0,107349	22,430000	56,250000
3,279857	586,122066	12,806	0,107342	22,430000	56,250000
3,282409	588,210695	12,856	0,108215	22,430000	56,250000
3,284883	590,956985	12,906	0,109363	22,430000	56,250000
3,287422	593,133224	12,956	0,110273	22,430000	56,250000
3,289914	595,838629	13,006	0,111404	22,430000	56,250000
3,292415	597,801099	13,056	0,112224	22,430000	56,250000
3,294816	600,159568	13,107	0,113210	22,430000	56,250000
3,297353	602,589292	13,157	0,114226	22,430000	56,250000
3,299924	604,923230	13,207	0,115201	22,430000	56,250000
3,302383	608,816631	13,257	0,116829	22,430000	56,250000
3,304897	611,831592	13,307	0,118089	22,430000	56,250000
3,307425	612,930809	13,358	0,118548	22,430000	56,250000
3,309884	616,705059	13,408	0,120126	22,430000	56,250000
3,312340	617,409446	13,458	0,120420	22,430000	56,250000
3,314879	621,311023	13,508	0,122051	22,430000	56,250000
3,317421	621,944154	13,559	0,122316	22,430000	56,250000
3,319851	625,900634	13,609	0,123970	22,430000	56,250000
3,322337	626,548950	13,659	0,124241	22,430000	56,250000
3,324853	631,107020	13,710	0,126146	22,430000	56,250000
3,327374	631,067303	13,760	0,126129	22,430000	56,250000
3,329852	635,673267	13,810	0,128055	22,430000	56,250000
3,332403	635,902222	13,860	0,128150	22,430000	56,250000
3,334811	640,594628	13,910	0,130112	22,430000	56,250000
3,337330	640,136719	13,961	0,129920	22,430000	56,250000
3,339877	645,074434	14,011	0,131984	22,430000	56,250000
3,342375	645,034717	14,062	0,131968	22,430000	56,250000
3,344840	649,671053	14,113	0,133906	22,430000	56,250000
3,347394	649,773849	14,163	0,133949	22,430000	56,250000
3,349883	654,386822	14,213	0,135877	22,430000	56,250000
3,352386	655,051491	14,263	0,136155	22,430000	56,250000
3,354885	656,785007	14,314	0,136879	22,430000	56,250000
3,357354	659,332713	14,364	0,137944	22,430000	56,250000
3,359860	663,685192	14,414	0,139764	22,430000	56,250000
3,362341	663,890784	14,465	0,139850	22,430000	56,250000
3,364880	666,153465	14,515	0,140795	22,430000	56,250000
3,367366	669,002551	14,565	0,141986	22,430000	56,250000
3,369862	670,671819	14,616	0,142684	22,430000	56,250000
3,372367	673,252233	14,666	0,143763	22,430000	56,250000
3,374877	675,705321	14,716	0,144788	22,430000	56,250000
3,377388	680,475992	14,766	0,146782	22,430000	56,250000
3,379867	681,347423	14,817	0,147146	22,430000	56,250000
3,382394	684,851834	14,867	0,148611	22,430000	56,250000
3,384840	685,382168	14,917	0,148833	22,430000	56,250000
3,387419	689,655213	14,967	0,150619	22,430000	56,250000
3,389913	691,728656	15,017	0,151486	22,430000	56,250000
3,392378	694,481955	15,067	0,152637	22,430000	56,250000
3,394875	696,152390	15,117	0,153335	22,430000	56,250000
3,397373	696,571752	15,167	0,153510	22,430000	56,250000
3,399864	700,931239	15,217	0,155333	22,430000	56,250000
3,402358	701,216264	15,268	0,155452	22,420000	56,250000
3,404854	704,864356	15,318	0,156977	22,420000	56,250000
3,407346	708,393298	15,368	0,158452	22,420000	56,250000
3,409887	710,205078	15,450	0,159209	22,420000	56,250000
3,412372	710,972544	15,500	0,159530	22,420000	56,250000
3,414829	715,341376	15,550	0,161356	22,420000	56,250000
3,417300	715,546968	15,600	0,161442	22,420000	56,250000
3,419868	717,413651	15,650	0,162222	22,420000	56,250000
3,422344	720,721815	15,701	0,163605	22,420000	56,250000
3,424839	722,051155	15,751	0,164161	22,420000	56,250000
3,427357	725,674716	15,801	0,165675	22,420000	56,250000
3,429853	726,894251	15,852	0,166185	22,420000	56,250000
3,432320	729,909212	15,903	0,167445	22,420000	56,250000
3,434843	731,847152	15,954	0,168255	22,420000	56,250000
3,437324	734,711423	16,004	0,169453	22,420000	56,250000
3,439828	736,816406	16,054	0,170333	22,420000	56,250000
3,442324	738,913212	16,104	0,171209	22,420000	56,250000
3,444792	741,406016	16,154	0,172251	22,420000	56,250000
3,447325	744,089227	16,204	0,173373	22,420000	56,250000
3,449844	745,892830	16,254	0,174126	22,420000	56,250000
3,452354	748,408997	16,305	0,175178	22,420000	56,250000
3,454830	752,215956	16,356	0,176770	22,420000	56,250000
3,457359	755,491412	16,406	0,178139	22,420000	56,250000
3,459841	756,670062	16,456	0,178631	22,420000	56,250000
3,462347	760,081022	16,506	0,180057	22,420000	56,250000
3,464809	762,565649	16,556	0,181096	22,420000	56,250000
3,467323	765,144896	16,606	0,182174	22,420000	56,250000
3,469928	766,079405	16,656	0,182564	22,420000	56,250000
3,472375	769,371215	16,706	0,183940	22,420000	56,250000
3,474832	771,934108	16,756	0,185012	22,420000	56,250000
3,477346	772,346460	16,806	0,185184	22,420000	56,250000
3,479819	776,001561	16,856	0,186712	22,420000	56,250000
3,482320	776,967610	16,906	0,187116	22,420000	56,250000
3,484865	780,796763	16,956	0,188716	22,420000	56,250000
3,487351	780,971983	17,006	0,188790	22,420000	56,250000
3,489864	785,014905	17,057	0,190479	22,420000	56,250000
3,492342	785,750832	17,108	0,190787	22,420000	56,250000
3,494846	789,145438	17,159	0,192206	22,420000	56,250000
3,497378	790,562388	17,209	0,192798	22,420000	56,250000
3,499861	793,370589	17,261	0,193972	22,420000	56,250000
3,502337	796,299108	17,311	0,195196	22,420000	56,250000
3,504791	797,777970	17,363	0,195814	22,420000	56,250000
3,507348	800,152792	17,413	0,196807	22,420000	56,250000
3,509821	802,178342	17,477	0,197654	22,420000	56,250000
3,512292	804,757588	17,528	0,198732	22,420000	56,250000
3,514833	807,013261	17,579	0,199675	22,420000	56,250000
3,517297	809,963975	17,629	0,200908	22,420000	56,250000
3,519867	812,488319	17,679	0,201963	22,420000	56,250000
3,522301	816,358356	17,729	0,203581	22,420000	56,250000
3,524840	816,959947	17,779	0,203833	22,420000	56,250000
3,527338	821,311257	17,829	0,205651	22,420000	56,250000
3,529839	821,588106	17,879	0,205767	22,420000	56,250000
3,532327	825,789894	17,929	0,207523	22,420000	56,250000
3,534773	827,230207	17,980	0,208125	22,420000	56,250000
3,537320	830,475292	18,030	0,209482	22,420000	56,250000
3,539832	830,616636	18,081	0,209541	22,420000	56,250000
3,542334	835,285680	18,131	0,211493	22,420000	56,250000
3,544854	835,277503	18,181	0,211489	22,420000	56,250000
3,547325	839,606618	18,232	0,213299	22,420000	56,250000
3,549861	840,208209	18,282	0,213550	22,420000	56,250000
3,552316	842,479067	18,332	0,214500	22,420000	56,250000
3,554819	845,659904	18,382	0,215829	22,420000	56,250000
3,557325	846,965881	18,432	0,216375	22,420000	56,250000
3,559808	849,323181	18,482	0,217360	22,420000	56,250000
3,562305	851,594040	18,532	0,218310	22,420000	56,250000
3,564801	854,078667	18,582	0,219348	22,420000	56,250000
3,567336	856,271260	18,633	0,220265	22,420000	56,250000
3,569838	858,707994	18,684	0,221283	22,420000	56,250000
3,572325	861,177435	18,735	0,222315	22,420000	56,250000
3,574839	864,001991	18,793	0,223496	22,420000	56,250000
3,577343	865,956284	18,843	0,224313	22,420000	56,250000
3,579845	869,841507	18,893	0,225937	22,420000	56,250000
3,582291	870,253860	18,944	0,226109	22,420000	56,250000
3,584766	874,518728	18,994	0,227892	22,420000	56,250000
3,587313	874,803753	19,044	0,228011	22,420000	56,250000
3,589795	877,097974	19,094	0,228970	22,420000	56,250000
3,592376	879,653858	19,144	0,230039	22,420000	56,250000
3,594820	881,679407	19,199	0,230885	22,420000	56,250000
3,597325	884,291361	19,249	0,231977	22,420000	56,250000
3,599880	887,416128	19,299	0,233283	22,430000	56,250000
3,602295	888,952228	19,350	0,233925	22,430000	56,250000
3,604810	891,768606	19,400	0,235103	22,430000	56,250000
3,607309	893,794156	19,451	0,235949	22,430000	56,250000
3,609800	898,708508	19,501	0,238003	22,430000	56,250000
3,612325	899,918698	19,552	0,238509	22,430000	56,250000
3,614809	903,132242	19,602	0,239853	22,430000	56,250000
3,617327	905,126252	19,652	0,240686	22,430000	56,250000
3,619792	905,466180	19,702	0,240828	22,430000	56,250000
3,622305	910,158586	19,752	0,242790	22,430000	56,250000
3,624780	909,968180	19,802	0,242710	22,430000	56,250000
3,627301	914,375561	19,853	0,244552	22,430000	56,250000
3,629829	915,159381	19,904	0,244880	22,430000	56,250000
3,632299	919,748991	19,954	0,246798	22,430000	56,250000
3,634763	920,516457	20,005	0,247119	22,430000	56,250000
3,637291	923,262747	20,055	0,248267	22,430000	56,250000
3,639779	924,386494	20,105	0,248737	22,430000	56,250000
3,642340	928,563752	20,155	0,250483	22,430000	56,250000
3,644833	928,888494	20,205	0,250619	22,430000	56,250000
3,647335	932,899877	20,255	0,252295	22,430000	56,250000
3,649815	933,533007	20,305	0,252560	22,430000	56,250000
3,652290	938,233590	20,355	0,254525	22,430000	56,250000
3,654818	938,099254	20,406	0,254469	22,430000	56,250000
3,657292	941,621187	20,456	0,255941	22,430000	56,250000
3,659806	942,846563	20,507	0,256453	22,430000	56,250000
3,659797	945,458517	20,557	0,257545	22,430000	56,250000
3,659799	945,331190	20,607	0,257492	22,430000	56,250000
3,659804	945,236571	20,657	0,257452	22,430000	56,250000
3,659784	945,125598	20,707	0,257406	22,430000	56,250000
3,659790	944,991262	20,757	0,257350	22,430000	56,250000
3,659785	945,228394	20,808	0,257449	22,430000	56,250000
3,659802	945,047333	20,858	0,257373	22,430000	56,250000
3,659763	944,951546	20,908	0,257333	22,430000	56,250000
3,659820	944,785670	20,958	0,257264	22,430000	56,250000
3,659812	944,500645	21,008	0,257145	22,430000	56,250000
3,659834	944,722591	21,058	0,257237	22,430000	56,250000
3,659755	944,745954	21,109	0,257247	22,430000	56,250000
3,659743	944,580078	21,159	0,257178	22,430000	56,250000
3,659794	944,460928	21,210	0,257128	22,430000	56,250000
3,659833	944,469105	21,260	0,257131	22,430000	56,250000
3,659802	944,469105	21,310	0,257131	22,430000	56,250000
3,659815	944,508822	21,360	0,257148	22,430000	56,250000
3,659858	944,596432	21,410	0,257185	22,430000	56,250000
3,659813	944,374486	21,461	0,257092	22,430000	56,250000
3,659832	944,049744	21,511	0,256956	22,430000	56,250000
3,659805	944,351123	21,562	0,257082	22,430000	56,250000
3,659836	944,286876	21,613	0,257055	22,430000	56,250000
3,659814	944,263513	21,664	0,257045	22,430000	56,250000
3,659778	944,311407	21,715	0,257065	22,430000	56,250000
3,659835	944,026381	21,765	0,256946	22,430000	56,250000
3,659819	944,066098	21,815	0,256963	22,430000	56,250000
3,659822	944,104646	21,866	0,256979	22,430000	56,250000
3,659742	944,073107	21,916	0,256966	22,430000	56,250000
3,659750	943,915408	21,966	0,256900	22,430000	56,250000
3,659794	944,041567	22,024	0,256953	22,430000	56,250000
3,659766	944,073107	22,075	0,256966	22,430000	56,250000
3,659795	943,931762	22,125	0,256907	22,430000	56,250000
3,659853	943,835975	22,175	0,256867	22,430000	56,250000
3,659753	943,764719	22,226	0,256837	22,430000	56,250000
3,659818	943,274101	22,276	0,256632	22,430000	56,250000
3,659769	943,685285	22,327	0,256804	22,430000	56,250000
3,659841	943,338349	22,377	0,256659	22,430000	56,250000
3,659791	943,733179	22,432	0,256824	22,430000	56,250000
3,659769	943,781072	22,482	0,256844	22,430000	56,250000
3,659769	943,361711	22,532	0,256668	22,430000	56,250000
3,659835	943,368720	22,582	0,256671	22,430000	56,250000
3,659818	943,574312	22,633	0,256757	22,430000	56,250000
3,659766	943,353534	22,683	0,256665	22,430000	56,250000
3,659760	943,361711	22,733	0,256668	22,430000	56,250000
3,659810	943,305641	22,784	0,256645	22,430000	56,250000
3,659759	943,456330	22,835	0,256708	22,430000	56,250000
3,659828	943,211022	22,885	0,256605	22,430000	56,250000
3,659801	943,211022	22,935	0,256605	22,430000	56,250000
3,659866	943,211022	22,986	0,256605	22,430000	56,250000
3,659755	943,068509	23,037	0,256546	22,430000	56,250000
3,659820	943,020615	23,088	0,256526	22,430000	56,250000
3,659819	943,242561	23,138	0,256619	22,430000	56,250000
3,659833	942,980899	23,199	0,256509	22,430000	56,250000
3,659777	942,949359	23,249	0,256496	22,430000	56,250000
3,659784	942,894456	23,299	0,256473	22,430000	56,250000
3,659832	942,862917	23,350	0,256460	22,430000	56,250000
3,659798	942,879271	23,400	0,256467	22,430000	56,250000
3,659795	942,815023	23,450	0,256440	22,430000	56,250000
3,659808	942,949359	23,500	0,256496	22,430000	56,250000
3,659749	942,854740	23,551	0,256457	22,430000	56,250000
3,659845	942,894456	23,601	0,256473	22,430000	56,250000
3,659827	942,665502	23,651	0,256377	22,430000	56,250000
3,659763	942,728581	23,701	0,256404	22,430000	56,250000
3,659808	942,791660	23,752	0,256430	22,430000	56,250000
3,659857	942,728581	23,803	0,256404	22,430000	56,250000
3,659866	942,569714	23,853	0,256337	22,430000	56,250000
3,659818	942,561537	23,903	0,256334	22,430000	56,250000
3,659778	942,420193	23,953	0,256275	22,430000	56,250000
3,659790	942,657325	24,005	0,256374	22,430000	56,250000
3,659807	942,340760	24,055	0,256242	22,430000	56,250000
3,659817	942,561537	24,105	0,256334	22,430000	56,250000
3,659740	942,625785	24,155	0,256361	22,430000	56,250000
3,659833	942,483272	24,205	0,256301	22,430000	56,250000
3,659789	942,277680	24,255	0,256215	22,430000	56,250000
3,659801	942,459910	24,305	0,256292	22,430000	56,250000
3,659780	942,427202	24,355	0,256278	22,430000	56,250000
3,659816	942,324406	24,405	0,256235	22,430000	56,250000
3,659809	942,324406	24,455	0,256235	22,430000	56,250000
3,659805	942,072088	24,505	0,256129	22,430000	56,250000
3,659789	942,443556	24,555	0,256285	22,430000	56,250000
3,659789	942,024194	24,605	0,256109	22,430000	56,250000
3,659825	942,253149	24,655	0,256205	22,430000	56,250000
3,659835	942,332583	24,705	0,256238	22,430000	56,250000
3,659853	942,174884	24,756	0,256172	22,430000	56,250000
3,659841	942,269503	24,807	0,256212	22,430000	56,250000
3,659793	942,387485	24,857	0,256261	22,430000	56,250000
3,659807	941,841965	24,907	0,256033	22,430000	56,250000
3,659780	941,992655	24,957	0,256096	22,430000	56,250000
3,659781	942,032371	25,007	0,256113	22,430000	56,250000
3,659801	941,739169	25,057	0,255990	22,430000	56,250000
3,659769	942,063911	25,107	0,256126	22,430000	56,250000
3,659802	942,103628	25,158	0,256143	22,430000	56,250000
3,659817	941,739169	25,208	0,255990	22,430000	56,250000
3,659795	941,881682	25,259	0,256050	22,430000	56,250000
3,659794	941,921398	25,309	0,256066	22,430000	56,260000
3,659790	941,621187	25,359	0,255941	22,430000	56,260000
3,659810	941,628196	25,410	0,255944	22,430000	56,260000
3,659814	941,722815	25,460	0,255983	22,430000	56,260000
3,659822	941,470498	25,510	0,255878	22,430000	56,260000
3,659830	941,621187	25,560	0,255941	22,430000	56,260000
3,659795	941,747346	25,611	0,255994	22,430000	56,260000
3,659807	941,818602	25,662	0,256023	22,430000	56,260000
3,659826	941,944761	25,713	0,256076	22,430000	56,260000
3,659810	941,739169	25,763	0,255990	22,430000	56,260000
3,659832	941,667913	25,814	0,255960	22,430000	56,260000
3,659863	941,707629	25,864	0,255977	22,430000	56,260000
3,659777	941,445967	25,914	0,255868	22,430000	56,260000
3,659790	941,588479	25,964	0,255927	22,430000	56,260000
3,659794	941,359525	26,015	0,255832	22,430000	56,260000
3,659806	941,303454	26,065	0,255808	22,430000	56,260000
3,659867	941,470498	26,115	0,255878	22,430000	56,260000
3,659849	941,613010	26,165	0,255937	22,430000	56,260000
3,659757	941,437790	26,215	0,255864	22,430000	56,260000
3,659788	941,232198	26,265	0,255778	22,430000	56,260000
3,659804	941,477506	26,315	0,255881	22,430000	56,260000
3,659822	941,208835	26,366	0,255769	22,430000	56,260000
3,659839	941,137578	26,416	0,255739	22,430000	56,260000
3,659806	941,375878	26,466	0,255838	22,430000	56,260000
3,659736	941,367701	26,516	0,255835	22,430000	56,260000
3,659827	941,382887	26,566	0,255841	22,430000	56,260000
3,659806	941,573294	26,616	0,255921	22,430000	56,260000
3,659796	941,327985	26,667	0,255818	22,430000	56,260000
3,659798	941,225189	26,717	0,255775	22,430000	56,260000
3,659786	941,225189	26,767	0,255775	22,430000	56,260000
3,659815	941,137578	26,817	0,255739	22,430000	56,260000
3,659827	941,097862	26,868	0,255722	22,430000	56,260000
3,659798	941,122393	26,919	0,255732	22,430000	56,260000
3,659750	941,122393	26,969	0,255732	22,430000	56,260000
3,659803	941,018429	27,019	0,255689	22,430000	56,260000
3,659819	941,042959	27,069	0,255699	22,430000	56,260000
3,659802	940,757934	27,119	0,255580	22,430000	56,260000
3,659781	941,034782	27,170	0,255696	22,430000	56,260000
3,659820	940,931986	27,220	0,255653	22,430000	56,260000
3,659790	940,892270	27,270	0,255636	22,430000	56,235000
3,659843	940,852553	27,320	0,255620	22,430000	56,235000
3,659818	940,844376	27,370	0,255616	22,430000	56,235000
3,659831	940,948340	27,420	0,255660	22,430000	56,235000
3,659775	940,971703	27,470	0,255669	22,430000	56,235000
3,659819	940,655138	27,520	0,255537	22,430000	56,235000
3,659806	940,852553	27,570	0,255620	22,430000	56,235000
3,659766	940,916801	27,621	0,255646	22,430000	56,235000
3,659823	940,520802	27,672	0,255481	22,430000	56,235000
3,659810	940,844376	27,722	0,255616	22,430000	56,235000
3,659848	940,837367	27,773	0,255613	22,430000	56,235000
3,659758	940,782465	27,824	0,255590	22,430000	56,235000
3,659790	940,449546	27,874	0,255451	22,430000	56,235000
3,659790	940,363104	27,924	0,255415	22,430000	56,235000
3,659846	940,703032	27,974	0,255557	22,430000	56,235000
3,659746	940,829190	28,026	0,255610	22,430000	56,235000
3,659750	940,726394	28,076	0,255567	22,430000	56,235000
3,659854	940,575705	28,126	0,255504	22,430000	56,235000
3,659837	940,734571	28,176	0,255570	22,430000	56,235000
3,659791	940,694855	28,226	0,255554	22,430000	56,235000
3,659807	940,552342	28,276	0,255494	22,430000	56,235000
3,659807	940,860730	28,326	0,255623	22,430000	56,235000
3,659799	940,457723	28,376	0,255455	22,430000	56,235000
3,659777	940,552342	28,426	0,255494	22,430000	56,235000
3,659795	940,346750	28,476	0,255408	22,430000	56,235000
3,659831	940,734571	28,526	0,255570	22,430000	56,235000
3,659747	940,535988	28,576	0,255487	22,430000	56,235000
3,659746	940,290679	28,626	0,255385	22,430000	56,235000
3,659799	940,315210	28,677	0,255395	22,430000	56,235000
3,659791	940,552342	28,728	0,255494	22,430000	56,235000
3,659791	940,346750	28,779	0,255408	22,430000	56,235000
3,659768	940,124804	28,835	0,255315	22,430000	56,235000
3,659782	940,615421	28,885	0,255521	22,430000	56,235000
3,659763	940,346750	28,935	0,255408	22,430000	56,235000
3,659828	940,275493	28,985	0,255378	22,430000	56,235000
3,659826	940,370113	29,035	0,255418	22,430000	56,235000
3,659778	940,085087	29,086	0,255299	22,430000	56,235000
3,659781	940,323387	29,136	0,255398	22,430000	56,235000
3,659803	940,457723	29,186	0,255455	22,430000	56,235000
3,659843	940,259140	29,238	0,255372	22,430000	56,235000
3,659814	940,338573	29,288	0,255405	22,430000	56,260000
3,659834	940,212414	29,339	0,255352	22,430000	56,260000
3,659764	939,998645	29,389	0,255263	22,430000	56,260000
3,659733	940,045370	29,439	0,255282	22,430000	56,260000
3,659809	940,149335	29,490	0,255326	22,430000	56,260000
3,659772	940,053547	29,541	0,255286	22,430000	56,260000
3,659859	940,078078	29,595	0,255296	22,430000	56,260000
3,659780	939,927389	29,645	0,255233	22,430000	56,260000
3,659836	939,856132	29,695	0,255203	22,430000	56,260000
3,659816	940,101441	29,746	0,255306	22,430000	56,260000
3,659760	939,958928	29,796	0,255246	22,430000	56,260000
3,659791	939,950751	29,846	0,255243	22,430000	56,260000
3,659808	940,061724	29,897	0,255289	22,430000	56,260000
3,659779	940,038362	29,948	0,255279	22,430000	56,260000
3,659780	939,428594	30,003	0,255024	22,430000	56,260000
3,659807	940,069901	30,053	0,255292	22,430000	56,260000
3,659795	940,093264	30,103	0,255302	22,430000	56,260000
3,659763	939,760345	30,154	0,255163	22,430000	56,260000
3,659802	939,824593	30,204	0,255190	22,430000	56,260000
3,659770	939,808239	30,254	0,255183	22,430000	56,260000
3,659808	939,942574	30,304	0,255239	22,430000	56,260000
3,659828	939,839778	30,354	0,255196	22,430000	56,260000
3,659841	940,124804	30,405	0,255315	22,430000	56,260000
3,659835	939,911035	30,456	0,255226	22,430000	56,260000
3,659815	939,839778	30,506	0,255196	22,430000	56,260000
3,659802	939,958928	30,556	0,255246	22,430000	56,260000
3,659740	939,879495	30,606	0,255213	22,430000	56,260000
3,657292	939,658717	30,656	0,255121	22,430000	56,260000
3,654782	935,946378	30,707	0,253569	22,430000	56,260000
3,652282	932,568126	30,758	0,252157	22,430000	56,260000
3,649785	932,322817	30,808	0,252054	22,430000	56,260000
3,647290	930,146578	30,858	0,251145	22,430000	56,260000
3,644824	927,202873	30,908	0,249914	22,430000	56,260000
3,642290	925,129430	30,958	0,249047	22,430000	56,260000
3,639792	921,292100	31,008	0,247443	22,430000	56,260000
3,637299	920,564350	31,058	0,247139	22,430000	56,260000
3,634778	916,402278	31,108	0,245399	22,430000	56,260000
3,632324	915,421043	31,158	0,244989	22,430000	56,260000
3,629840	912,167782	31,209	0,243629	22,430000	56,260000
3,627308	910,768354	31,259	0,243044	22,430000	56,260000
3,624786	907,491730	31,309	0,241675	22,430000	56,260000
3,622340	905,774568	31,359	0,240957	22,430000	56,260000
3,619790	902,641625	31,409	0,239647	22,430000	56,260000
3,617332	901,169772	31,459	0,239032	22,430000	56,260000
3,614779	897,584760	31,509	0,237534	22,430000	56,260000
3,612273	893,683183	31,559	0,235903	22,430000	56,260000
3,609827	893,422688	31,609	0,235794	22,430000	56,260000
3,607320	889,164829	31,659	0,234014	22,430000	56,260000
3,604800	888,753645	31,709	0,233842	22,430000	56,260000
3,602290	884,006336	31,759	0,231858	22,430000	56,260000
3,599796	884,061238	31,811	0,231881	22,430000	56,260000
3,597276	879,297576	31,861	0,229890	22,430000	56,260000
3,594791	879,100161	31,911	0,229807	22,430000	56,260000
3,592342	874,518728	31,961	0,227892	22,430000	56,260000
3,589846	874,288605	32,012	0,227796	22,430000	56,260000
3,587316	872,001392	32,063	0,226840	22,430000	56,260000
3,584775	869,612552	32,113	0,225841	22,430000	56,260000
3,582349	867,088208	32,163	0,224786	22,430000	56,260000
3,579837	864,437706	32,213	0,223678	22,430000	56,260000
3,577293	862,245113	32,265	0,222762	22,430000	56,260000
3,574791	860,045511	32,315	0,221842	22,430000	56,260000
3,572298	856,112393	32,366	0,220198	22,430000	56,260000
3,569843	852,734141	32,416	0,218786	22,430000	56,260000
3,567299	852,449116	32,467	0,218667	22,430000	56,260000
3,564814	847,852497	32,517	0,216746	22,430000	56,260000
3,562307	847,819789	32,568	0,216732	22,430000	56,260000
3,559858	843,095843	32,618	0,214757	22,430000	56,260000
3,557285	843,024587	32,668	0,214728	22,430000	56,260000
3,554830	838,577490	32,718	0,212869	22,430000	56,260000
3,552305	835,839376	32,769	0,211724	22,430000	56,260000
3,549809	836,069499	32,819	0,211820	22,430000	56,260000
3,547321	832,809229	32,869	0,210458	22,430000	56,260000
3,544826	831,479889	32,920	0,209902	22,430000	56,260000
3,542346	828,362132	32,970	0,208599	22,430000	56,260000
3,539768	826,542174	33,020	0,207838	22,430000	56,260000
3,537311	823,575107	33,070	0,206598	22,430000	56,260000
3,534807	821,746972	33,120	0,205833	22,430000	56,260000
3,532328	818,779904	33,171	0,204593	22,430000	56,260000
3,529819	814,102684	33,221	0,202638	22,430000	56,260000
3,527357	814,221834	33,272	0,202688	22,430000	56,235000
3,524811	810,146204	33,323	0,200984	22,430000	56,235000
3,522320	809,370561	33,374	0,200660	22,430000	56,235000
3,519815	805,193303	33,424	0,198914	22,430000	56,235000
3,517342	804,805482	33,474	0,198752	22,430000	56,235000
3,514822	801,006700	33,524	0,197164	22,430000	56,235000
3,512348	797,525652	33,575	0,195709	22,430000	56,235000
3,509834	797,936836	33,625	0,195881	22,430000	56,235000
3,507288	795,150830	33,676	0,194716	22,430000	56,235000
3,504823	791,495729	33,726	0,193188	22,430000	56,235000
3,502317	790,403521	33,776	0,192732	22,430000	56,235000
3,499865	788,140840	33,826	0,191786	22,430000	56,235000
3,497321	785,402727	33,877	0,190642	22,430000	56,235000
3,494847	781,817715	33,927	0,189143	22,430000	56,235000
3,492318	778,588984	33,977	0,187793	22,430000	56,235000
3,489860	778,446471	34,035	0,187734	22,430000	56,235000
3,487319	774,086984	34,085	0,185912	22,430000	56,235000
3,484837	773,984188	34,135	0,185869	22,430000	56,235000
3,482303	770,059248	34,185	0,184228	22,430000	56,235000
3,479843	768,682014	34,235	0,183652	22,430000	56,235000
3,477377	765,216152	34,285	0,182204	22,430000	56,235000
3,474813	764,227908	34,335	0,181791	22,430000	56,235000
3,472296	761,236309	34,386	0,180540	22,430000	56,235000
3,469820	759,401166	34,443	0,179773	22,430000	56,235000
3,467352	756,875654	34,493	0,178717	22,430000	56,235000
3,464815	754,778848	34,543	0,177841	22,430000	56,235000
3,462294	752,151708	34,594	0,176743	22,430000	56,235000
3,459838	749,832956	34,645	0,175773	22,430000	56,235000
3,457284	745,276054	34,695	0,173869	22,430000	56,235000
3,454800	744,200200	34,746	0,173419	22,430000	56,235000
3,452327	741,707396	34,802	0,172377	22,430000	56,235000
3,449856	740,424781	34,852	0,171841	22,430000	56,235000
3,447302	735,534960	34,902	0,169797	22,430000	56,235000
3,444844	735,147139	34,952	0,169635	22,430000	56,235000
3,442364	730,874094	35,002	0,167849	22,430000	56,235000
3,439853	730,676678	35,053	0,167766	22,430000	56,235000
3,437354	726,269298	35,103	0,165924	22,430000	56,235000
3,434869	725,952733	35,153	0,165792	22,430000	56,235000
3,432309	723,277699	35,211	0,164673	22,430000	56,235000
3,429869	721,331583	35,261	0,163860	22,430000	56,235000
3,427284	718,585293	35,311	0,162712	22,430000	56,235000
3,424894	716,472133	35,361	0,161829	22,430000	56,235000
3,422290	711,590489	35,411	0,159788	22,430000	56,235000
3,419878	709,342993	35,461	0,158849	22,430000	56,235000
3,417337	709,074322	35,512	0,158736	22,430000	56,235000
3,414814	704,103899	35,563	0,156659	22,430000	56,235000
3,412360	704,595684	35,613	0,156864	22,430000	56,235000
3,409833	702,086526	35,663	0,155815	22,430000	56,235000
3,407344	699,379953	35,713	0,154684	22,430000	56,235000
3,404817	697,299501	35,763	0,153814	22,430000	56,235000
3,402312	694,909493	35,814	0,152815	22,430000	56,235000
3,399836	692,480936	35,864	0,151800	22,430000	56,235000
3,397333	690,248626	35,914	0,150867	22,430000	56,235000
3,394844	687,614477	35,964	0,149766	22,430000	56,235000
3,392316	682,794744	36,014	0,147751	22,430000	56,235000
3,389863	681,813509	36,064	0,147341	22,430000	56,235000
3,387376	678,094161	36,114	0,145787	22,430000	56,235000
3,384816	676,978590	36,165	0,145320	22,430000	56,235000
3,382311	673,330499	36,215	0,143795	22,430000	56,235000
3,379900	672,990571	36,266	0,143653	22,430000	56,235000
3,377377	668,733880	36,316	0,141874	22,430000	56,235000
3,374797	666,058846	36,366	0,140756	22,430000	56,235000
3,372361	666,304155	36,417	0,140858	22,430000	56,235000
3,369856	663,448060	36,467	0,139665	22,430000	56,235000
3,367354	661,667819	36,518	0,138920	22,430000	56,235000
3,364852	658,699583	36,568	0,137680	22,430000	56,235000
3,362385	656,919342	36,618	0,136936	22,430000	56,235000
3,359861	653,722152	36,668	0,135599	22,430000	56,235000
3,357336	651,981628	36,718	0,134872	22,430000	56,235000
3,354878	647,234319	36,768	0,132887	22,430000	56,235000
3,352351	646,616374	36,822	0,132629	22,430000	56,235000
3,349908	642,533736	36,873	0,130922	22,430000	56,235000
3,347389	642,470656	36,923	0,130896	22,430000	56,235000
3,344911	637,912586	36,974	0,128991	22,430000	56,235000
3,342367	637,327349	37,024	0,128746	22,430000	56,235000
3,339859	633,117384	37,075	0,126986	22,430000	56,235000
3,337347	632,855721	37,125	0,126877	22,430000	56,235000
3,334869	628,163315	37,176	0,124916	22,430000	56,235000
3,332352	628,187846	37,228	0,124926	22,430000	56,235000
3,329844	623,194060	37,279	0,122838	22,430000	56,235000
3,327357	623,550342	37,330	0,122987	22,430000	56,235000
3,324898	619,095068	37,380	0,121125	22,430000	56,235000
3,322372	619,197864	37,430	0,121168	22,430000	56,235000
3,319829	613,722806	37,480	0,118879	22,430000	56,235000
3,317340	613,817425	37,530	0,118919	22,430000	56,235000
3,314851	609,544380	37,581	0,117133	22,430000	56,235000
3,312328	606,719825	37,632	0,115952	22,430000	56,235000
3,309801	605,311052	37,683	0,115363	22,430000	56,235000
3,307369	601,750570	37,733	0,113875	22,430000	56,235000
3,304856	601,069546	37,783	0,113590	22,430000	56,235000
3,302366	597,152783	37,833	0,111953	22,430000	56,235000
3,299812	597,010270	37,883	0,111894	22,430000	56,235000
3,297376	592,500093	37,934	0,110008	22,430000	56,235000
3,294869	590,038829	37,984	0,108979	22,430000	56,235000
3,292389	590,173165	38,050	0,109036	22,430000	56,235000
3,289870	585,631448	38,101	0,107137	22,430000	56,235000
3,287378	585,212087	38,151	0,106962	22,430000	56,235000
3,284869	581,500916	38,202	0,105411	22,430000	56,235000
3,282348	580,575751	38,252	0,105024	22,430000	56,235000
3,279894	576,760616	38,302	0,103429	22,430000	56,235000
3,277371	575,882177	38,353	0,103062	22,430000	56,235000
3,274846	572,875392	38,403	0,101805	22,430000	56,235000
3,272375	571,166408	38,460	0,101091	22,430000	56,235000
3,269874	568,824294	38,510	0,100112	22,430000	56,235000
3,267371	566,664408	38,560	0,099209	22,430000	56,235000
3,264860	563,949658	38,611	0,098074	22,430000	56,235000
3,262337	561,630906	38,661	0,097105	22,430000	56,235000
3,259846	559,605357	38,711	0,096258	22,430000	56,235000
3,257370	556,772624	38,762	0,095074	22,430000	56,235000
3,254936	552,547473	38,817	0,093308	22,430000	56,235000
3,252313	552,468040	38,867	0,093275	22,430000	56,235000
3,249860	547,578218	38,917	0,091231	22,430000	56,235000
3,247353	547,871421	38,967	0,091354	22,430000	56,235000
3,244868	542,995617	39,018	0,089315	22,430000	56,235000
3,242370	542,300576	39,068	0,089025	22,430000	56,235000
3,239901	538,074256	39,118	0,087258	22,430000	56,235000
3,237391	537,805585	39,168	0,087146	22,430000	56,235000
3,234912	535,193630	39,219	0,086054	22,430000	56,235000
3,232412	533,121355	39,270	0,085188	22,430000	56,235000
3,229860	529,092451	39,320	0,083504	22,430000	56,235000
3,227339	528,238543	39,370	0,083147	22,430000	56,235000
3,224872	525,919791	39,420	0,082178	22,430000	56,235000
3,222342	523,443341	39,470	0,081143	22,430000	56,235000
3,219894	519,360702	39,520	0,079436	22,430000	56,235000
3,217373	516,416997	39,571	0,078206	22,430000	56,235000
3,214823	516,582872	39,621	0,078275	22,430000	56,235000
3,212340	514,058528	39,672	0,077220	22,430000	56,235000
3,209879	511,842573	39,723	0,076293	22,430000	56,235000
3,207387	509,452564	39,774	0,075294	22,430000	56,235000
3,204841	506,992468	39,824	0,074266	22,430000	56,235000
3,202370	504,760158	39,874	0,073333	22,430000	56,235000
3,199861	501,793090	39,924	0,072093	22,430000	56,235000
3,197356	497,559762	39,974	0,070323	22,430000	56,235000
3,194871	497,829602	40,024	0,070436	22,430000	56,235000
3,192348	495,114851	40,075	0,069301	22,430000	56,235000
3,189879	493,033231	40,125	0,068431	22,430000	56,235000
3,187402	490,992496	40,175	0,067578	22,430000	56,235000
3,184913	487,344404	40,225	0,066053	22,430000	56,235000
3,182387	485,555986	40,275	0,065306	22,430000	56,235000
3,179824	482,794511	40,325	0,064151	22,430000	56,235000
3,177393	478,766774	40,375	0,062468	22,430000	56,235000
3,174905	478,450209	40,425	0,062335	22,430000	56,235000
3,172341	474,122262	40,475	0,060526	22,430000	56,235000
3,169873	473,504317	40,525	0,060268	22,430000	56,235000
3,167350	469,556015	40,576	0,058618	22,430000	56,235000
3,164926	469,184547	40,627	0,058462	22,430000	56,235000
3,162361	464,729273	40,677	0,056600	22,430000	56,235000
3,159881	464,563397	40,727	0,056531	22,430000	56,235000
3,157357	460,179379	40,777	0,054698	22,430000	56,235000
3,154907	459,728478	40,827	0,054510	22,430000	56,235000
3,152368	457,512522	40,877	0,053583	22,430000	56,235000
3,149897	454,869028	40,928	0,052479	22,430000	56,235000
3,147445	452,788577	40,978	0,051609	22,430000	56,235000
3,144875	450,232693	41,028	0,050541	22,430000	56,235000
3,142422	450,232693	41,078	0,050541	22,430000	56,235000
3,139887	443,229712	41,128	0,047613	22,430000	56,235000
3,137410	440,791810	41,178	0,046594	22,430000	56,235000
3,134875	441,013756	41,228	0,046687	22,430000	56,235000
3,132394	436,352890	41,278	0,044739	22,430000	56,235000
3,129926	436,052678	41,329	0,044613	22,430000	56,235000
3,127370	431,391812	41,379	0,042665	22,430000	56,235000
3,124877	431,304202	41,430	0,042628	22,430000	56,235000
3,122427	427,213386	41,480	0,040918	22,430000	56,235000
3,119930	426,477460	41,530	0,040611	22,430000	56,235000
3,117395	422,734749	41,580	0,039046	22,430000	56,235000
3,114933	419,149736	41,630	0,037548	22,430000	56,235000
3,112422	417,591442	41,680	0,036896	22,430000	56,235000
3,109908	414,782072	41,730	0,035722	22,430000	56,235000
3,107402	412,796240	41,780	0,034892	22,430000	56,235000
3,104892	412,638541	41,830	0,034826	22,430000	56,235000
3,102368	408,506841	41,880	0,033099	22,430000	56,235000
3,099912	407,557145	41,930	0,032702	22,430000	56,235000
3,097352	402,864739	41,980	0,030741	22,430000	56,235000
3,094910	403,189481	42,030	0,030876	22,430000	56,235000
3,092359	398,956153	42,080	0,029107	22,430000	56,235000
3,089885	398,180510	42,130	0,028783	22,430000	56,235000
3,087396	393,963535	42,180	0,027020	22,430000	56,235000
3,084908	393,590900	42,231	0,026864	22,430000	56,235000
3,082383	389,848189	42,281	0,025300	22,430000	56,235000
3,079904	388,709255	42,331	0,024824	22,430000	56,235000
3,077407	383,960779	42,382	0,022839	22,430000	56,235000
3,074918	381,689920	42,433	0,021890	22,430000	56,235000
3,072418	381,358169	42,483	0,021751	22,430000	56,235000
3,069888	377,171567	42,533	0,020001	22,430000	56,235000
3,067374	376,475357	42,583	0,019710	22,430000	56,235000
3,064947	372,187126	42,634	0,017917	22,430000	56,235000
3,062414	372,052790	42,684	0,017861	22,430000	56,235000
3,059908	367,217872	42,734	0,015840	22,430000	56,235000
3,057409	365,096535	42,785	0,014954	22,430000	56,235000
3,054855	364,756607	42,843	0,014812	22,430000	56,235000
3,052334	360,452022	42,893	0,013012	22,430000	56,235000
3,049924	359,866786	42,943	0,012768	22,430000	56,235000
3,047417	355,355441	42,994	0,010882	22,430000	56,235000
3,044936	355,181388	43,044	0,010809	22,430000	56,235000
3,042391	351,280979	43,096	0,009179	22,430000	56,235000
3,039870	350,821901	43,146	0,008987	22,430000	56,235000
3,037390	346,485777	43,196	0,007174	22,430000	56,235000
3,034851	345,995159	43,254	0,006969	22,430000	56,235000
3,032422	343,336480	43,304	0,005858	22,430000	56,275000
3,029931	341,374009	43,354	0,005038	22,430000	56,275000
3,027443	338,864851	43,404	0,003989	22,430000	56,275000
3,024881	336,831125	43,455	0,003139	22,430000	56,275000
3,022422	334,346497	43,505	0,002100	22,430000	56,275000
3,019928	332,028914	43,555	0,001131	22,430000	56,275000
3,017473	329,480039	43,605	0,000066	22,430000	56,275000
3,014910	327,248897	43,655	-0,000867	22,430000	56,275000
3,012406	324,179033	43,705	-0,002150	22,430000	56,275000
3,009948	322,493412	43,755	-0,002854	22,430000	56,275000
3,007367	320,174660	43,805	-0,003824	22,430000	56,275000
3,004907	316,637541	43,856	-0,005302	22,430000	56,275000
3,002411	312,974264	43,906	-0,006833	22,430000	56,275000
2,999866	312,578265	43,956	-0,006999	22,430000	56,275000
2,997372	310,741954	44,024	-0,007767	22,430000	56,275000
2,994914	308,558706	44,075	-0,008679	22,430000	56,275000
2,992406	303,564920	44,125	-0,010767	22,430000	56,275000
2,989921	302,505420	44,175	-0,011209	22,430000	56,275000
2,987428	301,461106	44,225	-0,011646	22,430000	56,275000
2,984933	296,561939	44,275	-0,013694	22,430000	56,275000
2,982414	296,507037	44,326	-0,013717	22,430000	56,275000
2,979945	291,774914	44,376	-0,015695	22,430000	56,275000
2,977431	291,877710	44,426	-0,015652	22,430000	56,275000
2,974887	287,518223	44,477	-0,017474	22,430000	56,275000
2,972445	286,900278	44,527	-0,017732	22,430000	56,275000
2,969887	283,054772	44,577	-0,019340	22,430000	56,275000
2,967421	282,239412	44,628	-0,019681	22,430000	56,275000
2,964885	278,441799	44,679	-0,021268	22,430000	56,275000
2,962440	277,745589	44,729	-0,021559	22,430000	56,275000
2,959938	273,622066	44,779	-0,023283	22,430000	56,275000
2,957449	272,617468	44,830	-0,023703	22,430000	56,275000
2,954914	270,426043	44,880	-0,024619	22,430000	56,275000
2,952438	268,241627	44,930	-0,025532	22,430000	56,275000
2,949928	264,712685	44,981	-0,027007	22,430000	56,275000
2,947406	263,423062	45,031	-0,027546	22,430000	56,275000
2,944912	259,885943	45,081	-0,029024	22,430000	56,275000
2,942350	256,403727	45,132	-0,030480	22,430000	56,275000
2,939927	255,826667	45,183	-0,030721	22,430000	56,275000
2,937454	251,466012	45,233	-0,032544	22,430000	56,275000
2,934914	251,568808	45,285	-0,032501	22,430000	56,235000
2,932448	248,966199	45,336	-0,033589	22,430000	56,235000
2,930015	246,947658	45,386	-0,034433	22,430000	56,235000
2,927462	243,110328	45,437	-0,036037	22,430000	56,235000
2,924910	241,946864	45,487	-0,036523	22,430000	56,235000
2,922467	238,172613	45,537	-0,038101	22,430000	56,235000
2,919870	237,887588	45,587	-0,038220	22,430000	56,235000
2,917445	233,037483	45,637	-0,040247	22,430000	56,235000
2,914869	232,918333	45,687	-0,040297	22,430000	56,235000
2,912380	228,352086	45,737	-0,042206	22,430000	56,235000
2,909938	227,877822	45,787	-0,042404	22,430000	56,235000
2,907398	223,961059	45,837	-0,044041	22,430000	56,235000
2,904928	223,145699	45,887	-0,044382	22,430000	56,235000
2,902393	219,482422	45,938	-0,045913	22,430000	56,235000
2,899916	218,667062	45,988	-0,046254	22,430000	56,235000
2,897444	214,322761	46,038	-0,048070	22,430000	56,235000
2,894961	213,840320	46,088	-0,048271	22,430000	56,235000
2,892439	210,540333	46,139	-0,049651	22,430000	56,235000
2,889915	208,950499	46,189	-0,050315	22,430000	56,235000
2,887399	205,468283	46,239	-0,051771	22,430000	56,235000
2,884919	204,503402	46,289	-0,052174	22,430000	56,235000
2,882485	200,918389	46,339	-0,053673	22,430000	56,235000
2,879957	199,391634	46,389	-0,054311	22,430000	56,235000
2,877390	196,297239	46,439	-0,055604	22,430000	56,235000
2,874906	194,920006	46,489	-0,056180	22,430000	56,235000
2,872450	191,556940	46,539	-0,057586	22,430000	56,235000
2,869881	189,839778	46,589	-0,058304	22,430000	56,235000
2,867440	186,841171	46,639	-0,059557	22,430000	56,235000
2,864950	185,757140	46,689	-0,060010	22,430000	56,235000
2,862429	182,377719	46,739	-0,061423	22,430000	56,235000
2,859907	180,249374	46,789	-0,062312	22,430000	56,235000
2,857398	178,524036	46,839	-0,063034	22,430000	56,235000
2,854970	177,630411	46,890	-0,063407	22,430000	56,235000
2,852426	172,953190	46,940	-0,065362	22,430000	56,235000
2,849944	169,021241	46,991	-0,067006	22,430000	56,235000
2,847424	168,633420	47,041	-0,067168	22,430000	56,235000
2,844935	164,692126	47,091	-0,068815	22,430000	56,235000
2,842401	164,241225	47,142	-0,069004	22,430000	56,235000
2,839969	161,716881	47,192	-0,070059	22,430000	56,235000
2,837381	159,533633	47,255	-0,070972	22,430000	56,235000
2,834941	157,206704	47,305	-0,071944	22,430000	56,235000
2,832458	154,816696	47,355	-0,072943	22,430000	56,235000
2,829983	152,601908	47,405	-0,073869	22,430000	56,235000
2,827442	150,124290	47,455	-0,074905	22,430000	56,235000
2,824942	147,893148	47,505	-0,075837	22,430000	56,235000
2,822430	145,645653	47,556	-0,076777	22,430000	56,235000
2,819955	142,900531	47,617	-0,077924	22,430000	56,235000
2,817397	141,112113	47,667	-0,078672	22,430000	56,235000
2,814964	137,353048	47,717	-0,080243	22,430000	56,235000
2,812459	136,332097	47,767	-0,080670	22,430000	56,235000
2,809914	132,367440	47,818	-0,082327	22,430000	56,235000
2,807500	131,497178	47,868	-0,082691	22,430000	56,235000
2,804934	128,593189	47,918	-0,083905	22,430000	56,235000
2,802470	126,947284	47,968	-0,084593	22,430000	56,235000
2,799931	122,263055	48,027	-0,086551	22,430000	56,235000
2,797467	121,820331	48,077	-0,086736	22,430000	56,235000
2,794951	117,317163	48,127	-0,088618	22,430000	56,235000
2,792411	117,570649	48,177	-0,088512	22,430000	56,235000
2,789933	112,704190	48,227	-0,090546	22,430000	56,235000
2,787482	112,680828	48,277	-0,090556	22,430000	56,235000
2,784940	107,766475	48,327	-0,092610	22,430000	56,235000
2,782460	105,732749	48,378	-0,093460	22,430000	56,235000
2,779956	105,076256	48,433	-0,093735	22,430000	56,235000
2,777452	103,390634	48,483	-0,094439	22,430000	56,235000
2,774984	99,102404	48,533	-0,096232	22,430000	56,235000
2,772478	98,809201	48,584	-0,096354	22,430000	56,235000
2,769925	94,259308	48,634	-0,098256	22,430000	56,235000
2,767425	93,728974	48,684	-0,098478	22,430000	56,235000
2,764956	89,709414	48,734	-0,100158	22,430000	56,235000
2,762458	86,900045	48,784	-0,101333	22,430000	56,235000
2,759922	84,866318	48,834	-0,102183	22,430000	56,235000
2,757442	84,320798	48,884	-0,102411	22,430000	56,235000
2,754948	80,276708	48,934	-0,104101	22,430000	56,235000
2,752448	79,746374	48,984	-0,104323	22,430000	56,235000
2,749972	77,665922	49,034	-0,105192	22,430000	56,235000
2,747435	75,196481	49,084	-0,106225	22,430000	56,235000
2,744952	72,696668	49,134	-0,107270	22,430000	56,235000
2,742428	68,153783	49,184	-0,109168	22,430000	56,235000
2,739871	66,081508	49,234	-0,110035	22,430000	56,235000
2,737466	65,844376	49,284	-0,110134	22,430000	56,235000
2,734945	61,531614	49,334	-0,111937	22,430000	56,235000
2,732436	61,135616	49,384	-0,112102	22,430000	56,235000
2,729956	56,854394	49,434	-0,113892	22,430000	56,235000
2,727424	56,957190	49,484	-0,113849	22,430000	56,235000
2,724947	52,241421	49,534	-0,115820	22,430000	56,235000
2,722438	49,385326	49,584	-0,117014	22,430000	56,235000
2,719914	49,249822	49,634	-0,117070	22,430000	56,235000
2,717414	47,121477	49,684	-0,117960	22,430000	56,235000
2,714893	44,447611	49,734	-0,119078	22,430000	56,235000
2,712443	40,095133	49,785	-0,120897	22,430000	56,235000
2,709932	38,765793	49,836	-0,121453	22,430000	56,235000
2,707478	34,864216	49,886	-0,123083	22,430000	56,235000
2,704938	33,836255	49,936	-0,123513	22,430000	56,235000
2,702405	30,710321	49,986	-0,124820	22,430000	56,235000
2,699895	30,536268	50,036	-0,124893	22,430000	56,235000
2,697411	26,137065	50,087	-0,126731	22,430000	56,235000
2,694929	25,764429	50,137	-0,126887	22,430000	56,235000
2,692490	21,174819	50,187	-0,128806	22,430000	56,235000
2,689957	21,380411	50,238	-0,128720	22,430000	56,235000
2,687482	16,268643	50,288	-0,130856	22,430000	56,235000
2,685006	16,419333	50,339	-0,130793	22,430000	56,235000
2,682437	14,005962	50,389	-0,131802	22,430000	56,235000
2,680007	10,191995	50,454	-0,133396	22,430000	56,235000
2,677452	6,946911	50,504	-0,134753	22,430000	56,235000
2,674970	6,021746	50,554	-0,135140	22,430000	56,235000
2,672497	2,176239	50,604	-0,136747	22,430000	56,235000
2,669921	1,914576	50,654	-0,136856	22,430000	56,235000
2,667500	-2,262681	50,704	-0,138603	22,430000	56,235000
2,664928	-3,354889	50,754	-0,139059	22,430000	56,235000
2,662471	-6,013569	50,808	-0,140170	22,430000	56,235000
2,659983	-7,240113	50,858	-0,140683	22,430000	56,235000
