Quasi static measurement routine
Tip parameters (shape,radius, material...) 
22.08.2022

Piezo position[nm]	MEMS displ.[nm]	Time[ms]	Cap [pf]	Temp [°C]	Rh [%]
eoh
2,590066	0,316565	0,193	-0,132695	22,380000	52,345000
2,593324	3,006785	0,243	-0,131571	22,380000	52,345000
2,596653	3,243916	0,306	-0,131472	22,380000	52,345000
2,599962	7,011158	0,357	-0,129897	22,380000	52,345000
2,603269	10,271428	0,407	-0,128534	22,380000	52,345000
2,606665	16,213741	0,457	-0,126050	22,380000	52,345000
2,609986	16,245281	0,524	-0,126037	22,380000	52,345000
2,613326	19,394578	0,581	-0,124721	22,380000	52,345000
2,616660	26,097348	0,631	-0,121919	22,380000	52,345000
2,619968	26,366019	0,696	-0,121807	22,380000	52,345000
2,623257	32,316509	0,746	-0,119319	22,380000	52,345000
2,626643	32,379588	0,809	-0,119293	22,380000	52,345000
2,630021	38,860412	0,859	-0,116584	22,380000	52,345000
2,633328	40,158212	0,927	-0,116042	22,380000	52,345000
2,636639	41,772578	0,986	-0,115367	22,380000	52,345000
2,639985	45,460386	1,036	-0,113825	22,380000	52,345000
2,643290	48,293118	1,086	-0,112641	22,380000	52,345000
2,646670	51,545212	1,136	-0,111282	22,380000	52,345000
2,649986	56,831031	1,186	-0,109072	22,380000	52,345000
2,653339	58,231628	1,236	-0,108487	22,380000	52,345000
2,656633	61,389102	1,286	-0,107167	22,380000	52,345000
2,659964	66,547595	1,339	-0,105011	22,380000	52,345000
2,663276	68,090703	1,390	-0,104366	22,380000	52,345000
2,666671	72,537801	1,440	-0,102507	22,380000	52,345000
2,670001	75,758355	1,490	-0,101161	22,380000	52,345000
2,673263	80,236992	1,541	-0,099289	22,380000	52,345000
2,676663	82,113020	1,591	-0,098504	22,380000	52,345000
2,679993	83,094255	1,641	-0,098094	22,380000	52,345000
2,683299	89,804033	1,692	-0,095290	22,380000	52,345000
2,686672	92,558500	1,758	-0,094138	22,380000	52,345000
2,690013	95,343339	1,808	-0,092974	22,380000	52,345000
2,693283	95,897036	1,858	-0,092743	22,380000	52,345000
2,696685	101,404802	1,908	-0,090440	22,380000	52,345000
2,699963	102,614991	1,959	-0,089935	22,380000	52,345000
2,703315	107,292212	2,010	-0,087979	22,380000	52,345000
2,706679	108,882046	2,061	-0,087315	22,380000	52,345000
2,710028	113,598983	2,112	-0,085343	22,380000	52,345000
2,713346	114,754271	2,162	-0,084860	22,380000	52,345000
2,716662	118,956059	2,213	-0,083104	22,380000	52,345000
2,719976	121,384616	2,263	-0,082089	22,380000	52,345000
2,723315	125,546688	2,313	-0,080349	22,380000	52,345000
2,726693	127,739281	2,363	-0,079433	22,380000	52,345000
2,730007	131,924716	2,413	-0,077683	22,380000	52,345000
2,733310	134,338087	2,463	-0,076674	22,380000	52,345000
2,736682	137,464021	2,516	-0,075368	22,380000	52,345000
2,740025	143,106123	2,566	-0,073009	22,380000	52,345000
2,743366	147,299735	2,616	-0,071256	22,380000	52,345000
2,746661	148,581181	2,666	-0,070721	22,380000	52,345000
2,749986	153,677762	2,717	-0,068590	22,380000	52,345000
2,753290	154,350609	2,767	-0,068309	22,380000	52,345000
2,756666	159,992711	2,817	-0,065951	22,380000	52,345000
2,760053	162,873337	2,867	-0,064747	22,380000	52,345000
2,763280	163,165371	2,918	-0,064625	22,380000	52,345000
2,766642	166,607870	2,974	-0,063186	22,380000	52,345000
2,770011	169,654372	3,024	-0,061912	22,380000	52,345000
2,773271	172,953190	3,075	-0,060533	22,380000	52,345000
2,776677	178,691079	3,125	-0,058135	22,380000	52,345000
2,779971	179,062547	3,175	-0,057979	22,380000	52,345000
2,783297	182,377719	3,225	-0,056594	22,380000	52,345000
2,786586	188,732384	3,275	-0,053937	22,380000	52,345000
2,790028	191,818602	3,325	-0,052647	22,380000	52,345000
2,793345	192,047557	3,375	-0,052552	22,380000	52,345000
2,796629	197,989870	3,425	-0,050068	22,380000	52,345000
2,800039	198,448948	3,475	-0,049876	22,380000	52,345000
2,803323	202,050314	3,526	-0,048371	22,380000	52,345000
2,806657	205,009205	3,576	-0,047134	22,380000	52,345000
2,809967	210,358104	3,626	-0,044898	22,380000	52,345000
2,813286	210,944509	3,677	-0,044653	22,380000	52,345000
2,816640	214,496813	3,728	-0,043168	22,380000	52,345000
2,819946	217,622748	3,778	-0,041861	22,380000	52,345000
2,823282	223,137522	3,828	-0,039556	22,380000	52,345000
2,826565	224,879215	3,878	-0,038828	22,380000	52,345000
2,829971	229,777213	3,928	-0,036781	22,380000	52,345000
2,833348	230,322733	3,978	-0,036553	22,380000	52,345000
2,836630	235,387775	4,028	-0,034436	22,380000	52,345000
2,839958	236,684407	4,078	-0,033894	22,380000	52,345000
2,843361	240,079013	4,128	-0,032475	22,380000	52,345000
2,846642	243,355637	4,178	-0,031105	22,380000	52,345000
2,849968	248,056220	4,229	-0,029140	22,380000	52,345000
2,853301	249,859824	4,280	-0,028386	22,380000	52,345000
2,856616	253,642251	4,331	-0,026805	22,380000	52,345000
2,859949	259,229450	4,381	-0,024470	22,380000	52,345000
2,863355	259,624280	4,432	-0,024305	22,380000	52,345000
2,866623	265,218488	4,483	-0,021966	22,380000	52,345000
2,869988	268,874757	4,534	-0,020438	22,380000	52,345000
2,873300	271,557968	4,584	-0,019316	22,380000	52,345000
2,876684	272,158390	4,634	-0,019065	22,380000	52,345000
2,879987	277,967535	4,684	-0,016637	22,380000	52,345000
2,883261	278,370542	4,734	-0,016469	22,380000	52,345000
2,886646	284,685491	4,784	-0,013829	22,380000	52,345000
2,889970	284,763756	4,834	-0,013796	22,380000	52,345000
2,893291	291,149961	4,884	-0,011127	22,380000	52,345000
2,896616	291,213040	4,934	-0,011101	22,380000	52,345000
2,900018	297,266326	4,984	-0,008570	22,380000	52,345000
2,903324	297,266326	5,034	-0,008570	22,380000	52,345000
2,906603	303,818406	5,084	-0,005832	22,380000	52,345000
2,910003	303,945733	5,134	-0,005778	22,380000	52,345000
2,913295	309,903232	5,184	-0,003288	22,380000	52,345000
2,916574	310,426557	5,234	-0,003069	22,380000	52,345000
2,919990	316,629364	5,284	-0,000477	22,380000	52,345000
2,923301	319,905988	5,341	0,000893	22,380000	52,345000
2,926608	320,483048	5,392	0,001134	22,380000	52,345000
2,929961	325,587807	5,442	0,003268	22,380000	52,345000
2,933271	326,908969	5,492	0,003820	22,380000	52,345000
2,936669	332,566257	5,542	0,006185	22,380000	52,345000
2,940025	335,969040	5,592	0,007607	22,380000	52,345000
2,943294	339,158054	5,642	0,008940	22,380000	52,345000
2,946671	342,504766	5,694	0,010339	22,380000	52,345000
2,950000	345,377215	5,744	0,011540	22,380000	52,345000
2,953334	348,788175	5,795	0,012966	22,380000	52,345000
2,956617	349,215713	5,845	0,013145	22,380000	52,345000
2,959986	355,205919	5,896	0,015648	22,380000	52,345000
2,963273	355,466414	5,946	0,015757	22,370000	52,345000
2,966634	361,575770	5,996	0,018311	22,370000	52,345000
2,969987	361,686743	6,046	0,018357	22,370000	52,345000
2,973256	367,740029	6,096	0,020888	22,370000	52,345000
2,976596	367,786754	6,146	0,020907	22,370000	52,345000
2,979941	370,833255	6,197	0,022181	22,370000	52,345000
2,983248	376,016279	6,247	0,024347	22,370000	52,345000
2,986629	377,171567	6,298	0,024830	22,370000	52,345000
2,990002	382,592890	6,348	0,027096	22,370000	52,345000
2,993325	383,857983	6,398	0,027625	22,370000	52,345000
2,996673	388,329611	6,449	0,029494	22,370000	52,345000
2,999958	393,370122	6,499	0,031601	22,370000	52,345000
3,003258	394,042969	6,549	0,031882	22,370000	52,345000
3,006641	396,590675	6,599	0,032947	22,370000	52,345000
3,009934	400,649951	6,649	0,034644	22,370000	52,345000
3,013318	403,222189	6,700	0,035719	22,370000	52,345000
3,016635	406,837573	6,750	0,037230	22,370000	52,345000
3,019957	409,488076	6,800	0,038338	22,370000	52,345000
3,023276	413,238963	6,850	0,039906	22,370000	52,345000
3,026630	418,541137	6,901	0,042123	22,370000	52,345000
3,029923	419,340143	6,981	0,042457	22,370000	52,345000
3,033313	422,283848	7,032	0,043687	22,370000	52,345000
3,036573	425,481039	7,083	0,045023	22,370000	52,345000
3,039980	428,796211	7,133	0,046409	22,370000	52,345000
3,043323	431,771456	7,183	0,047653	22,370000	52,345000
3,046578	437,983609	7,234	0,050250	22,370000	52,345000
3,049965	439,312949	7,285	0,050805	22,370000	52,345000
3,053305	444,670025	7,335	0,053044	22,370000	52,345000
3,056600	445,066023	7,385	0,053210	22,370000	52,345000
3,059882	450,763027	7,435	0,055591	22,370000	52,345000
3,063288	451,301538	7,485	0,055816	22,370000	52,345000
3,066642	457,464629	7,535	0,058393	22,370000	52,345000
3,070038	457,409726	7,586	0,058370	22,370000	52,345000
3,073266	463,731684	7,636	0,061012	22,370000	52,345000
3,076591	463,645241	7,686	0,060976	22,370000	52,345000
3,079897	466,826078	7,736	0,062306	22,370000	52,345000
3,083234	471,787156	7,787	0,064379	22,370000	52,345000
3,086575	473,259009	7,837	0,064995	22,370000	52,345000
3,089977	478,363767	7,887	0,067128	22,370000	52,345000
3,093302	479,494524	7,937	0,067601	22,380000	52,360000
3,096628	484,654185	7,987	0,069758	22,380000	52,360000
3,099957	485,912268	8,038	0,070284	22,380000	52,360000
3,103246	489,497281	8,088	0,071782	22,380000	52,360000
3,106578	492,227217	8,138	0,072923	22,380000	52,360000
3,109915	495,985113	8,188	0,074494	22,380000	52,360000
3,113308	498,945172	8,238	0,075731	22,380000	52,360000
3,116624	505,045184	8,289	0,078281	22,380000	52,360000
3,119937	506,849955	8,340	0,079036	22,380000	52,360000
3,123276	508,875505	8,390	0,079882	22,380000	52,360000
3,126571	513,188266	8,441	0,081685	22,380000	52,360000
3,129926	514,786278	8,491	0,082353	22,380000	52,360000
3,133250	520,737935	8,541	0,084841	22,380000	52,360000
3,136571	521,362889	8,591	0,085102	22,380000	52,360000
3,139958	527,353095	8,641	0,087606	22,380000	52,360000
3,143274	527,613590	8,692	0,087715	22,380000	52,360000
3,146645	533,683229	8,743	0,090252	22,380000	52,360000
3,149952	533,975264	8,793	0,090374	22,380000	52,360000
3,153309	539,182818	8,844	0,092551	22,380000	52,360000
3,156575	540,338106	8,894	0,093034	22,380000	52,360000
3,159973	545,584209	8,944	0,095227	22,380000	52,360000
3,163243	546,714965	8,994	0,095699	22,380000	52,360000
3,166603	551,969245	9,044	0,097896	22,380000	52,360000
3,169940	553,172426	9,094	0,098398	22,380000	52,360000
3,173273	558,332087	9,144	0,100555	22,380000	52,360000
3,176581	560,800361	9,195	0,101587	22,380000	52,360000
3,179950	563,863216	9,246	0,102867	22,380000	52,360000
3,183232	565,714713	9,296	0,103641	22,380000	52,360000
3,186574	570,216713	9,346	0,105523	22,380000	52,360000
3,189889	572,306510	9,396	0,106396	22,380000	52,360000
3,193300	576,602918	9,447	0,108192	22,380000	52,360000
3,196643	578,565388	9,497	0,109013	22,380000	52,360000
3,199962	582,656203	9,547	0,110723	22,380000	52,360000
3,203275	584,911876	9,598	0,111666	22,380000	52,360000
3,206582	588,155792	9,648	0,113021	22,380000	52,360000
3,209962	594,161184	9,698	0,115532	22,380000	52,360000
3,213271	595,395905	9,748	0,116048	22,380000	52,360000
3,216552	600,848768	9,798	0,118327	22,380000	52,360000
3,219894	601,101086	9,848	0,118433	22,380000	52,360000
3,223240	607,170726	9,899	0,120970	22,380000	52,360000
3,226577	610,391279	9,949	0,122316	22,380000	52,320000
3,229888	613,603656	9,999	0,123659	22,380000	52,320000
3,233286	614,070911	10,049	0,123854	22,380000	52,320000
3,236608	619,602039	10,099	0,126166	22,380000	52,320000
3,239924	623,107618	10,149	0,127631	22,380000	52,320000
3,243250	626,200845	10,199	0,128924	22,380000	52,320000
3,246562	626,447322	10,249	0,129027	22,380000	52,320000
3,249936	632,373281	10,300	0,131504	22,380000	52,320000
3,253253	632,476077	10,350	0,131547	22,380000	52,320000
3,256613	638,973254	10,400	0,134263	22,380000	52,320000
3,259905	639,187023	10,450	0,134353	22,380000	52,320000
3,263212	645,200592	10,501	0,136866	22,380000	52,320000
3,266576	645,493795	10,552	0,136989	22,380000	52,320000
3,269921	650,731721	10,602	0,139178	22,380000	52,320000
3,273257	651,910371	10,654	0,139671	22,380000	52,320000
3,276622	657,046669	10,704	0,141818	22,380000	52,320000
3,279904	657,955480	10,754	0,142198	22,380000	52,320000
3,283238	663,416520	10,804	0,144480	22,380000	52,320000
3,286589	664,381401	10,854	0,144884	22,380000	52,320000
3,289922	669,809734	10,904	0,147153	22,380000	52,320000
3,293265	670,862225	10,954	0,147593	22,380000	52,320000
3,296539	675,467021	11,005	0,149518	22,380000	52,320000
3,299878	677,485562	11,055	0,150361	22,380000	52,320000
3,303264	681,964199	11,105	0,152233	22,380000	52,320000
3,306557	684,006102	11,155	0,153087	22,380000	52,320000
3,309870	687,107506	11,205	0,154383	22,380000	52,320000
3,313221	690,264980	11,255	0,155703	22,380000	52,320000
3,316555	693,303304	11,305	0,156973	22,380000	52,320000
3,319937	696,508672	11,355	0,158313	22,380000	52,320000
3,323237	700,916053	11,405	0,160155	22,380000	52,320000
3,326536	706,288315	11,455	0,162401	22,380000	52,320000
3,329961	709,271737	11,505	0,163648	22,380000	52,320000
3,333240	712,303052	11,555	0,164915	22,380000	52,320000
3,336578	713,607861	11,605	0,165460	22,380000	52,320000
3,339890	718,704443	11,655	0,167591	22,380000	52,320000
3,343261	721,908642	11,706	0,168930	22,380000	52,320000
3,346552	724,946967	11,756	0,170200	22,380000	52,320000
3,349875	726,206218	11,806	0,170727	22,380000	52,320000
3,353263	728,595058	11,856	0,171725	22,380000	52,320000
3,356529	732,006018	11,907	0,173151	22,380000	52,320000
3,359867	734,949723	11,957	0,174381	22,370000	52,335000
3,363222	738,359515	12,007	0,175807	22,370000	52,335000
3,366590	741,097628	12,057	0,176951	22,370000	52,335000
3,369881	744,278465	12,108	0,178281	22,370000	52,335000
3,373187	747,681248	12,158	0,179703	22,370000	52,335000
3,376619	750,688033	12,209	0,180960	22,370000	52,335000
3,379862	754,114178	12,259	0,182392	22,370000	52,335000
3,383297	757,105777	12,309	0,183643	22,370000	52,335000
3,386546	760,175641	12,360	0,184926	22,370000	52,335000
3,389911	763,198780	12,411	0,186189	22,370000	52,335000
3,393228	766,798978	12,461	0,187694	22,370000	52,335000
3,396577	769,616524	12,511	0,188872	22,370000	52,335000
3,399896	772,971413	12,562	0,190274	22,370000	52,335000
3,403215	776,017915	12,612	0,191548	22,370000	52,335000
3,406505	779,380981	12,662	0,192954	22,370000	52,335000
3,409894	782,498738	12,712	0,194257	22,370000	52,335000
3,413205	787,302118	12,763	0,196265	22,370000	52,335000
3,416521	792,191939	12,814	0,198309	22,370000	52,335000
3,419844	793,569172	12,864	0,198884	22,370000	52,335000
3,423173	797,106291	12,915	0,200363	22,370000	52,335000
3,426521	801,758981	12,965	0,202308	22,370000	52,335000
3,429873	805,082330	13,015	0,203697	22,370000	52,335000
3,433232	804,765765	13,066	0,203564	22,370000	52,335000
3,436555	811,246589	13,116	0,206273	22,370000	52,335000
3,439936	811,515261	13,167	0,206386	22,370000	52,335000
3,443198	817,584900	13,217	0,208923	22,370000	52,335000
3,446601	817,426034	13,267	0,208856	22,370000	52,335000
3,449897	823,409231	13,318	0,211357	22,370000	52,335000
3,453236	825,292268	13,383	0,212145	22,370000	52,335000
3,456622	827,404259	13,434	0,213027	22,370000	52,335000
3,459841	831,385270	13,484	0,214691	22,370000	52,335000
3,463184	833,521793	13,534	0,215584	22,370000	52,335000
3,466532	837,446733	13,584	0,217225	22,370000	52,335000
3,469833	839,812210	13,635	0,218214	22,370000	52,335000
3,473249	846,340928	13,685	0,220943	22,370000	52,335000
3,476553	845,960115	13,735	0,220784	22,370000	52,335000
3,479880	849,878047	13,785	0,222421	22,370000	52,335000
3,483164	852,488833	13,835	0,223513	22,370000	52,335000
3,486558	855,131158	13,885	0,224617	22,370000	52,335000
3,489918	862,158670	13,935	0,227555	22,370000	52,335000
3,493200	863,108366	13,985	0,227952	22,370000	52,335000
3,496550	868,433902	14,035	0,230178	22,370000	52,335000
3,499865	869,493402	14,085	0,230621	22,370000	52,335000
3,503149	875,064248	14,135	0,232949	22,370000	52,335000
3,506482	875,254654	14,186	0,233029	22,370000	52,335000
3,509884	880,809145	14,236	0,235351	22,370000	52,335000
3,513163	881,783371	14,286	0,235758	22,370000	52,335000
3,516473	887,266606	14,336	0,238050	22,370000	52,335000
3,519882	887,685967	14,386	0,238225	22,370000	52,335000
3,523227	894,016102	14,436	0,240871	22,370000	52,335000
3,526532	896,825471	14,486	0,242045	22,370000	52,335000
3,529938	897,299735	14,545	0,242244	22,370000	52,335000
3,533200	900,536642	14,595	0,243597	22,370000	52,335000
3,536528	903,914894	14,645	0,245009	22,370000	52,335000
3,539827	906,589928	14,695	0,246127	22,370000	52,335000
3,543214	910,577947	14,745	0,247794	22,370000	52,335000
3,546522	913,078929	14,795	0,248839	22,370000	52,335000
3,549855	916,899905	14,845	0,250437	22,370000	52,335000
3,553155	922,558360	14,895	0,252802	22,370000	52,335000
3,556497	923,491702	14,945	0,253192	22,370000	52,335000
3,559865	927,179510	14,996	0,254733	22,370000	52,335000
3,563206	929,196882	15,046	0,255577	22,370000	52,335000
3,566513	935,337778	15,096	0,258144	22,370000	52,335000
3,569838	935,669529	15,146	0,258282	22,370000	52,335000
3,573207	941,336162	15,196	0,260651	22,370000	52,335000
3,576557	941,881682	15,246	0,260879	22,370000	52,335000
3,579856	947,982861	15,297	0,263429	22,370000	52,335000
3,583233	948,054117	15,347	0,263459	22,370000	52,335000
3,586479	954,273279	15,397	0,266059	22,370000	52,335000
3,589816	954,676286	15,447	0,266227	22,370000	52,335000
3,593205	960,184052	15,498	0,268529	22,370000	52,335000
3,596528	961,085853	15,548	0,268906	22,370000	52,335000
3,599865	966,712769	15,598	0,271258	22,370000	52,335000
3,603206	967,591208	15,648	0,271625	22,370000	52,335000
3,606504	973,153876	15,698	0,273951	22,370000	52,335000
3,609842	973,565061	15,748	0,274123	22,370000	52,335000
3,613173	979,500364	15,798	0,276604	22,370000	52,335000
3,616516	980,204751	15,849	0,276898	22,370000	52,335000
3,619845	984,683388	15,900	0,278770	22,370000	52,335000
3,623138	986,503346	15,950	0,279531	22,370000	52,320000
3,626477	989,415511	16,000	0,280748	22,370000	52,320000
3,629813	992,888382	16,051	0,282200	22,370000	52,320000
3,633121	997,580788	16,101	0,284161	22,370000	52,320000
3,636534	998,966199	16,151	0,284740	22,370000	52,320000
3,639810	1003,808126	16,201	0,286764	22,370000	52,320000
3,643146	1005,422492	16,252	0,287439	22,370000	52,320000
3,646551	1009,609095	16,302	0,289189	22,370000	52,320000
3,649869	1011,864767	16,352	0,290132	22,370000	52,320000
3,653174	1015,804893	16,402	0,291779	22,370000	52,320000
3,656498	1018,249804	16,452	0,292801	22,370000	52,320000
3,659798	1021,177155	16,502	0,294024	22,370000	52,320000
3,663231	1027,026017	16,552	0,296469	22,370000	52,320000
3,666403	1028,576134	16,603	0,297117	22,370000	52,320000
3,669821	1033,989281	16,653	0,299380	22,370000	52,320000
3,673160	1034,756747	16,703	0,299701	22,370000	52,320000
3,676490	1038,807846	16,753	0,301394	22,370000	52,320000
3,679839	1043,816817	16,803	0,303488	22,370000	52,320000
3,683187	1046,863319	16,854	0,304761	22,370000	52,320000
3,686501	1047,362113	16,904	0,304970	22,370000	52,320000
3,689781	1052,885065	16,955	0,307278	22,370000	52,320000
3,693173	1053,494832	17,006	0,307533	22,370000	52,320000
3,696444	1059,785250	17,056	0,310163	22,370000	52,320000
3,699843	1059,990842	17,106	0,310249	22,370000	52,320000
3,703152	1065,767279	17,156	0,312663	22,370000	52,320000
3,706512	1065,996234	17,206	0,312759	22,370000	52,320000
3,709801	1072,239926	17,256	0,315369	22,370000	52,320000
3,713181	1072,161661	17,306	0,315336	22,370000	52,320000
3,716457	1078,357459	17,356	0,317926	22,370000	52,320000
3,719815	1078,855086	17,406	0,318134	22,370000	52,320000
3,723146	1084,608160	17,456	0,320539	22,370000	52,320000
3,726508	1085,541502	17,506	0,320929	22,370000	52,320000
3,729838	1091,246682	17,556	0,323313	22,370000	52,320000
3,733160	1091,428912	17,606	0,323390	22,370000	52,320000
3,736467	1096,414520	17,656	0,325474	22,370000	52,320000
3,739772	1097,506728	17,707	0,325930	22,370000	52,320000
3,743159	1100,488982	17,757	0,327177	22,370000	52,320000
3,746458	1104,097357	17,808	0,328685	22,370000	52,320000
3,749873	1107,491963	17,859	0,330104	22,370000	52,320000
3,753235	1110,460199	17,909	0,331345	22,370000	52,320000
3,756511	1113,538240	17,959	0,332631	22,370000	52,320000
3,759890	1120,295912	18,009	0,335456	22,370000	52,320000
3,763121	1121,071555	18,059	0,335780	22,370000	52,320000
3,766545	1124,315472	18,109	0,337136	22,370000	52,320000
3,769825	1126,649409	18,159	0,338112	22,370000	52,320000
3,773128	1132,830022	18,211	0,340695	22,370000	52,320000
3,776475	1132,773951	18,261	0,340672	22,370000	52,320000
3,779899	1138,851768	18,316	0,343212	22,370000	52,320000
3,783126	1139,097077	18,367	0,343315	22,370000	52,320000
3,786448	1144,603674	18,417	0,345617	22,370000	52,320000
3,789829	1145,538184	18,467	0,346007	22,370000	52,320000
3,793154	1148,671127	18,517	0,347317	22,370000	52,320000
3,796468	1151,805239	18,567	0,348627	22,370000	52,320000
3,799832	1156,995271	18,618	0,350796	22,370000	52,320000
3,803145	1158,357319	18,668	0,351366	22,370000	52,320000
3,806518	1163,492449	18,718	0,353512	22,370000	52,320000
3,809883	1164,418782	18,769	0,353899	22,370000	52,320000
3,813135	1169,189453	18,819	0,355894	22,370000	52,320000
3,816483	1170,859889	18,869	0,356592	22,370000	52,320000
3,819801	1174,231132	18,919	0,358001	22,370000	52,320000
3,823178	1177,506588	18,969	0,359370	22,370000	52,320000
3,826487	1180,544913	19,019	0,360640	22,370000	52,320000
3,829846	1183,622953	19,069	0,361927	22,370000	52,320000
3,833185	1188,204387	19,120	0,363842	22,370000	52,320000
3,836467	1190,111954	19,170	0,364639	22,370000	52,320000
3,839786	1193,387410	19,220	0,366008	22,370000	52,320000
3,843152	1199,718713	19,270	0,368655	22,370000	52,320000
3,846463	1202,977815	19,320	0,370017	22,370000	52,320000
3,849798	1205,929697	19,371	0,371251	22,370000	52,320000
3,853222	1206,650437	19,422	0,371552	22,370000	52,320000
3,856533	1211,651232	19,473	0,373643	22,370000	52,320000
3,859816	1215,788773	19,523	0,375372	22,370000	52,320000
3,863155	1218,954424	19,573	0,376695	22,370000	52,320000
3,866472	1219,002318	19,624	0,376715	22,370000	52,320000
3,869746	1224,097731	19,674	0,378845	22,370000	52,320000
3,873113	1225,411885	19,740	0,379395	22,370000	52,320000
3,876509	1228,489926	19,791	0,380681	22,370000	52,320000
3,879851	1232,739608	19,841	0,382458	22,370000	52,320000
3,883156	1234,702078	19,892	0,383278	22,370000	52,320000
3,886497	1238,191303	19,942	0,384736	22,380000	52,360000
3,889806	1241,269344	19,992	0,386023	22,380000	52,360000
3,893146	1247,576116	20,042	0,388659	22,380000	52,360000
3,896490	1250,471927	20,092	0,389870	22,380000	52,360000
3,899787	1250,931005	20,142	0,390062	22,380000	52,360000
3,903189	1257,039193	20,192	0,392615	22,380000	52,360000
3,906472	1257,340573	20,242	0,392741	22,380000	52,360000
3,909764	1263,758317	20,292	0,395423	22,380000	52,360000
3,913154	1263,884476	20,343	0,395476	22,380000	52,360000
3,916458	1269,304631	20,394	0,397742	22,380000	52,360000
3,919861	1269,700630	20,445	0,397907	22,380000	52,360000
3,923133	1276,252710	20,495	0,400646	22,380000	52,360000
3,926551	1277,305201	20,551	0,401086	22,380000	52,360000
3,929782	1280,225544	20,601	0,402307	22,380000	52,360000
3,933176	1282,582844	20,651	0,403292	22,380000	52,360000
3,936522	1286,317378	20,701	0,404853	22,380000	52,360000
3,939862	1289,292623	20,751	0,406097	22,380000	52,360000
3,943102	1293,170838	20,801	0,407718	22,380000	52,360000
3,946470	1295,632102	20,851	0,408747	22,380000	52,360000
3,949818	1298,708975	20,902	0,410033	22,380000	52,360000
3,953196	1301,652680	20,953	0,411263	22,380000	52,360000
3,956473	1305,078826	21,003	0,412695	22,380000	52,360000
3,959838	1307,801753	21,054	0,413833	22,380000	52,360000
3,963105	1311,141457	21,104	0,415229	22,380000	52,360000
3,966476	1314,536063	21,154	0,416648	22,380000	52,360000
3,969817	1317,827873	21,204	0,418024	22,380000	52,360000
3,973148	1320,731861	21,254	0,419238	22,380000	52,360000
3,976491	1325,011915	21,305	0,421027	22,380000	52,360000
3,979788	1329,490552	21,355	0,422899	22,380000	52,360000
3,983162	1330,242832	21,405	0,423214	22,380000	52,360000
3,986428	1336,042632	21,455	0,425638	22,380000	52,360000
3,989793	1336,818275	21,505	0,425962	22,380000	52,360000
3,993205	1342,523456	21,555	0,428347	22,380000	52,360000
3,996459	1343,172940	21,605	0,428619	22,380000	52,360000
3,999823	1348,616459	21,655	0,430894	22,380000	52,360000
4,003086	1349,708667	21,706	0,431351	22,380000	52,360000
4,006497	1354,472329	21,756	0,433342	22,380000	52,360000
4,009792	1355,508467	21,807	0,433775	22,380000	52,360000
4,013136	1360,755738	21,857	0,435968	22,380000	52,360000
4,016487	1362,045361	21,907	0,436507	22,380000	52,360000
4,019858	1367,006439	21,957	0,438581	22,370000	52,345000
4,023146	1368,367318	22,007	0,439150	22,370000	52,345000
4,026465	1373,407829	22,057	0,441257	22,370000	52,345000
4,029813	1374,904213	22,108	0,441882	22,370000	52,345000
4,033136	1378,781259	22,158	0,443503	22,370000	52,345000
4,036487	1381,226170	22,208	0,444525	22,370000	52,345000
4,039767	1385,847320	22,258	0,446457	22,370000	52,345000
4,043129	1387,516588	22,308	0,447154	22,370000	52,345000
4,046535	1391,671651	22,359	0,448891	22,370000	52,345000
4,049819	1393,919146	22,409	0,449831	22,370000	52,345000
4,053118	1397,764653	22,459	0,451438	22,370000	52,345000
4,056422	1402,725731	22,509	0,453512	22,370000	52,345000
4,059817	1404,300379	22,560	0,454170	22,370000	52,345000
4,063131	1406,271026	22,610	0,454994	22,370000	52,345000
4,066410	1409,720535	22,661	0,456436	22,370000	52,345000
4,069818	1413,004168	22,712	0,457808	22,370000	52,345000
4,073141	1419,461629	22,764	0,460507	22,370000	52,345000
4,076467	1422,199742	22,814	0,461652	22,370000	52,345000
4,079833	1425,879374	22,864	0,463190	22,370000	52,345000
4,083160	1426,646839	22,915	0,463511	22,370000	52,345000
4,086441	1431,584554	22,970	0,465575	22,370000	52,345000
4,089764	1432,905717	23,020	0,466127	22,370000	52,345000
4,093121	1435,065603	23,070	0,467030	22,370000	52,345000
4,096458	1438,388952	23,120	0,468419	22,370000	52,345000
4,099755	1441,539418	23,170	0,469736	22,370000	52,345000
4,103085	1445,028643	23,221	0,471194	22,370000	52,345000
4,106448	1447,916277	23,271	0,472401	22,370000	52,345000
4,109736	1452,039801	23,322	0,474125	22,370000	52,345000
4,113099	1454,136607	23,373	0,475001	22,370000	52,345000
4,116496	1457,055781	23,424	0,476222	22,370000	52,345000
4,119744	1460,466741	23,474	0,477647	22,370000	52,345000
4,123106	1463,932603	23,524	0,479096	22,370000	52,345000
4,126454	1469,503448	23,574	0,481425	22,370000	52,345000
4,129809	1473,348955	23,624	0,483032	22,370000	52,345000
4,133097	1474,219217	23,674	0,483396	22,370000	52,345000
4,136471	1479,441958	23,724	0,485579	22,370000	52,345000
4,139785	1480,280680	23,774	0,485930	22,370000	52,345000
4,143095	1485,756906	23,824	0,488219	22,370000	52,345000
4,146479	1486,532549	23,875	0,488543	22,370000	52,345000
4,149770	1492,315995	23,925	0,490960	22,370000	52,345000
4,153190	1492,720170	23,975	0,491129	22,370000	52,320000
4,156465	1498,987225	24,026	0,493749	22,370000	52,320000
4,159764	1498,757102	24,077	0,493653	22,370000	52,320000
4,163087	1504,273045	24,127	0,495958	22,370000	52,320000
4,166438	1505,166670	24,177	0,496332	22,370000	52,320000
4,169760	1508,300781	24,227	0,497642	22,370000	52,320000
4,173125	1511,259672	24,277	0,498879	22,370000	52,320000
4,176434	1514,662455	24,327	0,500301	22,370000	52,320000
4,179816	1518,595572	24,377	0,501945	22,370000	52,320000
4,183086	1520,834891	24,428	0,502881	22,370000	52,320000
4,186420	1524,933883	24,478	0,504595	22,370000	52,320000
4,189757	1528,645055	24,529	0,506146	22,370000	52,320000
4,193052	1530,710321	24,579	0,507009	22,370000	52,320000
4,196426	1533,455443	24,629	0,508157	22,370000	52,320000
4,199787	1537,610506	24,679	0,509894	22,370000	52,320000
4,203080	1540,158212	24,729	0,510958	22,370000	52,320000
4,206443	1543,196537	24,780	0,512229	22,370000	52,320000
4,209787	1546,511709	24,831	0,513614	22,370000	52,320000
4,213103	1552,675968	24,882	0,516191	22,370000	52,320000
4,216476	1553,025241	24,933	0,516337	22,370000	52,320000
4,219742	1555,912876	24,984	0,517544	22,370000	52,320000
4,223156	1559,046987	25,034	0,518854	22,370000	52,320000
4,226435	1565,653970	25,084	0,521616	22,370000	52,320000
4,229792	1565,503280	25,134	0,521553	22,370000	52,320000
4,233067	1568,723834	25,184	0,522899	22,370000	52,320000
4,236448	1572,965339	25,234	0,524672	22,370000	52,320000
4,239733	1578,093460	25,284	0,526815	22,370000	52,320000
4,243103	1581,092068	25,336	0,528069	22,370000	52,320000
4,246460	1584,819593	25,387	0,529627	22,370000	52,320000
4,249762	1584,534568	25,437	0,529508	22,370000	52,320000
4,253042	1590,872879	25,487	0,532157	22,370000	52,320000
4,256361	1590,770083	25,538	0,532114	22,370000	52,320000
4,259746	1597,068677	25,588	0,534747	22,370000	52,320000
4,263098	1597,345526	25,638	0,534863	22,370000	52,320000
4,266407	1600,257691	25,688	0,536080	22,370000	52,320000
4,269693	1603,755093	25,739	0,537542	22,370000	52,320000
4,273084	1606,833134	25,789	0,538829	22,370000	52,320000
4,276422	1610,030325	25,840	0,540165	22,370000	52,320000
4,279687	1616,035717	25,890	0,542675	22,370000	52,320000
4,283053	1616,400176	25,943	0,542828	22,380000	52,335000
4,286393	1621,732721	25,993	0,545057	22,380000	52,335000
4,289747	1622,564434	26,043	0,545404	22,380000	52,335000
4,293020	1627,588592	26,093	0,547504	22,380000	52,335000
4,296379	1629,108338	26,144	0,548140	22,380000	52,335000
4,299790	1633,855646	26,194	0,550124	22,380000	52,335000
4,303099	1635,794754	26,244	0,550935	22,380000	52,335000
4,306474	1639,489571	26,295	0,552479	22,380000	52,335000
4,309754	1641,642447	26,345	0,553379	22,380000	52,335000
4,313051	1645,123495	26,396	0,554834	22,380000	52,335000
4,316426	1648,272793	26,447	0,556150	22,380000	52,335000
4,319757	1654,445228	26,497	0,558730	22,380000	52,335000
4,323110	1654,564378	26,548	0,558780	22,380000	52,335000
4,326406	1661,091928	26,598	0,561509	22,380000	52,335000
4,329776	1662,010083	26,648	0,561893	22,380000	52,335000
4,333029	1664,075350	26,698	0,562756	22,380000	52,335000
4,336364	1667,090311	26,748	0,564016	22,380000	52,335000
4,339745	1671,007074	26,798	0,565653	22,380000	52,335000
4,343078	1675,280119	26,848	0,567439	22,380000	52,335000
4,346388	1679,577695	26,898	0,569236	22,380000	52,335000
4,349722	1683,113646	26,948	0,570714	22,380000	52,335000
4,353081	1683,272512	26,999	0,570780	22,380000	52,335000
4,356397	1689,214825	27,049	0,573264	22,380000	52,335000
4,359720	1689,483497	27,099	0,573376	22,380000	52,335000
4,363056	1695,268111	27,149	0,575794	22,380000	52,335000
4,366434	1696,035577	27,199	0,576115	22,380000	52,335000
4,369743	1701,574882	27,250	0,578431	22,380000	52,335000
4,373069	1702,128579	27,300	0,578662	22,380000	52,335000
4,376372	1708,095423	27,350	0,581156	22,380000	52,335000
4,379767	1711,332330	27,400	0,582509	22,380000	52,335000
4,383095	1714,236319	27,450	0,583723	22,380000	52,335000
4,386400	1714,521344	27,501	0,583842	22,380000	52,335000
4,389743	1719,276830	27,552	0,585830	22,380000	52,335000
4,393110	1721,231123	27,603	0,586647	22,380000	52,335000
4,396351	1726,113935	27,653	0,588688	22,380000	52,335000
4,399712	1727,435098	27,703	0,589240	22,380000	52,335000
4,403036	1733,599357	27,753	0,591817	22,380000	52,335000
4,406478	1733,970825	27,830	0,591972	22,380000	52,335000
4,409723	1737,151662	27,881	0,593302	22,380000	52,335000
4,413095	1742,634896	27,931	0,595594	22,380000	52,320000
4,416431	1743,229478	27,982	0,595842	22,380000	52,320000
4,419729	1748,119299	28,033	0,597886	22,380000	52,320000
4,423062	1749,677594	28,083	0,598538	22,380000	52,320000
4,426396	1753,595526	28,133	0,600175	22,380000	52,320000
4,429757	1756,055622	28,183	0,601204	22,380000	52,320000
4,433038	1759,403503	28,233	0,602603	22,380000	52,320000
4,436365	1762,354217	28,283	0,603836	22,380000	52,320000
4,439713	1767,094516	28,333	0,605818	22,380000	52,320000
4,443046	1771,739029	28,383	0,607759	22,380000	52,320000
4,446404	1773,409465	28,433	0,608458	22,380000	52,320000
4,449696	1778,386896	28,483	0,610538	22,380000	52,320000
4,453067	1778,504878	28,533	0,610587	22,380000	52,320000
4,456386	1783,268541	28,591	0,612579	22,380000	52,320000
4,459695	1784,273138	28,641	0,612999	22,380000	52,320000
4,463049	1789,101049	28,691	0,615017	22,380000	52,320000
4,466427	1791,221217	28,741	0,615903	22,380000	52,320000
4,469728	1794,117029	28,791	0,617113	22,380000	52,320000
4,473048	1797,519812	28,841	0,618536	22,380000	52,320000
4,476409	1800,495056	28,892	0,619779	22,380000	52,320000
4,479716	1805,797230	28,943	0,621996	22,380000	52,320000
4,483028	1807,126570	28,994	0,622551	22,380000	52,320000
4,486338	1813,163502	29,044	0,625075	22,380000	52,320000
4,489693	1813,401802	29,094	0,625174	22,380000	52,320000
4,493047	1816,463489	29,144	0,626454	22,380000	52,320000
4,496344	1820,776250	29,194	0,628257	22,380000	52,320000
4,499722	1822,604385	29,244	0,629021	22,380000	52,320000
4,503021	1826,386812	29,295	0,630602	22,380000	52,320000
4,506378	1829,116748	29,345	0,631743	22,380000	52,320000
4,509705	1832,360665	29,396	0,633099	22,380000	52,320000
4,513035	1835,359272	29,446	0,634353	22,380000	52,320000
4,516386	1838,770232	29,496	0,635778	22,380000	52,320000
4,519683	1841,476805	29,547	0,636910	22,380000	52,320000
4,523065	1845,282596	29,597	0,638500	22,380000	52,320000
4,526426	1848,012532	29,648	0,639642	22,380000	52,320000
4,529704	1852,974778	29,699	0,641716	22,380000	52,320000
4,533002	1854,287764	29,749	0,642265	22,380000	52,320000
4,536366	1860,680977	29,800	0,644937	22,380000	52,320000
4,539699	1862,446032	29,851	0,645675	22,380000	52,320000
4,543033	1867,115076	29,901	0,647626	22,380000	52,320000
4,546315	1868,254009	29,952	0,648103	22,390000	52,360000
4,549692	1873,428856	30,003	0,650266	22,390000	52,360000
4,552974	1874,030446	30,053	0,650517	22,390000	52,360000
4,556334	1879,530035	30,103	0,652816	22,390000	52,360000
4,559710	1880,249608	30,153	0,653117	22,390000	52,360000
4,563005	1883,344002	30,203	0,654410	22,390000	52,360000
4,566358	1886,509653	30,253	0,655733	22,390000	52,360000
4,569659	1889,493075	30,303	0,656980	22,390000	52,360000
4,572984	1892,800071	30,353	0,658363	22,390000	52,360000
4,576316	1895,926006	30,403	0,659669	22,390000	52,360000
4,579686	1898,608048	30,453	0,660791	22,390000	52,360000
4,583007	1901,987468	30,503	0,662203	22,390000	52,360000
4,586353	1905,904231	30,553	0,663840	22,390000	52,360000
4,589706	1908,428575	30,603	0,664896	22,390000	52,360000
4,589695	1911,395643	30,654	0,666136	22,390000	52,360000
4,589713	1911,498439	30,704	0,666179	22,390000	52,360000
4,589724	1911,387466	30,754	0,666132	22,390000	52,360000
4,589663	1911,521802	30,804	0,666188	22,390000	52,360000
4,589683	1911,521802	30,855	0,666188	22,390000	52,360000
4,589707	1911,410829	30,906	0,666142	22,390000	52,360000
4,589640	1911,521802	30,956	0,666188	22,390000	52,360000
4,589669	1911,047539	31,006	0,665990	22,390000	52,360000
4,589702	1911,316210	31,056	0,666103	22,390000	52,360000
4,589667	1911,244954	31,106	0,666073	22,390000	52,360000
4,589699	1911,135149	31,157	0,666027	22,390000	52,360000
4,589613	1910,873486	31,207	0,665917	22,390000	52,360000
4,589650	1910,873486	31,257	0,665917	22,390000	52,360000
4,589678	1910,928389	31,307	0,665940	22,390000	52,360000
4,589663	1910,730973	31,357	0,665858	22,390000	52,360000
4,589738	1910,825592	31,407	0,665897	22,390000	52,360000
4,589702	1910,857132	31,457	0,665911	22,390000	52,360000
4,589640	1910,810407	31,507	0,665891	22,390000	52,360000
4,589626	1910,936565	31,558	0,665944	22,390000	52,360000
4,589624	1910,525381	31,609	0,665772	22,390000	52,360000
4,586389	1910,525381	31,659	0,665772	22,390000	52,360000
4,583017	1904,765298	31,709	0,663364	22,390000	52,360000
4,579640	1904,028203	31,759	0,663056	22,390000	52,360000
4,576382	1899,050772	31,809	0,660976	22,390000	52,360000
4,572954	1897,658353	31,859	0,660394	22,390000	52,360000
4,569694	1893,789483	31,910	0,658776	22,390000	52,360000
4,566327	1890,632009	31,963	0,657457	22,380000	52,345000
4,563046	1887,292305	32,014	0,656061	22,380000	52,345000
4,559642	1882,244785	32,064	0,653951	22,380000	52,345000
4,556340	1877,900484	32,115	0,652135	22,380000	52,345000
4,553029	1876,515074	32,165	0,651556	22,380000	52,345000
4,549707	1871,316864	32,215	0,649383	22,380000	52,345000
4,546306	1868,586928	32,265	0,648242	22,380000	52,345000
4,543023	1868,190930	32,316	0,648076	22,380000	52,345000
4,539696	1862,651624	32,366	0,645761	22,380000	52,345000
4,536353	1861,622496	32,416	0,645331	22,380000	52,345000
4,533054	1855,474591	32,466	0,642761	22,380000	52,345000
4,529677	1855,189565	32,516	0,642642	22,380000	52,345000
4,526373	1849,397942	32,566	0,640221	22,380000	52,345000
4,523002	1848,614122	32,616	0,639893	22,380000	52,345000
4,519690	1843,248869	32,666	0,637650	22,380000	52,345000
4,516333	1842,410147	32,716	0,637300	22,380000	52,345000
4,513016	1839,237487	32,766	0,635974	22,380000	52,345000
4,509687	1835,684014	32,816	0,634488	22,380000	52,345000
4,506365	1832,590788	32,867	0,633195	22,380000	52,345000
4,503034	1829,401774	32,918	0,631862	22,380000	52,345000
4,499692	1829,401774	32,969	0,631862	22,380000	52,345000
4,496373	1819,684042	33,019	0,627800	22,380000	52,345000
4,493026	1819,684042	33,069	0,627800	22,380000	52,345000
4,489725	1813,227749	33,119	0,625102	22,380000	52,345000
4,486352	1811,240748	33,169	0,624271	22,380000	52,345000
4,483055	1806,778465	33,219	0,622406	22,380000	52,345000
4,479731	1805,449125	33,270	0,621850	22,380000	52,345000
4,476370	1800,131766	33,320	0,619627	22,380000	52,345000
4,473013	1799,173894	33,370	0,619227	22,380000	52,345000
4,469694	1793,974516	33,421	0,617054	22,380000	52,345000
4,466306	1793,539969	33,472	0,616872	22,380000	52,345000
4,463015	1788,705050	33,522	0,614851	22,380000	52,345000
4,459734	1786,679501	33,572	0,614004	22,380000	52,345000
4,456409	1780,783913	33,623	0,611540	22,380000	52,345000
4,453004	1780,910072	33,674	0,611593	22,380000	52,345000
4,449740	1777,666156	33,725	0,610237	22,380000	52,345000
4,446428	1774,224824	33,776	0,608798	22,380000	52,345000
4,443049	1768,107291	33,826	0,606241	22,380000	52,345000
4,439762	1766,207900	33,876	0,605447	22,380000	52,345000
4,436410	1762,504906	33,927	0,603899	22,380000	52,345000
4,433123	1761,508485	33,977	0,603483	22,380000	52,345000
4,429754	1755,961003	34,027	0,601164	22,380000	52,345000
4,426308	1754,086143	34,077	0,600380	22,380000	52,345000
4,423007	1751,593339	34,128	0,599338	22,380000	52,345000
4,419744	1748,349422	34,178	0,597982	22,380000	52,345000
4,416380	1743,030895	34,228	0,595759	22,380000	52,345000
4,413061	1742,081200	34,279	0,595362	22,380000	52,345000
4,409718	1737,325714	34,329	0,593375	22,380000	52,345000
4,406447	1735,560659	34,380	0,592637	22,380000	52,345000
4,403046	1731,786408	34,430	0,591059	22,380000	52,345000
4,399652	1725,860450	34,480	0,588582	22,380000	52,345000
4,396459	1725,900166	34,530	0,588599	22,380000	52,345000
4,393081	1722,338517	34,581	0,587110	22,380000	52,345000
4,389747	1718,675239	34,631	0,585579	22,380000	52,345000
4,386407	1713,429136	34,682	0,583386	22,380000	52,345000
4,383081	1709,789221	34,732	0,581864	22,380000	52,345000
4,379739	1707,581443	34,782	0,580941	22,380000	52,345000
4,376390	1703,394840	34,834	0,579191	22,380000	52,345000
4,373043	1700,064481	34,885	0,577799	22,380000	52,345000
4,369688	1696,842759	34,941	0,576453	22,380000	52,345000
4,366433	1696,842759	34,991	0,576453	22,380000	52,345000
4,363075	1690,671492	35,042	0,573873	22,380000	52,345000
4,359707	1690,481086	35,092	0,573793	22,380000	52,345000
4,356415	1684,174314	35,142	0,571157	22,380000	52,345000
4,353022	1683,580900	35,192	0,570909	22,380000	52,345000
4,349754	1678,026409	35,243	0,568587	22,380000	52,345000
4,346397	1677,638588	35,294	0,568425	22,380000	52,345000
4,343027	1671,830611	35,345	0,565998	22,380000	52,345000
4,339802	1671,031605	35,396	0,565664	22,380000	52,345000
4,336396	1666,022634	35,446	0,563570	22,380000	52,345000
4,333102	1664,756373	35,497	0,563041	22,380000	52,345000
4,329739	1659,628252	35,547	0,560897	22,380000	52,345000
4,326417	1658,061780	35,597	0,560242	22,380000	52,345000
4,323115	1653,843638	35,648	0,558479	22,380000	52,345000
4,319725	1651,857805	35,698	0,557649	22,380000	52,345000
4,316458	1647,110496	35,748	0,555665	22,380000	52,345000
4,313036	1645,511317	35,798	0,554996	22,380000	52,345000
4,309714	1640,613319	35,848	0,552949	22,380000	52,345000
4,306450	1638,967414	35,898	0,552261	22,380000	52,345000
4,303078	1634,220105	35,948	0,550276	22,370000	52,335000
4,299725	1630,232085	35,998	0,548609	22,370000	52,335000
4,296374	1629,005542	36,049	0,548097	22,370000	52,335000
4,293112	1622,841283	36,099	0,545520	22,370000	52,335000
4,289754	1622,595974	36,149	0,545417	22,370000	52,335000
4,286431	1616,589414	36,199	0,542907	22,370000	52,335000
4,283089	1616,257663	36,249	0,542768	22,370000	52,335000
4,279669	1609,902998	36,300	0,540112	22,370000	52,335000
4,276414	1609,990608	36,351	0,540148	22,370000	52,335000
4,273027	1606,959293	36,401	0,538881	22,370000	52,335000
4,269760	1603,692014	36,451	0,537516	22,370000	52,335000
4,266410	1596,917987	36,501	0,534684	22,370000	52,335000
4,263052	1596,997421	36,552	0,534717	22,370000	52,335000
4,259737	1590,770083	36,602	0,532114	22,370000	52,335000
4,256436	1590,468703	36,652	0,531988	22,370000	52,335000
4,253089	1584,811416	36,703	0,529624	22,370000	52,335000
4,249767	1583,624589	36,754	0,529127	22,370000	52,335000
4,246403	1578,575901	36,804	0,527017	22,370000	52,335000
4,243072	1577,705639	36,854	0,526653	22,370000	52,335000
4,239760	1571,296071	36,904	0,523974	22,370000	52,335000
4,236389	1571,461947	36,955	0,524043	22,370000	52,335000
4,233079	1566,056977	37,005	0,521784	22,370000	52,335000
4,229733	1564,815247	37,055	0,521265	22,370000	52,335000
4,226383	1558,627626	37,106	0,518679	22,370000	52,335000
4,223080	1558,737431	37,156	0,518725	22,370000	52,335000
4,219724	1554,615076	37,206	0,517001	22,370000	52,335000
4,216461	1552,249598	37,257	0,516013	22,370000	52,335000
4,213071	1547,098114	37,307	0,513859	22,370000	52,335000
4,209722	1542,286558	37,357	0,511848	22,370000	52,335000
4,206409	1542,223479	37,407	0,511822	22,370000	52,335000
4,203068	1536,392139	37,458	0,509384	22,370000	52,335000
4,199760	1534,524288	37,508	0,508604	22,370000	52,335000
4,196415	1529,657829	37,559	0,506569	22,370000	52,335000
4,193114	1529,483777	37,609	0,506497	22,370000	52,335000
4,189730	1523,445677	37,659	0,503973	22,370000	52,335000
4,186400	1523,066032	37,709	0,503814	22,370000	52,335000
4,183060	1519,830293	37,759	0,502461	22,370000	52,335000
4,179691	1515,707938	37,809	0,500738	22,370000	52,335000
4,176421	1510,523746	37,859	0,498571	22,370000	52,335000
4,173047	1510,152278	37,910	0,498416	22,370000	52,335000
4,169763	1507,011158	37,961	0,497103	22,370000	52,335000
4,166429	1503,702994	38,011	0,495720	22,370000	52,335000
4,163118	1500,712564	38,061	0,494470	22,370000	52,335000
4,159772	1494,271456	38,112	0,491778	22,370000	52,335000
4,156458	1494,579844	38,164	0,491907	22,370000	52,335000
4,153179	1491,177062	38,214	0,490484	22,370000	52,335000
4,149806	1488,059304	38,264	0,489181	22,370000	52,335000
4,146412	1484,956732	38,314	0,487884	22,370000	52,335000
4,143047	1481,444144	38,364	0,486416	22,370000	52,335000
4,139758	1478,586881	38,414	0,485222	22,370000	52,335000
4,136455	1475,397867	38,464	0,483889	22,370000	52,335000
4,133143	1468,625009	38,514	0,481058	22,370000	52,335000
4,129746	1468,672903	38,564	0,481078	22,370000	52,335000
4,126463	1467,418324	38,614	0,480553	22,370000	52,335000
4,123083	1460,854562	38,665	0,477810	22,370000	52,335000
4,119782	1455,892316	38,716	0,475735	22,370000	52,335000
4,116455	1455,204284	38,766	0,475448	22,370000	52,335000
4,113067	1449,127635	38,816	0,472908	22,370000	52,335000
4,109774	1449,285334	38,866	0,472974	22,370000	52,335000
4,106503	1443,223871	38,916	0,470440	22,370000	52,335000
4,103070	1443,081358	38,966	0,470380	22,370000	52,335000
4,099755	1436,530446	39,016	0,467642	22,370000	52,335000
4,096478	1436,514092	39,067	0,467635	22,370000	52,335000
4,093103	1430,697938	39,118	0,465204	22,370000	52,335000
4,089804	1430,429267	39,168	0,465092	22,370000	52,335000
4,086413	1424,162212	39,218	0,462472	22,370000	52,335000
4,083157	1420,822509	39,268	0,461076	22,370000	52,335000
4,079751	1417,538876	39,318	0,459704	22,370000	52,335000
4,076414	1417,412717	39,369	0,459651	22,370000	52,335000
4,073113	1414,301968	39,419	0,458351	22,370000	52,335000
4,069819	1410,615328	39,469	0,456810	22,370000	52,335000
4,066417	1408,043090	39,519	0,455734	22,370000	52,335000
4,063176	1404,418361	39,570	0,454219	22,370000	52,335000
4,059790	1401,593806	39,620	0,453039	22,370000	52,335000
4,056426	1398,192191	39,671	0,451617	22,370000	52,335000
4,053136	1392,865487	39,722	0,449390	22,370000	52,335000
4,049780	1391,600394	39,772	0,448861	22,370000	52,335000
4,046453	1388,870458	39,822	0,447720	22,370000	52,335000
4,043095	1385,411605	39,872	0,446274	22,370000	52,335000
4,039833	1381,907194	39,922	0,444810	22,370000	52,335000
4,036443	1378,733366	39,972	0,443483	22,380000	52,360000
4,033144	1376,066509	40,022	0,442368	22,380000	52,360000
4,029808	1373,447546	40,072	0,441273	22,380000	52,360000
4,026526	1368,224806	40,123	0,439090	22,380000	52,360000
4,023126	1362,931977	40,173	0,436878	22,380000	52,360000
4,019787	1360,145970	40,224	0,435713	22,380000	52,360000
4,016523	1356,434799	40,274	0,434162	22,380000	52,360000
4,013148	1356,972142	40,324	0,434387	22,380000	52,360000
4,009724	1350,167744	40,375	0,431542	22,380000	52,360000
4,006491	1350,254187	40,425	0,431579	22,380000	52,360000
4,003118	1347,010270	40,475	0,430223	22,380000	52,360000
3,999790	1340,624065	40,526	0,427553	22,380000	52,360000
3,996447	1338,954798	40,584	0,426855	22,380000	52,360000
3,993153	1334,428267	40,634	0,424963	22,380000	52,360000
3,989783	1332,838433	40,685	0,424299	22,380000	52,360000
3,986499	1327,623869	40,735	0,422119	22,380000	52,360000
3,983199	1327,567799	40,785	0,422096	22,380000	52,360000
3,979801	1321,751645	40,835	0,419665	22,380000	52,360000
3,976417	1318,413109	40,885	0,418269	22,380000	52,360000
3,973146	1315,437864	40,949	0,417025	22,380000	52,360000
3,969820	1312,185771	41,000	0,415666	22,380000	52,360000
3,966480	1311,892569	41,050	0,415543	22,380000	52,360000
3,963060	1308,900970	41,100	0,414293	22,380000	52,360000
3,959812	1305,428099	41,151	0,412841	22,380000	52,360000
3,956540	1302,325527	41,202	0,411544	22,380000	52,360000
3,953142	1299,168053	41,252	0,410225	22,380000	52,360000
3,949829	1296,192808	41,302	0,408981	22,380000	52,360000
3,946434	1293,106590	41,352	0,407691	22,380000	52,360000
3,943126	1289,728338	41,402	0,406279	22,380000	52,360000
3,939833	1286,111786	41,452	0,404767	22,380000	52,360000
3,936453	1283,492823	41,503	0,403672	22,380000	52,360000
3,933152	1280,190500	41,554	0,402292	22,380000	52,360000
3,929794	1275,009812	41,604	0,400126	22,380000	52,360000
3,926490	1270,499636	41,654	0,398241	22,380000	52,360000
3,923146	1266,962517	41,704	0,396763	22,380000	52,360000
3,919823	1264,366916	41,758	0,395678	22,380000	52,360000
3,916480	1260,861337	41,809	0,394212	22,380000	52,360000
3,913100	1258,099862	41,859	0,393058	22,380000	52,360000
3,909744	1257,609244	41,909	0,392853	22,380000	52,360000
3,906529	1251,912240	41,960	0,390472	22,380000	52,335000
3,903114	1251,065341	42,011	0,390118	22,380000	52,335000
3,899740	1245,756158	42,061	0,387898	22,380000	52,335000
3,896475	1244,948976	42,112	0,387561	22,380000	52,335000
3,893111	1240,279932	42,162	0,385609	22,380000	52,335000
3,889837	1238,705284	42,212	0,384951	22,380000	52,335000
3,886521	1233,997692	42,262	0,382983	22,380000	52,335000
3,883144	1232,312070	42,313	0,382279	22,380000	52,335000
3,879787	1227,595133	42,363	0,380307	22,380000	52,335000
3,876471	1222,753205	42,413	0,378283	22,380000	52,335000
3,873180	1219,405325	42,464	0,376884	22,380000	52,335000
3,869835	1216,421903	42,514	0,375637	22,380000	52,335000
3,866460	1214,634653	42,564	0,374890	22,380000	52,335000
3,863194	1213,051828	42,615	0,374228	22,380000	52,335000
3,859830	1209,284586	42,666	0,372653	22,380000	52,335000
3,856534	1206,555818	42,716	0,371513	22,380000	52,335000
3,853206	1203,191584	42,766	0,370106	22,380000	52,335000
3,849822	1196,861450	42,816	0,367460	22,380000	52,335000
3,846507	1193,680613	42,867	0,366131	22,380000	52,335000
3,843141	1192,644475	42,918	0,365698	22,380000	52,335000
3,839833	1187,453275	42,969	0,363528	22,380000	52,335000
3,836467	1186,234908	43,020	0,363019	22,380000	52,335000
3,833106	1180,869655	43,070	0,360776	22,380000	52,335000
3,829827	1180,672239	43,120	0,360693	22,380000	52,335000
3,826507	1177,760074	43,170	0,359476	22,380000	52,335000
3,823117	1173,494038	43,220	0,357693	22,380000	52,335000
3,819832	1171,524559	43,270	0,356870	22,380000	52,335000
3,816503	1166,595021	43,321	0,354809	22,380000	52,335000
3,813181	1165,225964	43,373	0,354237	22,380000	52,335000
3,809823	1160,667894	43,423	0,352332	22,380000	52,335000
3,806467	1158,887653	43,473	0,351587	22,380000	52,335000
3,803171	1154,487281	43,523	0,349748	22,380000	52,335000
3,799820	1149,067126	43,573	0,347482	22,380000	52,335000
3,796475	1147,880299	43,623	0,346986	22,380000	52,335000
3,793189	1146,171314	43,673	0,346272	22,380000	52,335000
3,789809	1141,035016	43,723	0,344125	22,380000	52,335000
3,786505	1139,785110	43,774	0,343603	22,380000	52,335000
3,783113	1135,417445	43,824	0,341777	22,380000	52,335000
3,779843	1133,574125	43,875	0,341006	22,380000	52,335000
3,776485	1130,107095	43,925	0,339557	22,380000	52,335000
3,773166	1126,871355	43,975	0,338205	22,370000	52,320000
3,769848	1123,097105	44,025	0,336627	22,370000	52,320000
3,766496	1120,730459	44,075	0,335638	22,370000	52,320000
3,763155	1117,367393	44,125	0,334232	22,370000	52,320000
3,759799	1114,179547	44,176	0,332899	22,370000	52,320000
3,756465	1107,548034	44,226	0,330127	22,370000	52,320000
3,753159	1104,968787	44,292	0,329049	22,370000	52,320000
3,749859	1101,407138	44,342	0,327561	22,370000	52,320000
3,746460	1099,682968	44,396	0,326840	22,370000	52,320000
3,743147	1097,656250	44,446	0,325993	22,370000	52,320000
3,739884	1092,212732	44,497	0,323717	22,370000	52,320000
3,736539	1091,801548	44,547	0,323545	22,370000	52,320000
3,733144	1085,945677	44,598	0,321098	22,370000	52,320000
3,729868	1085,320724	44,650	0,320836	22,370000	52,320000
3,726496	1078,807192	44,700	0,318114	22,370000	52,320000
3,723110	1079,188005	44,752	0,318273	22,370000	52,320000
3,719837	1074,978039	44,802	0,316513	22,370000	52,320000
3,716488	1072,541305	44,852	0,315495	22,370000	52,320000
3,713156	1065,790642	44,902	0,312673	22,370000	52,320000
3,709811	1066,320976	44,952	0,312895	22,370000	52,320000
3,706475	1061,573667	45,002	0,310910	22,370000	52,320000
3,703179	1056,644129	45,052	0,308850	22,370000	52,320000
3,699832	1055,313621	45,102	0,308293	22,370000	52,320000
3,696506	1050,178491	45,152	0,306147	22,370000	52,320000
3,693175	1048,912231	45,203	0,305618	22,370000	52,320000
3,689877	1043,990870	45,253	0,303561	22,370000	52,320000
3,686521	1043,539969	45,303	0,303372	22,370000	52,320000
3,683153	1037,881514	45,353	0,301007	22,370000	52,320000
3,679829	1037,067322	45,403	0,300667	22,370000	52,320000
3,676483	1034,305846	45,453	0,299512	22,370000	52,320000
3,673191	1030,253579	45,503	0,297818	22,370000	52,320000
3,669846	1027,911465	45,554	0,296839	22,370000	52,320000
3,666500	1024,129037	45,605	0,295258	22,370000	52,320000
3,663185	1021,455172	45,655	0,294141	22,370000	52,320000
3,659822	1015,108683	45,706	0,291488	22,370000	52,320000
3,656521	1015,417072	45,756	0,291617	22,370000	52,320000
3,653183	1011,919670	45,806	0,290155	22,370000	52,320000
3,649877	1008,636037	45,856	0,288782	22,370000	52,320000
3,646574	1005,470385	45,907	0,287459	22,370000	52,320000
3,643172	1002,463601	45,957	0,286202	22,370000	52,335000
3,639819	999,369206	46,007	0,284909	22,370000	52,335000
3,636493	996,236263	46,057	0,283599	22,370000	52,335000
3,633204	992,651250	46,107	0,282101	22,370000	52,335000
3,629855	989,692359	46,158	0,280864	22,370000	52,335000
3,626495	986,503346	46,209	0,279531	22,370000	52,335000
3,623197	983,788595	46,260	0,278396	22,370000	52,335000
3,619781	976,730712	46,310	0,275446	22,370000	52,335000
3,616492	975,583601	46,360	0,274966	22,370000	52,335000
3,613176	970,384224	46,410	0,272793	22,370000	52,335000
3,609888	969,379626	46,460	0,272373	22,370000	52,335000
3,606505	964,473451	46,510	0,270322	22,370000	52,335000
3,603184	963,737524	46,560	0,270015	22,370000	52,335000
3,599863	957,636345	46,610	0,267464	22,370000	52,335000
3,596458	957,612982	46,661	0,267455	22,370000	52,335000
3,593164	951,495449	46,712	0,264897	22,370000	52,335000
3,589871	951,171875	46,762	0,264762	22,370000	52,335000
3,586497	944,737777	46,812	0,262073	22,370000	52,335000
3,583157	944,976077	46,862	0,262172	22,370000	52,335000
3,579859	941,984478	46,913	0,260922	22,370000	52,335000
3,576532	936,904250	46,963	0,258798	22,370000	52,335000
3,573157	935,844750	47,014	0,258355	22,370000	52,335000
3,569827	931,966535	47,064	0,256734	22,370000	52,335000
3,566523	929,259962	47,114	0,255603	22,370000	52,335000
3,563174	926,174912	47,164	0,254313	22,370000	52,335000
3,559830	922,598077	47,214	0,252818	22,370000	52,335000
3,556588	919,195294	47,264	0,251396	22,370000	52,335000
3,553190	916,544791	47,314	0,250288	22,370000	52,335000
3,549889	913,133831	47,364	0,248862	22,370000	52,335000
3,546545	910,150409	47,414	0,247615	22,370000	52,335000
3,543179	903,646223	47,464	0,244896	22,370000	52,335000
3,539885	900,401138	47,514	0,243540	22,370000	52,335000
3,536527	900,228254	47,564	0,243468	22,370000	52,335000
3,533198	894,854824	47,615	0,241222	22,370000	52,335000
3,529881	893,810509	47,665	0,240785	22,370000	52,335000
3,526559	890,818911	47,715	0,239535	22,370000	52,335000
3,523201	887,780586	47,765	0,238265	22,370000	52,335000
3,519892	882,415333	47,815	0,236022	22,370000	52,335000
3,516545	881,117533	47,865	0,235479	22,370000	52,335000
3,513214	875,586405	47,915	0,233167	22,370000	52,335000
3,509861	875,088778	47,965	0,232959	22,370000	52,335000
3,506544	869,185014	48,015	0,230492	22,370000	52,335000
3,503206	868,718928	48,065	0,230297	22,370000	52,335000
3,499856	864,935332	48,115	0,228715	22,370000	52,335000
3,496554	859,547884	48,165	0,226463	22,370000	52,335000
3,493200	856,421950	48,215	0,225157	22,370000	52,335000
3,489887	856,500215	48,265	0,225189	22,370000	52,335000
3,486515	850,123355	48,316	0,222524	22,370000	52,335000
3,483213	849,536951	48,366	0,222279	22,370000	52,335000
3,479920	846,554697	48,416	0,221032	22,370000	52,335000
3,476534	842,059706	48,466	0,219153	22,370000	52,335000
3,473290	840,175501	48,516	0,218366	22,370000	52,335000
3,469880	837,098628	48,567	0,217080	22,370000	52,335000
3,466529	833,608235	48,618	0,215621	22,370000	52,335000
3,463200	830,689061	48,668	0,214400	22,370000	52,335000
3,459870	827,602843	48,718	0,213110	22,370000	52,335000
3,456548	824,128803	48,768	0,211658	22,370000	52,335000
3,453235	821,105665	48,818	0,210395	22,370000	52,335000
3,449904	814,578116	48,868	0,207666	22,370000	52,335000
3,446599	813,477731	48,918	0,207206	22,370000	52,335000
3,443257	808,357786	48,968	0,205066	22,370000	52,335000
3,439867	807,890532	49,018	0,204871	22,370000	52,335000
3,436563	802,193528	49,068	0,202489	22,370000	52,335000
3,433199	801,830237	49,120	0,202337	22,370000	52,335000
3,429919	795,618085	49,170	0,199741	22,370000	52,335000
3,426578	792,611300	49,264	0,198484	22,370000	52,335000
3,423260	790,071770	49,315	0,197422	22,370000	52,335000
3,419891	789,707312	49,365	0,197270	22,370000	52,335000
3,416549	784,413315	49,415	0,195057	22,370000	52,335000
3,413243	779,942855	49,465	0,193188	22,370000	52,335000
3,409904	778,305127	49,515	0,192504	22,370000	52,335000
3,406606	773,652437	49,565	0,190559	22,370000	52,335000
3,403266	772,694565	49,616	0,190159	22,370000	52,335000
3,399899	767,131897	49,667	0,187833	22,370000	52,335000
3,396522	767,242870	49,717	0,187880	22,370000	52,335000
3,393238	763,934706	49,767	0,186497	22,370000	52,335000
3,389868	758,451471	49,817	0,184205	22,370000	52,335000
3,386577	757,596395	49,867	0,183848	22,370000	52,335000
3,383219	752,453088	49,917	0,181698	22,370000	52,335000
3,379934	751,155287	49,967	0,181155	22,380000	52,305000
3,376573	747,895017	50,017	0,179792	22,380000	52,305000
3,373269	744,833330	50,067	0,178513	22,380000	52,305000
3,369953	738,667903	50,118	0,175936	22,380000	52,305000
3,366576	738,889849	50,168	0,176028	22,380000	52,305000
3,363250	733,841161	50,218	0,173918	22,380000	52,305000
3,359873	732,322583	50,268	0,173283	22,380000	52,305000
3,356559	727,479488	50,318	0,171259	22,380000	52,305000
3,353276	725,667707	50,368	0,170501	22,380000	52,305000
3,349902	721,022026	50,418	0,168560	22,380000	52,305000
3,346590	719,384298	50,469	0,167875	22,380000	52,305000
3,343273	715,752561	50,520	0,166357	22,380000	52,305000
3,339923	712,999262	50,571	0,165206	22,380000	52,305000
3,336593	709,747168	50,622	0,163847	22,380000	52,305000
3,333239	706,898082	50,672	0,162656	22,380000	52,305000
3,329918	703,748785	50,722	0,161339	22,380000	52,305000
3,326571	698,043604	50,772	0,158955	22,380000	52,305000
3,323269	693,857001	50,823	0,157205	22,380000	52,305000
3,319892	693,722666	50,873	0,157148	22,380000	52,305000
3,316580	690,621262	50,923	0,155852	22,380000	52,305000
3,313310	685,050417	50,974	0,153523	22,380000	52,305000
3,309963	684,607693	51,024	0,153338	22,380000	52,305000
3,306564	679,376776	51,074	0,151152	22,380000	52,305000
3,303199	678,466797	51,125	0,150771	22,380000	52,305000
3,300015	672,009336	51,175	0,148072	22,380000	52,305000
3,296585	671,606328	51,225	0,147904	22,380000	52,305000
3,293224	667,404540	51,276	0,146147	22,380000	52,305000
3,289927	662,007747	51,327	0,143892	22,380000	52,305000
3,286582	660,313948	51,377	0,143184	22,380000	52,305000
3,283232	658,913352	51,427	0,142598	22,380000	52,305000
3,279902	654,767634	51,478	0,140865	22,380000	52,305000
3,276571	649,576434	51,528	0,138695	22,380000	52,305000
3,273304	649,314771	51,578	0,138586	22,380000	52,305000
3,269930	645,968058	51,628	0,137187	22,380000	52,305000
3,266559	642,059472	51,678	0,135553	22,380000	52,305000
3,263257	636,971068	51,728	0,133426	22,380000	52,305000
3,259940	636,258504	51,779	0,133128	22,380000	52,305000
3,256577	633,544922	51,829	0,131994	22,380000	52,305000
3,253230	629,374673	51,879	0,130251	22,380000	52,305000
3,249963	627,198434	51,929	0,129341	22,380000	52,305000
3,246572	623,479086	51,979	0,127787	22,370000	52,320000
3,243231	620,868300	52,029	0,126695	22,370000	52,320000
3,239892	614,197069	52,079	0,123907	22,370000	52,320000
3,236603	611,103843	52,129	0,122614	22,370000	52,320000
3,233259	610,953153	52,179	0,122551	22,370000	52,320000
3,229939	604,694275	52,229	0,119935	22,370000	52,320000
3,226656	601,647774	52,279	0,118661	22,370000	52,320000
3,223232	598,608282	52,330	0,117391	22,370000	52,320000
3,219914	597,976320	52,381	0,117126	22,370000	52,320000
3,216592	591,494328	52,431	0,114417	22,370000	52,320000
3,213241	591,961582	52,482	0,114612	22,370000	52,320000
3,209869	585,528652	52,532	0,111923	22,370000	52,320000
3,206585	585,821854	52,583	0,112046	22,370000	52,320000
3,203272	579,483543	52,633	0,109396	22,370000	52,320000
3,199971	579,158801	52,683	0,109261	22,370000	52,320000
3,196620	573,753831	52,734	0,107001	22,370000	52,320000
3,193237	572,575181	52,785	0,106509	22,370000	52,320000
3,189915	568,531091	52,835	0,104818	22,370000	52,320000
3,186521	566,276587	52,885	0,103876	22,370000	52,320000
3,183276	561,940462	52,935	0,102063	22,370000	52,320000
3,179972	556,384803	52,985	0,099741	22,370000	52,320000
3,176611	556,329901	53,035	0,099718	22,370000	52,320000
3,173306	551,486805	53,086	0,097694	22,370000	52,320000
3,169887	549,651662	53,136	0,096927	22,370000	52,320000
3,166539	546,857478	53,186	0,095759	22,370000	52,320000
3,163250	542,695406	53,236	0,094019	22,370000	52,320000
3,159994	540,321752	53,286	0,093027	22,370000	52,320000
3,156590	534,711190	53,336	0,090682	22,370000	52,320000
3,153282	533,983440	53,387	0,090377	22,370000	52,320000
3,150005	529,718572	53,437	0,088595	22,370000	52,320000
3,146623	527,534156	53,488	0,087682	22,370000	52,320000
3,143273	524,108011	53,539	0,086250	22,370000	52,320000
3,139967	521,298641	53,589	0,085075	22,370000	52,320000
3,136572	517,801239	53,639	0,083613	22,370000	52,320000
3,133297	515,016401	53,689	0,082449	22,370000	52,320000
3,129957	508,416427	53,739	0,079690	22,370000	52,320000
3,126616	507,428183	53,797	0,079277	22,370000	52,320000
3,123271	502,631813	53,848	0,077272	22,370000	52,320000
3,119931	501,516242	53,899	0,076806	22,370000	52,320000
3,116614	495,946565	53,951	0,074478	22,380000	52,345000
3,113241	495,487487	54,002	0,074286	22,380000	52,345000
3,110004	490,153774	54,053	0,072057	22,380000	52,345000
3,106631	488,903867	54,103	0,071534	22,380000	52,345000
3,103297	485,888906	54,154	0,070274	22,380000	52,345000
3,099987	482,660175	54,204	0,068924	22,380000	52,345000
3,096631	477,754000	54,255	0,066874	22,380000	52,345000
3,093323	476,139634	54,305	0,066199	22,380000	52,345000
3,089987	471,518485	54,355	0,064267	22,380000	52,345000
3,086573	469,706704	54,405	0,063510	22,380000	52,345000
3,083290	466,430080	54,455	0,062140	22,380000	52,345000
3,080000	463,154624	54,506	0,060771	22,380000	52,345000
3,076577	459,934070	54,557	0,059425	22,380000	52,345000
3,073251	456,673800	54,607	0,058062	22,380000	52,345000
3,069947	453,231300	54,657	0,056623	22,380000	52,345000
3,066659	447,051856	54,707	0,054040	22,380000	52,345000
3,063254	446,141877	54,758	0,053660	22,380000	52,345000
3,059963	440,602572	54,808	0,051344	22,380000	52,345000
3,056655	439,946079	54,858	0,051070	22,380000	52,345000
3,053336	434,065677	54,908	0,048612	22,380000	52,345000
3,049951	430,498187	54,961	0,047121	22,380000	52,345000
3,046618	427,942303	55,011	0,046052	22,380000	52,345000
3,043292	427,410801	55,061	0,045830	22,380000	52,345000
3,039942	422,346927	55,111	0,043713	22,380000	52,345000
3,036640	420,939322	55,163	0,043125	22,380000	52,345000
3,033314	416,729357	55,213	0,041365	22,380000	52,345000
3,029961	414,798426	55,264	0,040558	22,380000	52,345000
3,026663	408,277886	55,315	0,037833	22,380000	52,345000
3,023293	407,992860	55,370	0,037713	22,380000	52,345000
3,019959	404,820200	55,420	0,036387	22,380000	52,345000
3,016651	399,716610	55,470	0,034254	22,380000	52,345000
3,013348	395,039390	55,520	0,032299	22,380000	52,345000
3,009889	393,955358	55,570	0,031846	22,380000	52,345000
3,006610	388,518849	55,621	0,029573	22,380000	52,345000
3,003317	388,258355	55,672	0,029464	22,380000	52,345000
2,999952	381,895512	55,722	0,026805	22,380000	52,345000
2,996659	380,978525	55,772	0,026421	22,380000	52,345000
2,993306	375,518653	55,822	0,024139	22,380000	52,345000
2,989943	372,994309	55,872	0,023084	22,380000	52,345000
2,986619	372,400895	55,922	0,022836	22,380000	52,345000
2,983290	366,702723	55,972	0,020454	22,380000	52,305000
2,979972	365,389737	56,022	0,019905	22,380000	52,305000
2,976568	362,351413	56,072	0,018635	22,380000	52,305000
2,973317	357,279362	56,122	0,016515	22,380000	52,305000
2,969890	353,788969	56,172	0,015056	22,380000	52,305000
2,966635	352,824088	56,222	0,014653	22,380000	52,305000
2,963322	346,976394	56,272	0,012208	22,380000	52,305000
2,960006	346,643475	56,322	0,012069	22,380000	52,305000
2,956604	340,590190	56,373	0,009539	22,380000	52,305000
2,953340	340,004953	56,423	0,009294	22,380000	52,305000
2,949993	335,193397	56,473	0,007283	22,380000	52,305000
2,946711	329,947294	56,524	0,005090	22,380000	52,305000
2,943333	330,034904	56,575	0,005127	22,380000	52,305000
2,940005	323,711779	56,625	0,002484	22,380000	52,305000
2,936599	323,751495	56,676	0,002500	22,380000	52,305000
2,933303	317,333751	56,726	-0,000182	22,380000	52,305000
2,929968	314,176277	56,776	-0,001502	22,380000	52,305000
2,926624	311,035156	56,826	-0,002815	22,380000	52,305000
2,923325	310,750131	56,876	-0,002934	22,380000	52,305000
2,920011	304,277484	56,926	-0,005640	22,380000	52,305000
2,916693	304,419997	56,977	-0,005580	22,380000	52,305000
2,913331	298,041969	57,027	-0,008246	22,380000	52,305000
2,909990	297,702041	57,079	-0,008388	22,380000	52,305000
2,906698	291,672118	57,129	-0,010909	22,380000	52,305000
2,903370	291,133607	57,179	-0,011134	22,380000	52,305000
2,900008	285,753168	57,229	-0,013383	22,380000	52,305000
2,896620	284,937808	57,279	-0,013724	22,380000	52,305000
2,893312	278,742010	57,330	-0,016313	22,380000	52,305000
2,889966	274,967759	57,381	-0,017891	22,380000	52,305000
2,886633	273,923445	57,432	-0,018328	22,380000	52,305000
2,883294	268,329237	57,482	-0,020666	22,380000	52,305000
2,879993	265,622664	57,532	-0,021797	22,380000	52,305000
2,876656	261,856590	57,583	-0,023372	22,380000	52,305000
2,873318	261,879953	57,633	-0,023362	22,380000	52,305000
2,869971	255,944649	57,683	-0,025843	22,380000	52,305000
2,866634	255,248439	57,734	-0,026134	22,380000	52,305000
2,863309	249,226693	57,789	-0,028651	22,380000	52,305000
2,860008	248,989562	57,839	-0,028750	22,380000	52,305000
2,856694	243,379000	57,889	-0,031095	22,380000	52,305000
2,853312	242,919922	57,940	-0,031287	22,380000	52,305000
2,849991	237,088582	57,990	-0,033725	22,380000	52,305000
2,846699	236,478815	58,041	-0,033979	22,380000	52,305000
2,843280	230,861244	58,091	-0,036328	22,380000	52,305000
2,840030	227,720124	58,142	-0,037641	22,380000	52,305000
2,836644	223,438902	58,202	-0,039430	22,380000	52,305000
2,833343	223,177239	58,252	-0,039540	22,380000	52,305000
2,829989	220,091021	58,303	-0,040830	22,380000	52,305000
2,826678	216,356487	58,353	-0,042391	22,380000	52,305000
2,823357	210,888438	58,404	-0,044676	22,380000	52,305000
2,819979	209,583629	58,454	-0,045222	22,380000	52,305000
2,816617	207,312771	58,505	-0,046171	22,380000	52,305000
2,813280	200,918389	58,555	-0,048844	22,380000	52,305000
2,809961	197,364917	58,605	-0,050329	22,380000	52,305000
2,806661	197,064705	58,655	-0,050455	22,380000	52,305000
2,803362	191,177295	58,705	-0,052916	22,380000	52,305000
2,799978	190,568696	58,755	-0,053170	22,380000	52,305000
2,796639	184,792259	58,805	-0,055584	22,380000	52,305000
2,793327	183,889289	58,855	-0,055962	22,380000	52,305000
2,790019	178,137382	58,905	-0,058366	22,380000	52,305000
2,786654	174,877112	58,955	-0,059729	22,380000	52,305000
2,783288	171,759354	59,005	-0,061032	22,380000	52,305000
2,779999	171,553762	59,055	-0,061118	22,380000	52,305000
2,776655	165,459592	59,106	-0,063666	22,380000	52,305000
2,773411	162,802080	59,156	-0,064776	22,380000	52,305000
2,769995	159,185528	59,207	-0,066288	22,380000	52,305000
2,766673	159,043015	59,258	-0,066348	22,380000	52,305000
2,763314	152,134653	59,309	-0,069235	22,380000	52,305000
2,760057	152,506121	59,371	-0,069080	22,380000	52,305000
2,756689	145,693546	59,422	-0,071928	22,380000	52,305000
2,753327	145,037053	59,472	-0,072202	22,380000	52,305000
2,750003	139,734880	59,522	-0,074418	22,380000	52,305000
2,746706	137,487384	59,572	-0,075358	22,380000	52,305000
2,743311	136,364805	59,622	-0,075827	22,380000	52,305000
2,739992	131,861637	59,674	-0,077709	22,380000	52,305000
2,736685	126,449658	59,725	-0,079972	22,380000	52,305000
2,733354	126,418118	59,775	-0,079985	22,380000	52,305000
2,729972	120,119524	59,825	-0,082618	22,380000	52,305000
2,726637	119,422146	59,875	-0,082909	22,380000	52,305000
2,723331	113,598983	59,926	-0,085343	22,380000	52,305000
2,720015	113,511373	59,977	-0,085380	22,380000	52,345000
2,716656	110,512765	60,027	-0,086633	22,380000	52,345000
2,713347	107,212778	60,078	-0,088013	22,380000	52,345000
2,710022	101,348731	60,128	-0,090464	22,380000	52,345000
2,706659	100,740132	60,178	-0,090718	22,380000	52,345000
2,703326	97,496215	60,229	-0,092074	22,380000	52,345000
2,700035	94,409997	60,280	-0,093364	22,380000	52,345000
2,696653	89,543539	60,330	-0,095398	22,380000	52,345000
2,693315	84,700443	60,380	-0,097423	22,380000	52,345000
2,690022	84,304445	60,431	-0,097588	22,380000	52,345000
2,686700	81,408633	60,481	-0,098799	22,380000	52,345000
2,683373	75,038782	60,531	-0,101461	22,380000	52,345000
2,679995	74,294679	60,585	-0,101772	22,380000	52,345000
2,676653	71,407044	60,635	-0,102979	22,380000	52,345000
2,673299	65,274325	60,685	-0,105543	22,380000	52,345000
2,670013	65,092096	60,735	-0,105619	22,380000	52,345000
2,666707	59,173146	60,785	-0,108093	22,380000	52,345000
2,663357	58,357786	60,836	-0,108434	22,380000	52,345000
2,660003	52,178342	60,886	-0,111017	22,380000	52,345000
2,656674	49,092124	60,936	-0,112307	22,380000	52,345000
2,653324	45,982543	60,987	-0,113607	22,380000	52,345000
2,650046	46,005906	61,038	-0,113597	22,380000	52,345000
2,646676	40,633644	61,088	-0,115843	22,380000	52,345000
2,643352	39,168800	61,138	-0,116455	22,380000	52,345000
2,640046	35,987964	61,188	-0,117785	22,380000	52,345000
2,636622	29,412521	61,239	-0,120533	22,380000	52,345000
2,633309	26,286586	61,289	-0,121840	22,380000	52,345000
2,629997	26,160427	61,339	-0,121893	22,380000	52,345000
2,626651	21,254252	61,390	-0,123943	22,380000	52,345000
2,623338	16,553669	61,440	-0,125908	22,380000	52,345000
2,619999	15,612150	61,490	-0,126302	22,380000	52,345000
2,616705	10,523746	61,540	-0,128429	22,380000	52,345000
2,613316	9,282016	61,591	-0,128948	22,380000	52,345000
2,609998	3,711171	61,641	-0,131276	22,380000	52,345000
2,606677	3,212377	61,691	-0,131485	22,380000	52,345000
2,603305	0,467255	61,741	-0,132632	22,380000	52,345000
2,599983	-2,753299	61,791	-0,133979	22,380000	52,345000
2,596624	-9,116141	61,841	-0,136638	22,380000	52,345000
2,593399	-9,266831	61,892	-0,136701	22,380000	52,345000
2,590035	-11,718750	61,942	-0,137726	22,370000	52,360000
