Quasi static measurement routine
Tip parameters (shape,radius, material...) 
18.08.2022

Piezo position[nm]	MEMS displ.[nm]	Time[ms]	Cap [pf]	Temp [°C]	Rh [%]
eoh
2,659989	0,182229	0,189	-0,137835	22,430000	56,235000
2,661646	-0,007009	0,250	-0,137915	22,430000	56,235000
2,663309	1,811780	0,300	-0,137154	22,430000	56,260000
2,664947	3,948303	0,350	-0,136261	22,430000	56,260000
2,666660	4,780016	0,401	-0,135914	22,430000	56,260000
2,668294	6,394382	0,451	-0,135239	22,430000	56,260000
2,669997	8,087012	0,501	-0,134531	22,430000	56,260000
2,671651	9,820527	0,551	-0,133807	22,430000	56,260000
2,673325	11,260840	0,601	-0,133205	22,430000	56,260000
2,674976	13,190603	0,651	-0,132398	22,430000	56,260000
2,676657	14,750065	0,701	-0,131746	22,430000	56,260000
2,678319	16,791969	0,751	-0,130893	22,430000	56,260000
2,679978	17,654054	0,801	-0,130532	22,430000	56,260000
2,681660	19,387569	0,852	-0,129808	22,430000	56,260000
2,683313	21,080200	0,902	-0,129100	22,430000	56,260000
2,684994	22,465610	0,952	-0,128521	22,430000	56,260000
2,686669	24,007551	1,003	-0,127876	22,430000	56,260000
2,688350	25,732889	1,053	-0,127155	22,430000	56,260000
2,690003	27,332069	1,103	-0,126487	22,430000	56,260000
2,691669	28,835461	1,154	-0,125858	22,430000	56,260000
2,693301	30,425295	1,204	-0,125194	22,430000	56,260000
2,694997	32,483553	1,255	-0,124333	22,430000	56,260000
2,696630	33,756822	1,305	-0,123801	22,430000	56,260000
2,698323	35,308108	1,355	-0,123153	22,430000	56,260000
2,700000	38,014681	1,406	-0,122021	22,430000	56,260000
2,701661	38,164203	1,456	-0,121959	22,430000	56,260000
2,703333	40,261009	1,506	-0,121083	22,430000	56,260000
2,704977	41,661605	1,556	-0,120497	22,430000	56,260000
2,706622	44,146232	1,606	-0,119458	22,430000	56,260000
2,708355	46,464984	1,656	-0,118489	22,430000	56,260000
2,709997	46,947424	1,706	-0,118288	22,430000	56,260000
2,711613	49,930846	1,756	-0,117041	22,430000	56,260000
2,713287	50,983338	1,806	-0,116601	22,430000	56,260000
2,715007	53,167754	1,859	-0,115687	22,430000	56,260000
2,716629	52,874551	1,909	-0,115810	22,430000	56,260000
2,718230	54,155998	1,959	-0,115274	22,430000	56,260000
2,719980	57,677931	2,011	-0,113802	22,430000	56,260000
2,721678	59,038810	2,062	-0,113233	22,430000	56,260000
2,723296	60,764148	2,113	-0,112512	22,430000	56,260000
2,725002	61,112253	2,164	-0,112367	22,430000	56,260000
2,726654	63,999888	2,215	-0,111160	22,430000	56,260000
2,728290	64,886504	2,265	-0,110789	22,430000	56,260000
2,729982	65,464732	2,315	-0,110547	22,430000	56,275000
2,731610	68,107057	2,365	-0,109443	22,430000	56,275000
2,733295	70,710835	2,416	-0,108354	22,430000	56,275000
2,734954	71,216638	2,466	-0,108143	22,430000	56,275000
2,736674	71,866122	2,516	-0,107872	22,430000	56,275000
2,738326	74,604235	2,566	-0,106727	22,430000	56,275000
2,739980	75,996654	2,616	-0,106145	22,430000	56,275000
2,741642	77,491870	2,666	-0,105520	22,430000	56,275000
2,743256	78,244150	2,716	-0,105206	22,430000	56,275000
2,744920	80,515008	2,767	-0,104256	22,430000	56,275000
2,746614	81,433164	2,818	-0,103873	22,430000	56,275000
2,748282	83,601226	2,868	-0,102966	22,430000	56,275000
2,749970	84,692266	2,918	-0,102510	22,430000	56,275000
2,751661	86,615019	2,968	-0,101707	22,430000	56,275000
2,753299	87,874271	3,018	-0,101180	22,430000	56,275000
2,754989	89,654512	3,074	-0,100436	22,430000	56,275000
2,756656	91,110010	3,124	-0,099828	22,430000	56,275000
2,758351	92,170679	3,174	-0,099384	22,430000	56,275000
2,759975	94,188051	3,224	-0,098541	22,430000	56,275000
2,761662	95,596825	3,275	-0,097952	22,430000	56,275000
2,763307	97,100217	3,326	-0,097324	22,430000	56,275000
2,764997	98,643326	3,377	-0,096679	22,430000	56,275000
2,766608	100,297408	3,430	-0,095987	22,430000	56,275000
2,768293	101,983029	3,481	-0,095283	22,430000	56,275000
2,769955	105,140504	3,531	-0,093963	22,430000	56,275000
2,771645	105,757280	3,581	-0,093705	22,430000	56,275000
2,773302	108,384420	3,631	-0,092607	22,430000	56,275000
2,774911	109,982431	3,681	-0,091939	22,430000	56,275000
2,776579	109,879635	3,731	-0,091982	22,430000	56,275000
2,778322	112,808155	3,782	-0,090758	22,430000	56,275000
2,779910	114,817350	3,833	-0,089918	22,430000	56,275000
2,781586	116,171221	3,883	-0,089352	22,430000	56,275000
2,783296	116,590582	3,933	-0,089177	22,430000	56,275000
2,784917	118,765653	3,984	-0,088268	22,430000	56,275000
2,786673	119,676800	4,035	-0,087887	22,430000	56,275000
2,788333	121,606562	4,086	-0,087080	22,430000	56,275000
2,789983	122,508364	4,136	-0,086703	22,430000	56,275000
2,791650	124,929912	4,186	-0,085691	22,430000	56,275000
2,793357	126,512737	4,236	-0,085029	22,430000	56,275000
2,794935	128,309332	4,286	-0,084278	22,430000	56,275000
2,796652	129,306921	4,336	-0,083861	22,430000	56,275000
2,798317	131,307940	4,387	-0,083025	22,430000	56,275000
2,799932	132,146662	4,438	-0,082674	22,430000	56,275000
2,801664	134,220105	4,488	-0,081808	22,430000	56,275000
2,803312	135,463003	4,538	-0,081288	22,430000	56,275000
2,805011	138,604123	4,589	-0,079975	22,430000	56,275000
2,806552	138,952228	4,639	-0,079830	22,430000	56,275000
2,808278	140,241851	4,690	-0,079291	22,430000	56,275000
2,809947	142,845628	4,740	-0,078202	22,430000	56,275000
2,811621	145,116487	4,790	-0,077253	22,430000	56,275000
2,813320	145,852413	4,841	-0,076945	22,430000	56,275000
2,815003	148,083555	4,892	-0,076013	22,430000	56,275000
2,816682	149,144223	4,942	-0,075569	22,430000	56,275000
2,818324	151,431435	4,993	-0,074613	22,430000	56,275000
2,819949	151,043614	5,043	-0,074775	22,430000	56,275000
2,821634	154,746608	5,093	-0,073228	22,430000	56,275000
2,823279	154,967386	5,143	-0,073135	22,430000	56,275000
2,824932	157,579340	5,193	-0,072043	22,430000	56,275000
2,826625	157,713676	5,243	-0,071987	22,430000	56,275000
2,828326	160,950583	5,294	-0,070634	22,430000	56,275000
2,829969	161,393307	5,344	-0,070449	22,430000	56,275000
2,831644	164,305472	5,394	-0,069232	22,430000	56,275000
2,833318	163,932837	5,444	-0,069388	22,430000	56,275000
2,834949	165,825219	5,495	-0,068597	22,430000	56,275000
2,836637	167,811052	5,545	-0,067767	22,430000	56,275000
2,838313	168,815649	5,595	-0,067347	22,430000	56,275000
2,839963	171,111038	5,645	-0,066387	22,430000	56,275000
2,841609	172,021017	5,696	-0,066007	22,430000	56,275000
2,843320	174,157540	5,746	-0,065114	22,430000	56,275000
2,844962	175,478703	5,797	-0,064562	22,430000	56,275000
2,846596	177,005458	5,847	-0,063923	22,430000	56,275000
2,848241	178,571929	5,897	-0,063269	22,430000	56,275000
2,849958	180,463143	5,947	-0,062478	22,430000	56,275000
2,851663	181,689687	5,998	-0,061965	22,430000	56,275000
2,853273	183,454742	6,048	-0,061228	22,430000	56,275000
2,854943	184,768896	6,099	-0,060678	22,430000	56,275000
2,856620	186,343544	6,150	-0,060020	22,430000	56,275000
2,858297	189,247533	6,200	-0,058806	22,430000	56,275000
2,859977	189,492842	6,251	-0,058704	22,430000	56,275000
2,861597	191,288268	6,301	-0,057953	22,430000	56,235000
2,863338	193,045146	6,351	-0,057219	22,430000	56,235000
2,864924	194,224964	6,401	-0,056726	22,430000	56,235000
2,866631	195,775082	6,451	-0,056078	22,430000	56,235000
2,868330	197,270298	6,501	-0,055453	22,430000	56,235000
2,869942	200,467488	6,551	-0,054116	22,430000	56,235000
2,871639	201,100619	6,602	-0,053852	22,430000	56,235000
2,873309	203,561883	6,653	-0,052823	22,430000	56,235000
2,874972	204,178660	6,704	-0,052565	22,430000	56,235000
2,876668	206,924950	6,754	-0,051417	22,430000	56,235000
2,878311	206,988029	6,804	-0,051391	22,430000	56,235000
2,879947	209,789221	6,854	-0,050220	22,430000	56,235000
2,881640	209,971451	6,905	-0,050144	22,430000	56,235000
2,883338	213,412782	6,955	-0,048705	22,430000	56,235000
2,884973	212,961881	7,005	-0,048894	22,430000	56,235000
2,886641	216,435921	7,055	-0,047441	22,430000	56,235000
2,888266	216,324948	7,106	-0,047488	22,430000	56,235000
2,889947	219,537324	7,156	-0,046145	22,430000	56,235000
2,891591	219,490599	7,206	-0,046165	22,430000	56,235000
2,893308	222,220535	7,256	-0,045023	22,430000	56,235000
2,894941	222,560463	7,307	-0,044881	22,430000	56,235000
2,896643	225,805547	7,357	-0,043525	22,430000	56,235000
2,898306	225,876804	7,408	-0,043495	22,430000	56,235000
2,899936	227,095170	7,458	-0,042986	22,430000	56,235000
2,901591	229,057641	7,508	-0,042166	22,430000	56,235000
2,903286	230,607758	7,558	-0,041518	22,430000	56,235000
2,904926	232,159044	7,608	-0,040869	22,430000	56,235000
2,906654	233,599357	7,659	-0,040267	22,430000	56,235000
2,908328	235,300164	7,709	-0,039556	22,430000	56,235000
2,909990	236,685575	7,759	-0,038977	22,430000	56,235000
2,911616	238,465816	7,809	-0,038233	22,430000	56,235000
2,913314	239,882766	7,860	-0,037641	22,430000	56,235000
2,914972	241,409521	7,910	-0,037002	22,430000	56,235000
2,916569	242,849834	7,960	-0,036400	22,430000	56,235000
2,918263	244,495739	8,010	-0,035712	22,430000	56,235000
2,919919	246,110104	8,060	-0,035038	22,430000	56,235000
2,921618	249,354020	8,110	-0,033682	22,430000	56,235000
2,923273	249,710302	8,160	-0,033533	22,430000	56,235000
2,924999	252,368982	8,210	-0,032421	22,430000	56,235000
2,926605	252,867776	8,260	-0,032213	22,430000	56,235000
2,928274	255,629252	8,310	-0,031059	22,430000	56,235000
2,929923	256,143232	8,361	-0,030844	22,430000	56,235000
2,931594	259,023858	8,411	-0,029640	22,430000	56,235000
2,933287	259,063575	8,461	-0,029623	22,430000	56,235000
2,934933	262,093722	8,511	-0,028356	22,430000	56,235000
2,936631	262,014289	8,561	-0,028390	22,430000	56,235000
2,938272	265,156577	8,611	-0,027076	22,430000	56,235000
2,939957	266,414661	8,661	-0,026550	22,430000	56,235000
2,941596	266,469563	8,711	-0,026527	22,430000	56,235000
2,943283	269,056986	8,762	-0,025446	22,430000	56,235000
2,944957	270,299884	8,812	-0,024926	22,430000	56,235000
2,946621	272,254177	8,863	-0,024109	22,430000	56,235000
2,948283	272,966741	8,914	-0,023812	22,430000	56,235000
2,949968	274,730628	8,965	-0,023074	22,430000	56,235000
2,951687	276,353170	9,015	-0,022396	22,430000	56,235000
2,953300	278,022438	9,065	-0,021698	22,430000	56,235000
2,954891	279,439388	9,115	-0,021106	22,430000	56,235000
2,956599	281,068939	9,165	-0,020425	22,430000	56,235000
2,958288	282,406456	9,216	-0,019866	22,430000	56,235000
2,959927	283,941388	9,266	-0,019224	22,430000	56,235000
2,961603	286,251962	9,317	-0,018258	22,430000	56,235000
2,963269	288,539175	9,367	-0,017302	22,430000	56,235000
2,964959	288,847563	9,417	-0,017173	22,430000	56,235000
2,966571	290,193257	9,467	-0,016611	22,430000	56,235000
2,968284	293,041174	9,517	-0,015420	22,430000	56,235000
2,969956	293,263121	9,568	-0,015328	22,430000	56,235000
2,971609	296,554930	9,618	-0,013952	22,430000	56,235000
2,973262	296,286259	9,668	-0,014064	22,430000	56,235000
2,974874	299,553538	9,718	-0,012698	22,430000	56,235000
2,976649	299,972899	9,769	-0,012523	22,430000	56,235000
2,978272	301,295230	9,820	-0,011970	22,430000	56,235000
2,979893	302,465703	9,871	-0,011481	22,430000	56,235000
2,981593	305,812416	9,921	-0,010082	22,430000	56,235000
2,983296	305,939743	9,972	-0,010029	22,430000	56,235000
2,984897	308,028372	10,022	-0,009156	22,430000	56,235000
2,986573	308,971058	10,073	-0,008762	22,430000	56,235000
2,988345	311,185846	10,123	-0,007836	22,430000	56,235000
2,989931	312,286231	10,173	-0,007376	22,430000	56,235000
2,991590	314,406400	10,223	-0,006490	22,430000	56,235000
2,993265	315,989225	10,273	-0,005828	22,420000	56,250000
2,994978	317,547520	10,324	-0,005177	22,420000	56,250000
2,996587	318,727338	10,375	-0,004684	22,420000	56,250000
2,998274	320,214376	10,426	-0,004062	22,420000	56,250000
2,999985	321,717769	10,477	-0,003434	22,420000	56,250000
3,001589	323,537726	10,527	-0,002673	22,420000	56,250000
3,003270	325,010747	10,577	-0,002057	22,420000	56,250000
3,004970	326,449892	10,628	-0,001456	22,420000	56,250000
3,006574	328,024540	10,678	-0,000797	22,420000	56,250000
3,008311	329,932108	10,728	0,000000	22,420000	56,250000
3,009938	331,380598	10,778	0,000605	22,420000	56,250000
3,011583	334,482001	10,828	0,001902	22,420000	56,250000
3,013259	334,980796	10,878	0,002110	22,420000	56,250000
3,014958	337,591582	10,928	0,003202	22,420000	56,250000
3,016614	338,098553	10,978	0,003414	22,420000	56,250000
3,018296	340,883392	11,028	0,004578	22,420000	56,250000
3,019910	341,816733	11,078	0,004968	22,420000	56,250000
3,021658	342,181192	11,128	0,005120	22,420000	56,250000
3,023295	345,204331	11,178	0,006384	22,420000	56,250000
3,024989	345,425108	11,228	0,006476	22,420000	56,250000
3,026649	348,060425	11,278	0,007578	22,420000	56,250000
3,028276	348,653839	11,329	0,007826	22,420000	56,250000
3,029959	351,234254	11,379	0,008904	22,420000	56,250000
3,031625	351,851030	11,429	0,009162	22,420000	56,250000
3,033335	354,232861	11,479	0,010158	22,420000	56,250000
3,034918	354,874168	11,529	0,010426	22,420000	56,250000
3,036570	357,390335	11,579	0,011478	22,420000	56,250000
3,038261	358,109908	11,629	0,011778	22,420000	56,250000
3,039949	360,697331	11,679	0,012860	22,420000	56,250000
3,041569	361,235842	11,730	0,013085	22,420000	56,250000
3,043277	362,968189	11,780	0,013809	22,420000	56,250000
3,044964	365,976142	11,831	0,015066	22,420000	56,250000
3,046589	366,133840	11,882	0,015132	22,420000	56,250000
3,048235	368,840414	11,932	0,016264	22,420000	56,250000
3,049925	369,457190	11,982	0,016521	22,420000	56,250000
3,051620	372,369356	12,033	0,017739	22,420000	56,250000
3,053324	372,242029	12,083	0,017686	22,420000	56,250000
3,054899	375,581732	12,133	0,019082	22,420000	56,250000
3,056564	375,019858	12,183	0,018847	22,420000	56,250000
3,058273	378,051174	12,234	0,020114	22,420000	56,250000
3,059939	378,122430	12,284	0,020144	22,420000	56,250000
3,061659	379,791698	12,334	0,020841	22,420000	56,250000
3,063297	381,872150	12,385	0,021711	22,420000	56,250000
3,064934	383,360356	12,435	0,022333	22,420000	56,250000
3,066659	385,006261	12,485	0,023021	22,420000	56,250000
3,068239	386,406857	12,535	0,023606	22,420000	56,250000
3,069952	388,187098	12,585	0,024351	22,420000	56,250000
3,071616	389,778101	12,635	0,025016	22,420000	56,250000
3,073285	391,281493	12,686	0,025644	22,420000	56,250000
3,074967	392,468320	12,737	0,026140	22,420000	56,250000
3,076650	395,965722	12,787	0,027602	22,420000	56,250000
3,078402	396,527596	12,837	0,027837	22,420000	56,250000
3,079966	398,940967	12,887	0,028846	22,420000	56,250000
3,081632	399,408222	12,938	0,029041	22,420000	56,250000
3,083251	402,216423	12,988	0,030215	22,420000	56,250000
3,084890	401,868318	13,042	0,030069	22,420000	56,250000
3,086630	405,436977	13,093	0,031561	22,420000	56,250000
3,088295	405,436977	13,143	0,031561	22,420000	56,250000
3,089969	408,270877	13,194	0,032746	22,420000	56,250000
3,091620	408,531371	13,244	0,032854	22,420000	56,250000
3,093283	410,034764	13,294	0,033483	22,420000	56,250000
3,094829	411,531147	13,344	0,034108	22,420000	56,250000
3,096644	413,129159	13,394	0,034776	22,420000	56,250000
3,098299	414,758710	13,444	0,035458	22,420000	56,250000
3,099918	416,041324	13,494	0,035994	22,420000	56,250000
3,101644	417,829742	13,545	0,036741	22,420000	56,250000
3,103277	419,119365	13,595	0,037280	22,420000	56,250000
3,104946	420,796810	13,645	0,037981	22,420000	56,250000
3,106626	422,608590	13,695	0,038739	22,420000	56,250000
3,108269	425,774241	13,745	0,040062	22,420000	56,250000
3,109928	426,019550	13,795	0,040165	22,420000	56,250000
3,111570	428,789203	13,845	0,041322	22,420000	56,250000
3,113259	430,228347	13,896	0,041924	22,420000	56,250000
3,114945	430,576452	13,946	0,042069	22,420000	56,250000
3,116610	433,615945	13,996	0,043340	22,420000	56,250000
3,118162	433,496795	14,046	0,043290	22,420000	56,250000
3,119903	435,372823	14,097	0,044074	22,420000	56,250000
3,121596	436,654269	14,147	0,044610	22,420000	56,250000
3,123267	439,518541	14,198	0,045807	22,420000	56,250000
3,124908	439,193799	14,249	0,045671	22,420000	56,250000
3,126592	441,615347	14,299	0,046684	22,430000	56,250000
3,128260	442,644475	14,350	0,047114	22,430000	56,250000
3,129941	444,868608	14,401	0,048043	22,430000	56,250000
3,131613	445,983011	14,451	0,048509	22,430000	56,250000
3,133254	447,795959	14,501	0,049267	22,430000	56,250000
3,134911	448,919707	14,552	0,049737	22,430000	56,250000
3,136584	452,337676	14,602	0,051166	22,430000	56,250000
3,138305	452,100544	14,652	0,051066	22,430000	56,250000
3,139953	454,015120	14,703	0,051867	22,430000	56,250000
3,141555	455,233487	14,754	0,052376	22,430000	56,250000
3,143219	456,832667	14,804	0,053044	22,430000	56,250000
3,144926	458,596554	14,854	0,053782	22,430000	56,250000
3,146603	460,258812	14,904	0,054477	22,430000	56,250000
3,148242	461,785567	14,954	0,055115	22,430000	56,250000
3,149929	464,966404	15,005	0,056444	22,430000	56,250000
3,151587	465,243253	15,055	0,056560	22,430000	56,250000
3,153233	468,377364	15,106	0,057870	22,430000	56,250000
3,154908	468,243029	15,156	0,057814	22,430000	56,250000
3,156599	471,352609	15,207	0,059114	22,430000	56,250000
3,158267	471,019690	15,257	0,058975	22,430000	56,250000
3,159952	473,868776	15,307	0,060166	22,430000	56,250000
3,161514	473,979749	15,357	0,060212	22,430000	56,250000
3,163222	477,002888	15,407	0,061476	22,430000	56,250000
3,164968	478,672155	15,457	0,062173	22,430000	56,250000
3,166572	478,617253	15,507	0,062150	22,430000	56,250000
3,168232	481,607684	15,557	0,063400	22,430000	56,250000
3,169917	481,481525	15,608	0,063348	22,430000	56,250000
3,171588	483,783923	15,658	0,064310	22,430000	56,250000
3,173297	485,342217	15,708	0,064961	22,430000	56,250000
3,174941	487,155166	15,758	0,065719	22,430000	56,250000
3,176608	489,362945	15,808	0,066642	22,430000	56,250000
3,178260	490,486693	15,859	0,067112	22,430000	56,250000
3,179914	492,986506	15,909	0,068157	22,430000	56,250000
3,181596	493,192098	15,960	0,068243	22,430000	56,250000
3,183269	495,106674	16,011	0,069043	22,430000	56,250000
3,184964	497,560930	16,062	0,070069	22,430000	56,250000
3,186601	498,929987	16,112	0,070641	22,430000	56,250000
3,188274	500,488281	16,162	0,071292	22,430000	56,250000
3,189890	502,173903	16,212	0,071997	22,430000	56,250000
3,191628	502,402858	16,262	0,072093	22,430000	56,250000
3,193211	505,402633	16,313	0,073347	22,430000	56,250000
3,194950	505,797464	16,363	0,073512	22,430000	56,250000
3,196617	508,535577	16,413	0,074656	22,430000	56,250000
3,198282	508,638373	16,463	0,074699	22,430000	56,250000
3,199887	511,408026	16,514	0,075857	22,430000	56,250000
3,201538	511,676697	16,565	0,075969	22,430000	56,250000
3,203240	514,613393	16,615	0,077197	22,430000	56,250000
3,204899	515,190453	16,665	0,077438	22,430000	56,250000
3,206597	517,706620	16,715	0,078490	22,430000	56,250000
3,208237	517,975292	16,765	0,078602	22,430000	56,250000
3,209918	520,776484	16,815	0,079773	22,430000	56,250000
3,211520	521,268270	16,865	0,079979	22,430000	56,250000
3,213246	523,539128	16,917	0,080928	22,430000	56,250000
3,214950	524,298417	16,967	0,081245	22,430000	56,250000
3,216571	526,648709	17,017	0,082228	22,430000	56,250000
3,218234	527,669660	17,068	0,082654	22,430000	56,250000
3,219920	529,148522	17,118	0,083272	22,430000	56,250000
3,221636	532,337536	17,168	0,084605	22,430000	56,250000
3,223286	532,425146	17,219	0,084642	22,430000	56,250000
3,224914	535,281241	17,269	0,085836	22,430000	56,250000
3,226557	535,637522	17,319	0,085985	22,430000	56,250000
3,228263	538,557865	17,369	0,087206	22,430000	56,250000
3,229899	539,023951	17,419	0,087400	22,430000	56,250000
3,231534	541,738702	17,469	0,088535	22,430000	56,250000
3,233250	541,967657	17,519	0,088631	22,430000	56,250000
3,234905	544,753663	17,569	0,089795	22,430000	56,250000
3,236579	544,500178	17,619	0,089689	22,430000	56,250000
3,238283	547,672838	17,669	0,091016	22,430000	56,250000
3,239890	547,506962	17,719	0,090946	22,430000	56,250000
3,241536	550,917922	17,769	0,092372	22,430000	56,250000
3,243223	551,098983	17,819	0,092448	22,430000	56,250000
3,244884	553,568425	17,876	0,093480	22,430000	56,250000
3,246532	554,035680	17,927	0,093675	22,430000	56,250000
3,248207	555,831106	17,978	0,094426	22,430000	56,250000
3,249938	557,604338	18,028	0,095167	22,430000	56,250000
3,251541	558,799342	18,078	0,095667	22,430000	56,250000
3,253194	562,066621	18,129	0,097032	22,430000	56,250000
3,254885	562,384354	18,179	0,097165	22,430000	56,250000
3,256536	563,570013	18,230	0,097661	22,430000	56,250000
3,258216	565,595563	18,280	0,098507	22,430000	56,250000
3,259922	568,421286	18,331	0,099688	22,430000	56,250000
3,261580	568,366384	18,381	0,099666	22,430000	56,250000
3,263220	571,285558	18,431	0,100886	22,430000	56,250000
3,264912	571,791361	18,482	0,101097	22,430000	56,250000
3,266561	574,252626	18,532	0,102126	22,430000	56,250000
3,268211	574,545828	18,582	0,102249	22,430000	56,250000
3,269935	575,954602	18,632	0,102837	22,430000	56,250000
3,271525	577,956788	18,682	0,103674	22,430000	56,250000
3,273190	579,380747	18,732	0,104270	22,430000	56,250000
3,274916	581,121271	18,782	0,104997	22,430000	56,250000
3,276586	582,530044	18,832	0,105586	22,430000	56,250000
3,278177	584,081330	18,882	0,106234	22,430000	56,250000
3,279849	585,528652	18,932	0,106839	22,430000	56,250000
3,281554	587,253990	18,982	0,107561	22,430000	56,250000
3,283210	590,229235	19,032	0,108804	22,430000	56,250000
3,284923	590,386934	19,083	0,108870	22,430000	56,250000
3,286590	593,457966	19,133	0,110154	22,430000	56,250000
3,288241	593,133224	19,184	0,110018	22,430000	56,250000
3,289951	595,854983	19,234	0,111156	22,430000	56,250000
3,291534	597,106057	19,284	0,111679	22,430000	56,250000
3,293241	598,926015	19,335	0,112439	22,430000	56,250000
3,294927	600,017055	19,386	0,112896	22,430000	56,250000
3,296584	601,584695	19,437	0,113551	22,430000	56,250000
3,298214	602,874318	19,488	0,114090	22,430000	56,250000
3,299870	605,786483	19,538	0,115307	22,430000	56,250000
3,301554	606,285278	19,588	0,115516	22,430000	56,250000
3,303236	608,967320	19,638	0,116637	22,430000	56,250000
3,304864	610,485898	19,689	0,117271	22,430000	56,250000
3,306527	612,250953	19,740	0,118009	22,430000	56,250000
3,308237	613,572116	19,790	0,118562	22,430000	56,250000
3,309913	615,139756	19,840	0,119217	22,430000	56,250000
3,311570	615,859328	19,891	0,119518	22,430000	56,250000
3,313199	616,911820	19,941	0,119958	22,430000	56,250000
3,314892	619,245757	19,992	0,120933	22,430000	56,250000
3,316617	621,620580	20,043	0,121926	22,430000	56,250000
3,318217	622,300435	20,093	0,122210	22,430000	56,250000
3,319845	624,959115	20,144	0,123321	22,430000	56,250000
3,321500	624,713806	20,195	0,123219	22,430000	56,250000
3,323248	626,265092	20,245	0,123867	22,430000	56,250000
3,324878	628,622393	20,295	0,124853	22,430000	56,250000
3,326586	630,862879	20,346	0,125789	22,420000	56,260000
3,328197	632,167688	20,396	0,126334	22,420000	56,260000
3,329884	634,232955	20,446	0,127198	22,420000	56,260000
3,331569	634,637130	20,496	0,127367	22,420000	56,260000
3,333241	635,459498	20,546	0,127710	22,420000	56,260000
3,334848	639,021148	20,596	0,129199	22,420000	56,260000
3,336545	639,614562	20,647	0,129447	22,420000	56,260000
3,338235	640,738309	20,698	0,129917	22,420000	56,260000
3,339898	642,835115	20,748	0,130793	22,420000	56,260000
3,341532	645,288203	20,798	0,131819	22,420000	56,260000
3,343228	646,324340	20,848	0,132252	22,420000	56,260000
3,344859	648,255271	20,898	0,133059	22,420000	56,260000
3,346580	649,743477	20,948	0,133681	22,420000	56,260000
3,348254	649,869636	20,998	0,133734	22,420000	56,260000
3,349853	651,918548	21,048	0,134590	22,420000	56,260000
3,351536	652,932491	21,098	0,135014	22,420000	56,260000
3,353214	655,859842	21,149	0,136238	22,420000	56,260000
3,354890	657,703162	21,200	0,137008	22,420000	56,260000
3,356539	658,613141	21,250	0,137389	22,420000	56,260000
3,358204	659,262625	21,300	0,137660	22,420000	56,260000
3,359862	661,770615	21,350	0,138708	22,420000	56,260000
3,361522	662,205162	21,401	0,138890	22,420000	56,260000
3,363231	664,167632	21,451	0,139710	22,420000	56,260000
3,364901	665,481786	21,501	0,140260	22,420000	56,260000
3,366553	667,989776	21,552	0,141308	22,420000	56,260000
3,368195	669,034091	21,602	0,141745	22,420000	56,260000
3,369859	671,511709	21,653	0,142780	22,420000	56,260000
3,371513	671,622682	21,703	0,142827	22,420000	56,260000
3,373170	674,122496	21,753	0,143872	22,420000	56,260000
3,374861	676,441247	21,803	0,144841	22,420000	56,260000
3,376609	676,876962	21,854	0,145023	22,420000	56,260000
3,378213	677,778764	21,904	0,145400	22,420000	56,260000
3,379855	679,891924	21,954	0,146283	22,420000	56,260000
3,381523	681,228273	22,004	0,146842	22,420000	56,260000
3,383231	683,159203	22,055	0,147649	22,420000	56,260000
3,384936	683,919660	22,105	0,147967	22,420000	56,260000
3,386522	686,276961	22,155	0,148952	22,420000	56,260000
3,388193	689,038436	22,205	0,150106	22,420000	56,260000
3,389870	688,935640	22,256	0,150063	22,420000	56,260000
3,391484	692,084938	22,307	0,151380	22,430000	56,275000
3,393199	692,346600	22,357	0,151489	22,430000	56,275000
3,394891	695,091722	22,408	0,152637	22,430000	56,275000
3,396486	695,171155	22,458	0,152670	22,430000	56,275000
3,398179	698,058790	22,508	0,153877	22,430000	56,275000
3,399863	698,234011	22,558	0,153950	22,430000	56,275000
3,401516	701,279344	22,608	0,155223	22,430000	56,275000
3,403194	701,517644	22,659	0,155323	22,430000	56,275000
3,404875	703,985917	22,709	0,156354	22,430000	56,275000
3,406642	704,437986	22,759	0,156543	22,430000	56,275000
3,408223	707,483319	22,809	0,157816	22,430000	56,275000
3,409855	707,594292	22,859	0,157863	22,430000	56,275000
3,411506	709,208657	22,909	0,158538	22,430000	56,275000
3,413189	710,537997	22,960	0,159093	22,430000	56,275000
3,414840	713,884710	23,010	0,160492	22,430000	56,275000
3,416531	714,565733	23,060	0,160777	22,430000	56,275000
3,418257	716,670716	23,111	0,161657	22,430000	56,275000
3,419912	716,844769	23,161	0,161729	22,430000	56,275000
3,421514	719,574705	23,211	0,162871	22,430000	56,275000
3,423232	720,018597	23,262	0,163056	22,430000	56,275000
3,424838	722,503224	23,313	0,164095	22,430000	56,275000
3,426513	723,000850	23,363	0,164303	22,430000	56,275000
3,428200	724,789268	23,413	0,165050	22,430000	56,275000
3,429887	727,558921	23,464	0,166208	22,430000	56,275000
3,431570	728,200228	23,515	0,166476	22,430000	56,275000
3,433189	731,215190	23,565	0,167736	22,430000	56,275000
3,434848	731,412605	23,615	0,167819	22,430000	56,275000
3,436524	733,913586	23,665	0,168864	22,430000	56,275000
3,438173	734,276876	23,715	0,169016	22,430000	56,275000
3,439858	737,356086	23,765	0,170303	22,430000	56,275000
3,441519	738,780044	23,815	0,170898	22,430000	56,275000
3,443209	738,771868	23,866	0,170895	22,430000	56,275000
3,444821	740,600002	23,916	0,171659	22,430000	56,275000
3,446554	742,015784	23,966	0,172251	22,430000	56,275000
3,448176	743,567070	24,016	0,172899	22,430000	56,275000
3,449869	745,276054	24,067	0,173614	22,430000	56,275000
3,451555	746,858880	24,117	0,174275	22,430000	56,275000
3,453186	749,026942	24,167	0,175182	22,430000	56,275000
3,454860	751,408773	24,218	0,176177	22,430000	56,275000
3,456561	751,471853	24,276	0,176204	22,430000	56,275000
3,458176	754,083807	24,327	0,177295	22,430000	56,275000
3,459882	754,352478	24,378	0,177408	22,430000	56,275000
3,461523	757,026344	24,428	0,178525	22,430000	56,275000
3,463223	757,525138	24,478	0,178734	22,430000	56,275000
3,464872	760,468843	24,528	0,179964	22,430000	56,275000
3,466510	760,587993	24,578	0,180014	22,430000	56,275000
3,468239	763,579592	24,628	0,181265	22,430000	56,275000
3,469855	764,116935	24,681	0,181489	22,430000	56,275000
3,471475	765,953246	24,731	0,182257	22,430000	56,275000
3,473180	766,633102	24,781	0,182541	22,430000	56,275000
3,474811	769,181977	24,831	0,183606	22,430000	56,275000
3,476462	770,241477	24,881	0,184049	22,430000	56,275000
3,478183	772,425893	24,932	0,184962	22,430000	56,275000
3,479844	773,287978	24,982	0,185323	22,430000	56,275000
3,481542	774,759831	25,033	0,185938	22,430000	56,275000
3,483181	776,334480	25,090	0,186596	22,430000	56,275000
3,484849	777,711713	25,140	0,187172	22,430000	56,275000
3,486468	779,856413	25,191	0,188068	22,430000	56,275000
3,488195	782,301323	25,241	0,189090	22,430000	56,275000
3,489844	782,934453	25,291	0,189355	22,430000	56,275000
3,491548	785,815079	25,341	0,190559	22,430000	56,275000
3,493203	785,901521	25,391	0,190595	22,430000	56,275000
3,494842	788,868589	25,441	0,191835	22,430000	56,275000
3,496491	789,113898	25,491	0,191938	22,430000	56,275000
3,498188	792,256186	25,541	0,193251	22,430000	56,275000
3,499852	791,772578	25,591	0,193049	22,430000	56,275000
3,501518	794,850619	25,641	0,194336	22,430000	56,275000
3,503158	795,397307	25,691	0,194564	22,430000	56,275000
3,504843	798,293118	25,741	0,195775	22,430000	56,275000
3,506512	798,404091	25,791	0,195821	22,430000	56,275000
3,508164	801,679547	25,858	0,197190	22,430000	56,275000
3,509832	801,648008	25,908	0,197177	22,430000	56,275000
3,511467	804,259962	25,959	0,198269	22,430000	56,275000
3,513145	804,757588	26,009	0,198477	22,430000	56,275000
3,514877	807,851983	26,059	0,199771	22,430000	56,275000
3,516503	807,520232	26,109	0,199632	22,430000	56,275000
3,518090	810,416044	26,159	0,200842	22,430000	56,275000
3,519825	812,307257	26,210	0,201633	22,430000	56,275000
3,521516	812,718442	26,261	0,201805	22,430000	56,275000
3,523178	814,412240	26,311	0,202513	22,430000	56,260000
3,524865	815,131813	26,361	0,202813	22,430000	56,260000
3,526546	816,833788	26,411	0,203525	22,430000	56,260000
3,528208	818,574312	26,462	0,204252	22,430000	56,260000
3,529839	820,433986	26,514	0,205030	22,430000	56,260000
3,531504	821,700247	26,564	0,205559	22,430000	56,260000
3,533162	824,659138	26,615	0,206796	22,430000	56,260000
3,534831	826,202247	26,665	0,207441	22,430000	56,260000
3,536479	826,780474	26,715	0,207683	22,430000	56,260000
3,538117	829,454340	26,765	0,208800	22,430000	56,260000
3,539875	829,263934	26,815	0,208721	22,430000	56,260000
3,541512	832,524204	26,865	0,210083	22,430000	56,260000
3,543213	832,691247	26,915	0,210153	22,430000	56,260000
3,544842	835,650138	26,965	0,211390	22,430000	56,260000
3,546522	837,478273	27,015	0,212154	22,430000	56,260000
3,548198	837,683865	27,065	0,212240	22,430000	56,260000
3,549850	838,759719	27,116	0,212690	22,430000	56,260000
3,551479	840,437164	27,167	0,213391	22,430000	56,260000
3,553138	842,076060	27,217	0,214076	22,430000	56,260000
3,554811	843,831770	27,268	0,214810	22,430000	56,260000
3,556480	845,351516	27,318	0,215445	22,430000	56,260000
3,558122	846,506803	27,369	0,215928	22,430000	56,260000
3,559805	848,295221	27,419	0,216676	22,430000	56,260000
3,561507	848,295221	27,469	0,216676	22,430000	56,260000
3,563132	851,333545	27,520	0,217946	22,430000	56,260000
3,564829	851,333545	27,571	0,217946	22,430000	56,260000
3,566509	856,216358	27,622	0,219987	22,430000	56,260000
3,568169	856,200004	27,672	0,219980	22,430000	56,260000
3,569809	859,049090	27,722	0,221171	22,430000	56,260000
3,571463	859,468451	27,772	0,221346	22,430000	56,260000
3,573146	862,269643	27,823	0,222517	22,430000	56,260000
3,574805	862,641111	27,873	0,222672	22,430000	56,260000
3,576475	863,559267	27,923	0,223056	22,430000	56,260000
3,578148	865,624533	27,974	0,223919	22,430000	56,260000
3,579785	867,119748	28,024	0,224544	22,430000	56,260000
3,581454	868,568238	28,074	0,225150	22,430000	56,260000
3,583124	870,348479	28,124	0,225894	22,430000	56,260000
3,584809	871,805145	28,174	0,226503	22,430000	56,260000
3,586537	874,233702	28,224	0,227518	22,430000	56,260000
3,588195	874,700957	28,274	0,227713	22,420000	56,235000
3,589791	876,418118	28,325	0,228431	22,420000	56,235000
3,591525	878,095563	28,375	0,229132	22,420000	56,235000
3,593184	879,472796	28,425	0,229708	22,420000	56,235000
3,594843	881,364010	28,475	0,230499	22,420000	56,235000
3,596505	882,455050	28,525	0,230955	22,420000	56,235000
3,598083	884,157026	28,575	0,231666	22,420000	56,235000
3,599795	885,715320	28,625	0,232317	22,420000	56,235000
3,601449	888,968582	28,682	0,233677	22,420000	56,235000
3,603167	888,715096	28,732	0,233571	22,420000	56,235000
3,604806	891,935650	28,782	0,234917	22,420000	56,235000
3,606509	891,793137	28,832	0,234858	22,420000	56,235000
3,608186	893,692528	28,882	0,235652	22,420000	56,235000
3,609808	895,282362	28,933	0,236316	22,420000	56,235000
3,611518	896,611702	28,984	0,236872	22,420000	56,235000
3,613146	898,273961	29,035	0,237567	22,420000	56,235000
3,614809	899,571761	29,086	0,238109	22,420000	56,235000
3,616488	901,098516	29,136	0,238748	22,420000	56,235000
3,618175	902,950013	29,186	0,239521	22,420000	56,235000
3,619848	906,075948	29,236	0,240828	22,420000	56,235000
3,621520	906,558388	29,286	0,241030	22,420000	56,235000
3,623140	909,153988	29,336	0,242115	22,420000	56,235000
3,624774	908,900503	29,387	0,242009	22,420000	56,235000
3,626488	910,238020	29,449	0,242568	22,420000	56,235000
3,628180	912,160773	29,499	0,243372	22,420000	56,235000
3,629791	913,925828	29,550	0,244109	22,420000	56,235000
3,631507	915,175735	29,600	0,244632	22,420000	56,235000
3,633184	917,225815	29,650	0,245489	22,420000	56,235000
3,634855	918,325032	29,700	0,245948	22,420000	56,235000
3,636535	920,027007	29,750	0,246660	22,420000	56,235000
3,638185	923,096871	29,800	0,247943	22,420000	56,235000
3,639835	922,977721	29,850	0,247893	22,420000	56,235000
3,641447	924,893466	29,900	0,248694	22,420000	56,235000
3,643131	926,388681	29,950	0,249319	22,420000	56,235000
3,644845	927,567331	30,000	0,249812	22,420000	56,235000
3,646482	929,712031	30,050	0,250708	22,420000	56,235000
3,648172	931,120804	30,101	0,251297	22,420000	56,235000
3,649786	932,513223	30,151	0,251879	22,420000	56,235000
3,651530	933,937182	30,201	0,252474	22,420000	56,235000
3,653184	935,282876	30,253	0,253037	22,420000	56,235000
3,654857	937,964919	30,305	0,254158	22,420000	56,260000
3,656469	940,331564	30,355	0,255147	22,420000	56,260000
3,658187	940,157512	30,405	0,255074	22,420000	56,260000
3,659756	943,409605	30,455	0,256434	22,420000	56,260000
3,659805	943,409605	30,505	0,256434	22,420000	56,260000
3,659867	943,361711	30,555	0,256414	22,420000	56,260000
3,659795	942,847731	30,606	0,256199	22,420000	56,260000
3,659807	943,275269	30,659	0,256377	22,420000	56,260000
3,659787	943,084863	30,709	0,256298	22,420000	56,260000
3,659776	942,997253	30,759	0,256261	22,420000	56,260000
3,659739	943,267092	30,809	0,256374	22,420000	56,260000
3,659788	943,147942	30,859	0,256324	22,420000	56,260000
3,659769	942,910810	30,909	0,256225	22,420000	56,260000
3,659784	943,267092	30,959	0,256374	22,420000	56,260000
3,659778	943,156119	31,009	0,256328	22,420000	56,260000
3,659719	942,617608	31,060	0,256103	22,420000	56,260000
3,659837	942,751944	31,110	0,256159	22,420000	56,260000
3,659824	942,610599	31,161	0,256100	22,420000	56,260000
3,659822	942,546352	31,211	0,256073	22,420000	56,260000
3,659803	942,808014	31,261	0,256182	22,420000	56,260000
3,659806	942,784652	31,311	0,256172	22,420000	56,260000
3,659777	942,824368	31,361	0,256189	22,420000	56,260000
3,659774	942,459910	31,412	0,256037	22,420000	56,260000
3,659821	942,697041	31,463	0,256136	22,420000	56,260000
3,659800	942,642139	31,513	0,256113	22,420000	56,260000
3,659774	942,776475	31,563	0,256169	22,420000	56,260000
3,659832	942,570883	31,613	0,256083	22,420000	56,260000
3,659769	942,554529	31,664	0,256076	22,420000	56,260000
3,659807	942,554529	31,714	0,256076	22,420000	56,260000
3,659835	942,040548	31,765	0,255861	22,420000	56,260000
3,659765	942,348937	31,815	0,255990	22,420000	56,260000
3,659769	942,405007	31,865	0,256014	22,420000	56,260000
3,659791	941,985646	31,915	0,255838	22,420000	56,260000
3,659808	942,277680	31,966	0,255960	22,420000	56,260000
3,659811	942,222778	32,016	0,255937	22,420000	56,260000
3,659893	942,103628	32,066	0,255888	22,420000	56,260000
3,659815	942,261326	32,116	0,255954	22,420000	56,260000
3,659820	941,952938	32,167	0,255825	22,420000	56,260000
3,659734	941,826779	32,218	0,255772	22,420000	56,260000
3,659874	941,977469	32,278	0,255835	22,420000	56,260000
3,659811	941,961115	32,328	0,255828	22,420000	56,260000
3,659744	941,913221	32,378	0,255808	22,420000	56,260000
3,659779	941,961115	32,428	0,255828	22,420000	56,260000
3,659865	941,549931	32,478	0,255656	22,420000	56,260000
3,659842	941,834956	32,528	0,255775	22,420000	56,260000
3,659799	941,977469	32,578	0,255835	22,420000	56,260000
3,659766	941,723983	32,628	0,255729	22,420000	56,260000
3,659775	941,676090	32,689	0,255709	22,420000	56,260000
3,659771	941,763700	32,739	0,255746	22,420000	56,260000
3,659733	941,447135	32,789	0,255613	22,420000	56,260000
3,659766	941,850142	32,839	0,255782	22,420000	56,260000
3,659793	941,818602	32,890	0,255769	22,420000	56,260000
3,659824	941,430781	32,940	0,255606	22,420000	56,260000
3,659796	942,063911	32,991	0,255871	22,420000	56,260000
3,659823	942,063911	33,053	0,255871	22,420000	56,260000
3,659815	941,644550	33,103	0,255696	22,420000	56,260000
3,659780	941,604833	33,153	0,255679	22,420000	56,260000
3,659751	941,549931	33,203	0,255656	22,420000	56,260000
3,659763	941,549931	33,253	0,255656	22,420000	56,260000
3,659804	941,384055	33,303	0,255587	22,420000	56,260000
3,659827	941,422604	33,354	0,255603	22,420000	56,260000
3,659777	941,462321	33,404	0,255620	22,420000	56,260000
3,659787	941,597824	33,463	0,255676	22,420000	56,260000
3,659849	941,319808	33,514	0,255560	22,420000	56,260000
3,659802	941,604833	33,564	0,255679	22,420000	56,260000
3,659831	941,597824	33,614	0,255676	22,420000	56,260000
3,659770	941,296445	33,664	0,255550	22,420000	56,260000
3,659799	941,438958	33,714	0,255610	22,420000	56,260000
3,659775	941,304622	33,765	0,255554	22,420000	56,260000
3,659793	941,082676	33,815	0,255461	22,420000	56,260000
3,659750	941,090853	33,865	0,255464	22,420000	56,260000
3,659807	941,304622	33,916	0,255554	22,420000	56,260000
3,659795	941,153932	33,966	0,255491	22,420000	56,260000
3,659825	941,051136	34,016	0,255448	22,420000	56,260000
3,659804	941,193649	34,066	0,255507	22,420000	56,260000
3,659853	941,208835	34,116	0,255514	22,420000	56,260000
3,659773	940,623598	34,166	0,255269	22,420000	56,260000
3,659837	940,719385	34,217	0,255309	22,420000	56,260000
3,659824	940,900447	34,267	0,255385	22,430000	56,235000
3,659829	940,789474	34,317	0,255338	22,430000	56,235000
3,659841	941,336162	34,368	0,255567	22,430000	56,235000
3,659767	941,067490	34,418	0,255455	22,430000	56,235000
3,659814	940,924978	34,468	0,255395	22,430000	56,235000
3,659787	940,694855	34,519	0,255299	22,430000	56,235000
3,659788	940,679669	34,569	0,255292	22,430000	56,235000
3,659788	940,861898	34,619	0,255369	22,430000	56,235000
3,659786	940,861898	34,669	0,255369	22,430000	56,235000
3,659791	940,750925	34,719	0,255322	22,430000	56,235000
3,659784	940,837367	34,770	0,255358	22,430000	56,235000
3,659838	940,711209	34,821	0,255306	22,430000	56,235000
3,659823	940,766111	34,871	0,255329	22,430000	56,235000
3,659808	940,687846	34,922	0,255296	22,430000	56,235000
3,659788	940,719385	34,972	0,255309	22,430000	56,235000
3,659865	940,750925	35,022	0,255322	22,430000	56,235000
3,659767	940,814005	35,072	0,255349	22,430000	56,235000
3,659836	940,537156	35,122	0,255233	22,430000	56,235000
3,659764	940,275493	35,173	0,255124	22,430000	56,235000
3,659800	940,608412	35,224	0,255263	22,430000	56,235000
3,659838	940,829190	35,274	0,255355	22,430000	56,235000
3,659830	940,338573	35,324	0,255150	22,430000	56,235000
3,659794	940,212414	35,375	0,255097	22,430000	56,235000
3,659826	940,687846	35,425	0,255296	22,430000	56,235000
3,659830	940,124804	35,484	0,255061	22,430000	56,235000
3,659855	940,474077	35,535	0,255207	22,430000	56,235000
3,659775	940,608412	35,585	0,255263	22,430000	56,235000
3,659806	940,315210	35,636	0,255140	22,430000	56,235000
3,659792	940,465900	35,686	0,255203	22,430000	56,235000
3,659777	940,101441	35,736	0,255051	22,430000	56,235000
3,659801	940,300024	35,786	0,255134	22,430000	56,235000
3,659825	939,911035	35,836	0,254971	22,430000	56,235000
3,659783	940,568696	35,893	0,255246	22,430000	56,235000
3,659766	939,927389	35,944	0,254978	22,430000	56,235000
3,659809	939,864309	35,994	0,254952	22,430000	56,235000
3,659764	939,927389	36,045	0,254978	22,430000	56,235000
3,659863	940,157512	36,095	0,255074	22,430000	56,235000
3,659814	939,840946	36,145	0,254942	22,430000	56,235000
3,659832	940,022008	36,195	0,255018	22,430000	56,235000
3,659817	939,627177	36,250	0,254853	22,430000	56,235000
3,659839	940,212414	36,301	0,255097	22,420000	56,250000
3,659780	939,887672	36,352	0,254961	22,420000	56,250000
3,659760	940,086255	36,402	0,255044	22,420000	56,250000
3,659803	940,109618	36,453	0,255054	22,420000	56,250000
3,659803	940,132981	36,504	0,255064	22,420000	56,250000
3,659806	940,038362	36,555	0,255024	22,420000	56,250000
3,659773	940,038362	36,606	0,255024	22,420000	56,250000
3,659803	940,220591	36,656	0,255101	22,420000	56,250000
3,659814	939,476488	36,706	0,254790	22,420000	56,250000
3,659818	940,204237	36,756	0,255094	22,420000	56,250000
3,659795	939,721797	36,806	0,254892	22,420000	56,250000
3,659830	940,109618	36,856	0,255054	22,420000	56,250000
3,659853	939,738150	36,906	0,254899	22,420000	56,250000
3,659815	939,911035	36,956	0,254971	22,420000	56,250000
3,659838	939,721797	37,006	0,254892	22,420000	56,250000
3,659856	939,927389	37,058	0,254978	22,420000	56,250000
3,659799	939,958928	37,108	0,254991	22,420000	56,250000
3,659857	939,801230	37,159	0,254925	22,420000	56,250000
3,659793	939,887672	37,209	0,254961	22,420000	56,250000
3,659820	939,776699	37,260	0,254915	22,420000	56,250000
3,659839	939,658717	37,311	0,254866	22,420000	56,250000
3,659809	939,476488	37,361	0,254790	22,420000	56,250000
3,659825	939,713620	37,411	0,254889	22,420000	56,250000
3,659784	939,151746	37,465	0,254654	22,420000	56,250000
3,659825	939,849123	37,516	0,254945	22,420000	56,250000
3,659772	939,642363	37,566	0,254859	22,420000	56,250000
3,659828	939,769690	37,616	0,254912	22,420000	56,250000
3,659772	939,587461	37,666	0,254836	22,420000	56,250000
3,659781	939,745159	37,716	0,254902	22,420000	56,250000
3,659789	939,627177	37,766	0,254853	22,420000	56,250000
3,659721	939,421585	37,816	0,254767	22,420000	56,250000
3,659781	939,658717	37,866	0,254866	22,420000	56,250000
3,659781	939,539567	37,917	0,254816	22,420000	56,250000
3,659750	939,595638	37,967	0,254839	22,420000	56,250000
3,659793	939,705443	38,017	0,254885	22,420000	56,250000
3,659766	939,476488	38,067	0,254790	22,420000	56,250000
3,659795	939,571107	38,117	0,254829	22,420000	56,250000
3,659767	939,555921	38,167	0,254823	22,420000	56,250000
3,659757	939,159923	38,217	0,254657	22,420000	56,250000
3,659793	939,650540	38,269	0,254862	22,420000	56,250000
3,659788	939,602647	38,320	0,254842	22,420000	56,250000
3,659776	939,373692	38,370	0,254747	22,420000	56,250000
3,659834	939,255710	38,421	0,254697	22,420000	56,250000
3,659781	939,317621	38,471	0,254723	22,420000	56,250000
3,659780	939,484665	38,521	0,254793	22,420000	56,250000
3,659818	939,088666	38,572	0,254627	22,420000	56,250000
3,659824	939,105020	38,623	0,254634	22,420000	56,250000
3,659794	939,294258	38,674	0,254713	22,420000	56,250000
3,659760	939,144737	38,725	0,254651	22,420000	56,250000
3,659816	939,444948	38,775	0,254776	22,420000	56,250000
3,659793	939,317621	38,825	0,254723	22,420000	56,250000
3,659801	939,444948	38,876	0,254776	22,420000	56,250000
3,659794	939,436771	38,926	0,254773	22,420000	56,250000
3,659814	939,002224	38,977	0,254591	22,420000	56,250000
3,659845	939,191462	39,028	0,254670	22,420000	56,250000
3,659785	938,874897	39,086	0,254538	22,420000	56,250000
3,659759	939,413408	39,138	0,254763	22,420000	56,250000
3,659790	939,310612	39,188	0,254720	22,420000	56,250000
3,659736	939,262719	39,238	0,254700	22,420000	56,250000
3,659832	939,247533	39,288	0,254694	22,420000	56,250000
3,659814	939,279073	39,338	0,254707	22,420000	56,250000
3,659753	939,357338	39,388	0,254740	22,420000	56,250000
3,659799	938,677482	39,438	0,254456	22,420000	56,250000
3,659820	939,080489	39,491	0,254624	22,420000	56,250000
3,659794	938,977693	39,541	0,254581	22,420000	56,250000
3,659817	939,342152	39,592	0,254733	22,420000	56,250000
3,659812	939,270896	39,642	0,254704	22,420000	56,250000
3,659822	939,128383	39,693	0,254644	22,420000	56,250000
3,659803	939,025587	39,743	0,254601	22,420000	56,250000
3,659830	938,970684	39,794	0,254578	22,420000	56,250000
3,659828	939,159923	39,845	0,254657	22,420000	56,250000
3,659847	938,811818	39,897	0,254512	22,420000	56,250000
3,659879	938,717199	39,948	0,254472	22,420000	56,250000
3,659754	938,874897	39,998	0,254538	22,420000	56,250000
3,659763	938,937977	40,048	0,254564	22,420000	56,250000
3,659766	939,128383	40,098	0,254644	22,420000	56,250000
3,659804	939,247533	40,148	0,254694	22,420000	56,250000
3,659785	938,249944	40,199	0,254277	22,420000	56,250000
3,659808	938,661128	40,257	0,254449	22,420000	56,250000
3,659809	938,645942	40,307	0,254442	22,420000	56,250000
3,659773	938,740561	40,358	0,254482	22,420000	56,250000
3,659815	938,788455	40,408	0,254502	22,420000	56,250000
3,659803	938,503430	40,458	0,254383	22,420000	56,250000
3,659793	938,740561	40,508	0,254482	22,420000	56,250000
3,659815	938,629588	40,558	0,254436	22,420000	56,250000
3,659831	939,025587	40,608	0,254601	22,420000	56,250000
3,658131	938,582863	40,658	0,254416	22,420000	56,250000
3,656434	937,387859	40,708	0,253917	22,420000	56,250000
3,654805	935,733777	40,759	0,253225	22,420000	56,250000
3,653146	933,968722	40,809	0,252487	22,420000	56,250000
3,651456	932,505046	40,859	0,251875	22,420000	56,250000
3,649826	930,739991	40,910	0,251138	22,420000	56,250000
3,648099	928,611646	40,961	0,250248	22,420000	56,250000
3,646438	925,858347	41,011	0,249097	22,420000	56,250000
3,644803	925,763728	41,062	0,249058	22,420000	56,250000
3,643107	922,606254	41,112	0,247738	22,420000	56,250000
3,641454	922,534997	41,162	0,247708	22,420000	56,250000
3,639812	919,377523	41,213	0,246388	22,420000	56,250000
3,638144	919,377523	41,264	0,246388	22,420000	56,250000
3,636531	915,982917	41,314	0,244969	22,420000	56,250000
3,634818	915,991094	41,364	0,244973	22,420000	56,250000
3,633143	913,070752	41,415	0,243752	22,420000	56,250000
3,631453	912,936416	41,468	0,243696	22,420000	56,250000
3,629860	911,147998	41,518	0,242948	22,420000	56,250000
3,628138	909,470554	41,568	0,242247	22,420000	56,250000
3,626418	907,856188	41,619	0,241572	22,420000	56,250000
3,624785	906,193929	41,669	0,240877	22,420000	56,250000
3,623145	904,335424	41,719	0,240101	22,420000	56,250000
3,621442	903,258401	41,769	0,239650	22,420000	56,250000
3,619824	900,561173	41,819	0,238523	22,420000	56,250000
3,618148	898,391943	41,869	0,237616	22,420000	56,250000
3,616465	898,139625	41,919	0,237511	22,420000	56,250000
3,614824	896,343030	41,969	0,236760	22,420000	56,250000
3,613187	894,063995	42,019	0,235807	22,420000	56,250000
3,611509	893,375963	42,069	0,235520	22,420000	56,250000
3,609770	891,032680	42,120	0,234540	22,420000	56,250000
3,608136	890,059622	42,170	0,234133	22,420000	56,250000
3,606534	888,382177	42,220	0,233432	22,420000	56,250000
3,604775	886,570397	42,270	0,232675	22,420000	56,250000
3,603130	884,987571	42,320	0,232013	22,420000	56,250000
3,601439	883,626691	42,371	0,231444	22,420000	56,250000
3,599818	881,553248	42,421	0,230578	22,420000	56,250000
3,598135	880,809145	42,471	0,230267	22,420000	56,250000
3,596499	878,649260	42,521	0,229364	22,420000	56,250000
3,594787	877,454256	42,571	0,228864	22,420000	56,250000
3,593144	874,313135	42,621	0,227551	22,420000	56,250000
3,591509	874,289773	42,673	0,227542	22,420000	56,250000
3,589786	872,437108	42,724	0,226767	22,420000	56,250000
3,588070	870,847273	42,775	0,226103	22,420000	56,250000
3,586509	867,918754	42,826	0,224878	22,420000	56,250000
3,584823	867,452667	42,877	0,224684	22,420000	56,250000
3,583137	864,389812	42,927	0,223403	22,420000	56,250000
3,581486	864,271830	42,977	0,223354	22,420000	56,250000
3,579830	861,984618	43,027	0,222398	22,420000	56,250000
3,578149	861,273223	43,087	0,222101	22,420000	56,250000
3,576494	858,820135	43,137	0,221075	22,420000	56,250000
3,574776	858,139111	43,188	0,220791	22,420000	56,250000
3,573148	855,899793	43,238	0,219854	22,420000	56,250000
3,571441	854,625355	43,288	0,219322	22,420000	56,250000
3,569807	852,853291	43,338	0,218581	22,420000	56,250000
3,568125	851,863879	43,388	0,218167	22,420000	56,250000
3,566515	850,043922	43,439	0,217407	22,420000	56,250000
3,564801	850,043922	43,498	0,217407	22,420000	56,250000
3,563205	845,272082	43,548	0,215412	22,420000	56,250000
3,561474	844,908792	43,598	0,215260	22,420000	56,250000
3,559765	842,368094	43,648	0,214198	22,420000	56,250000
3,558175	842,233758	43,698	0,214142	22,420000	56,250000
3,556505	839,068107	43,748	0,212819	22,420000	56,250000
3,554801	839,084461	43,799	0,212826	22,420000	56,250000
3,553173	837,628962	43,860	0,212217	22,420000	56,250000
3,551490	835,341750	43,910	0,211261	22,420000	56,250000
3,549788	834,060304	43,960	0,210726	22,420000	56,250000
3,548168	832,556912	44,010	0,210097	22,420000	56,250000
3,546475	830,705415	44,061	0,209323	22,420000	56,250000
3,544775	829,296641	44,112	0,208734	22,420000	56,250000
3,543200	827,586489	44,162	0,208020	22,420000	56,250000
3,541477	824,476908	44,212	0,206720	22,420000	56,250000
3,539817	824,707031	44,263	0,206816	22,420000	56,250000
3,538121	821,375505	44,313	0,205423	22,430000	56,275000
3,536467	821,350974	44,364	0,205413	22,430000	56,275000
3,534849	818,779904	44,414	0,204338	22,430000	56,275000
3,533150	818,123411	44,466	0,204064	22,430000	56,275000
3,531483	816,232198	44,516	0,203273	22,430000	56,275000
3,529804	815,298856	44,567	0,202883	22,430000	56,275000
3,528164	813,628420	44,617	0,202185	22,430000	56,275000
3,526495	810,305071	44,667	0,200796	22,430000	56,275000
3,524860	809,909072	44,718	0,200630	22,430000	56,275000
3,523137	806,854394	44,768	0,199354	22,430000	56,275000
3,521532	806,736412	44,818	0,199304	22,430000	56,275000
3,519870	803,855786	44,868	0,198100	22,430000	56,275000
3,518197	803,404886	44,918	0,197912	22,430000	56,275000
3,516485	800,278951	44,968	0,196605	22,430000	56,275000
3,514873	798,871346	45,018	0,196017	22,430000	56,275000
3,513161	798,878355	45,068	0,196020	22,430000	56,275000
3,511484	796,615674	45,118	0,195074	22,430000	56,275000
3,509822	795,690509	45,168	0,194687	22,430000	56,275000
3,508185	793,569172	45,218	0,193800	22,430000	56,275000
3,506516	792,579760	45,268	0,193387	22,430000	56,275000
3,504810	790,514494	45,319	0,192523	22,430000	56,275000
3,503100	789,351030	45,369	0,192037	22,430000	56,275000
3,501512	786,115290	45,419	0,190685	22,430000	56,275000
3,499819	785,711115	45,472	0,190516	22,430000	56,275000
3,498134	784,643438	45,522	0,190069	22,430000	56,275000
3,496511	781,928688	45,573	0,188935	22,430000	56,275000
3,494843	781,280372	45,623	0,188664	22,430000	56,275000
3,493205	778,534082	45,673	0,187516	22,430000	56,275000
3,491546	777,957022	45,723	0,187274	22,430000	56,275000
3,489820	775,061210	45,774	0,186064	22,430000	56,275000
3,488138	773,161820	45,824	0,185270	22,430000	56,275000
3,486523	773,224899	45,874	0,185296	22,430000	56,275000
3,484851	771,753047	45,924	0,184681	22,430000	56,275000
3,483109	770,257831	45,974	0,184056	22,430000	56,275000
3,481449	768,461237	46,025	0,183305	22,430000	56,275000
3,479819	766,909951	46,075	0,182657	22,430000	56,275000
3,478160	763,982599	46,125	0,181433	22,430000	56,275000
3,476515	762,986179	46,175	0,181017	22,430000	56,275000
3,474896	760,397587	46,225	0,179935	22,430000	56,275000
3,473141	760,097376	46,275	0,179809	22,430000	56,275000
3,471466	757,209741	46,326	0,178602	22,430000	56,275000
3,469821	756,931725	46,376	0,178486	22,430000	56,275000
3,468218	754,534708	46,426	0,177484	22,430000	56,275000
3,466514	754,526531	46,476	0,177480	22,430000	56,275000
3,464836	750,981235	46,526	0,175999	22,430000	56,275000
3,463168	750,285025	46,576	0,175708	22,430000	56,275000
3,461502	748,093600	46,626	0,174792	22,430000	56,275000
3,459831	747,072649	46,676	0,174365	22,430000	56,275000
3,458159	746,336722	46,726	0,174057	22,430000	56,275000
3,456541	743,764485	46,776	0,172982	22,430000	56,275000
3,454934	743,266859	46,827	0,172774	22,430000	56,275000
3,453172	741,026372	46,877	0,171837	22,430000	56,275000
3,451489	740,283437	46,927	0,171527	22,430000	56,275000
3,449860	737,696013	46,977	0,170445	22,430000	56,275000
3,448215	735,203209	47,028	0,169403	22,430000	56,275000
3,446543	734,901830	47,078	0,169277	22,430000	56,275000
3,444852	732,425379	47,128	0,168242	22,430000	56,275000
3,443091	731,855329	47,178	0,168004	22,430000	56,275000
3,441513	728,904615	47,228	0,166771	22,430000	56,275000
3,439875	729,229357	47,278	0,166906	22,430000	56,275000
3,438236	727,447948	47,328	0,166162	22,430000	56,275000
3,436501	725,470292	47,379	0,165335	22,430000	56,275000
3,434835	722,375897	47,429	0,164042	22,430000	56,275000
3,433183	722,574480	47,480	0,164125	22,430000	56,275000
3,431537	720,239375	47,531	0,163148	22,430000	56,275000
3,429831	719,036194	47,582	0,162646	22,430000	56,275000
3,428250	716,322611	47,632	0,161511	22,430000	56,275000
3,426507	716,678893	47,683	0,161660	22,430000	56,275000
3,424845	713,679117	47,734	0,160406	22,430000	56,275000
3,423215	713,196677	47,784	0,160205	22,430000	56,275000
3,421504	709,367524	47,835	0,158604	22,430000	56,275000
3,419844	709,889681	47,885	0,158822	22,430000	56,275000
3,418181	707,302258	47,935	0,157741	22,430000	56,275000
3,416571	706,296492	47,985	0,157320	22,430000	56,275000
3,414851	704,381915	48,035	0,156520	22,430000	56,275000
3,413197	703,337601	48,085	0,156083	22,430000	56,275000
3,411539	700,947593	48,135	0,155084	22,430000	56,275000
3,409825	700,014251	48,185	0,154694	22,430000	56,275000
3,408140	696,919856	48,235	0,153401	22,430000	56,275000
3,406551	696,951396	48,299	0,153414	22,430000	56,235000
3,404854	693,493711	48,350	0,151969	22,430000	56,235000
3,403153	694,198097	48,400	0,152263	22,430000	56,235000
3,401597	691,017260	48,450	0,150934	22,430000	56,235000
3,399885	690,874748	48,500	0,150874	22,430000	56,235000
3,398094	687,163577	48,550	0,149323	22,430000	56,235000
3,396496	687,440425	48,600	0,149438	22,430000	56,235000
3,394884	684,670772	48,665	0,148281	22,430000	56,235000
3,393199	683,982740	48,715	0,147993	22,430000	56,235000
3,391556	681,141831	48,766	0,146806	22,430000	56,235000
3,389885	681,299529	48,816	0,146872	22,430000	56,235000
3,388195	678,143223	48,867	0,145552	22,430000	56,235000
3,386491	678,078975	48,917	0,145525	22,430000	56,235000
3,384894	674,740440	48,967	0,144130	22,430000	56,235000
3,383165	672,952022	49,018	0,143382	22,430000	56,235000
3,381565	672,904129	49,068	0,143362	22,430000	56,235000
3,379777	671,258224	49,118	0,142674	22,430000	56,235000
3,378210	668,488571	49,169	0,141517	22,430000	56,235000
3,376482	668,085564	49,219	0,141348	22,430000	56,235000
3,374863	665,276194	49,269	0,140174	22,430000	56,235000
3,373224	665,410530	49,319	0,140230	22,430000	56,235000
3,371542	662,237870	49,369	0,138904	22,430000	56,235000
3,369890	660,164427	49,420	0,138037	22,430000	56,235000
3,368200	660,164427	49,471	0,138037	22,430000	56,235000
3,366512	657,046669	49,521	0,136734	22,430000	56,235000
3,364891	656,721927	49,571	0,136598	22,430000	56,235000
3,363271	653,937089	49,621	0,135434	22,430000	56,235000
3,361513	653,224525	49,671	0,135136	22,430000	56,235000
3,359866	651,056463	49,721	0,134230	22,430000	56,235000
3,358191	650,162838	49,771	0,133856	22,430000	56,235000
3,356518	647,574247	49,821	0,132774	22,430000	56,235000
3,354892	647,922352	49,877	0,132920	22,430000	56,235000
3,353181	645,944696	49,927	0,132093	22,430000	56,235000
3,351524	644,718152	49,977	0,131581	22,430000	56,235000
3,349833	641,283829	50,027	0,130145	22,430000	56,235000
3,348163	641,204396	50,077	0,130112	22,430000	56,235000
3,346490	637,952303	50,127	0,128752	22,430000	56,235000
3,344891	637,612375	50,177	0,128610	22,430000	56,235000
3,343155	635,396419	50,227	0,127684	22,430000	56,235000
3,341573	634,763289	50,278	0,127419	22,430000	56,235000
3,339834	631,804398	50,328	0,126183	22,430000	56,235000
3,338142	631,582452	50,378	0,126090	22,430000	56,235000
3,336581	628,567490	50,428	0,124830	22,430000	56,235000
3,334778	628,361898	50,478	0,124744	22,430000	56,235000
3,333245	625,512812	50,528	0,123553	22,430000	56,235000
3,331537	625,860917	50,578	0,123698	22,430000	56,235000
3,329845	622,608824	50,628	0,122339	22,430000	56,235000
3,328213	620,559911	50,678	0,121482	22,430000	56,235000
3,326512	620,045931	50,729	0,121268	22,430000	56,235000
3,324839	617,228385	50,779	0,120090	22,430000	56,235000
3,323221	617,102226	50,829	0,120037	22,430000	56,235000
3,321542	614,387476	50,880	0,118902	22,430000	56,235000
3,319875	613,533568	50,931	0,118545	22,430000	56,235000
3,318221	611,301258	50,981	0,117612	22,430000	56,235000
3,316560	609,577088	51,031	0,116892	22,430000	56,235000
3,314891	609,355142	51,081	0,116799	22,430000	56,235000
3,313217	606,593666	51,131	0,115645	22,430000	56,235000
3,311577	606,522410	51,181	0,115615	22,430000	56,235000
3,309878	603,760934	51,231	0,114460	22,430000	56,235000
3,308197	603,135980	51,281	0,114199	22,430000	56,235000
3,306481	600,754149	51,331	0,113204	22,430000	56,235000
3,304924	600,017055	51,381	0,112896	22,430000	56,235000
3,303169	597,359543	51,432	0,111785	22,430000	56,235000
3,301582	595,198490	51,483	0,110881	22,430000	56,235000
3,299817	595,499869	51,534	0,111007	22,430000	56,235000
3,298198	592,309687	51,585	0,109674	22,430000	56,235000
3,296538	591,859954	51,636	0,109486	22,430000	56,235000
3,294921	588,551791	51,686	0,108103	22,430000	56,235000
3,293239	588,717666	51,736	0,108172	22,430000	56,235000
3,291528	587,444397	51,786	0,107640	22,430000	56,235000
3,289872	584,595311	51,836	0,106449	22,430000	56,235000
3,288169	584,532231	51,886	0,106423	22,430000	56,235000
3,286492	582,743814	51,936	0,105675	22,430000	56,235000
3,284873	580,836246	51,987	0,104878	22,430000	56,235000
3,283225	579,538446	52,037	0,104335	22,430000	56,235000
3,281530	578,066593	52,087	0,103720	22,430000	56,235000
3,279905	576,317892	52,138	0,102989	22,430000	56,235000
3,278190	574,933650	52,188	0,102411	22,430000	56,235000
3,276538	571,831078	52,238	0,101114	22,420000	56,250000
3,274906	571,348637	52,298	0,100912	22,420000	56,250000
3,273197	568,563799	52,348	0,099748	22,420000	56,250000
3,271620	568,191163	52,398	0,099592	22,420000	56,250000
3,269917	565,280166	52,449	0,098375	22,420000	56,250000
3,268208	565,382962	52,499	0,098418	22,420000	56,250000
3,266546	562,336461	52,549	0,097145	22,420000	56,250000
3,264885	561,679968	52,599	0,096871	22,420000	56,250000
3,263179	559,732684	52,665	0,096057	22,420000	56,250000
3,261504	558,181398	52,715	0,095408	22,420000	56,250000
3,259881	555,744664	52,765	0,094390	22,420000	56,250000
3,258200	555,958433	52,815	0,094479	22,420000	56,250000
3,256573	552,610552	52,865	0,093080	22,420000	56,250000
3,254853	552,136289	52,916	0,092881	22,420000	56,250000
3,253226	549,777820	52,967	0,091896	22,420000	56,250000
3,251549	547,760448	53,017	0,091052	22,420000	56,250000
3,249973	547,791988	53,072	0,091065	22,420000	56,250000
3,248246	544,619328	53,122	0,089739	22,420000	56,250000
3,246593	544,777026	53,172	0,089805	22,420000	56,250000
3,244891	541,659268	53,222	0,088502	22,420000	56,250000
3,243249	541,319341	53,273	0,088360	22,420000	56,250000
3,241550	538,138504	53,323	0,087030	22,420000	56,250000
3,239937	538,019354	53,373	0,086980	22,420000	56,250000
3,238164	536,761270	53,423	0,086455	22,420000	56,250000
3,236555	535,495010	53,475	0,085925	22,420000	56,250000
3,234822	533,287231	53,525	0,085002	22,420000	56,250000
3,233192	531,831732	53,575	0,084394	22,420000	56,250000
3,231532	529,355282	53,626	0,083359	22,420000	56,250000
3,229915	528,682435	53,676	0,083078	22,420000	56,250000
3,228204	528,682435	53,727	0,083078	22,420000	56,250000
3,226554	524,036754	53,778	0,081136	22,420000	56,250000
3,224842	522,430566	53,828	0,080464	22,420000	56,250000
3,223218	522,478460	53,878	0,080484	22,420000	56,250000
3,221510	519,669090	53,928	0,079310	22,420000	56,250000
3,219912	519,360702	53,978	0,079181	22,420000	56,250000
3,218223	516,638943	54,029	0,078043	22,420000	56,250000
3,216590	516,060715	54,079	0,077802	22,420000	56,250000
3,214902	513,489646	54,129	0,076727	22,420000	56,250000
3,213238	512,935949	54,179	0,076496	22,420000	56,250000
3,211589	509,722404	54,229	0,075152	22,420000	56,250000
3,209882	509,675678	54,279	0,075133	22,420000	56,275000
3,208188	507,000645	54,329	0,074015	22,420000	56,275000
3,206571	506,264719	54,380	0,073707	22,420000	56,275000
3,204915	503,930781	54,430	0,072731	22,420000	56,275000
3,203248	503,614216	54,480	0,072599	22,420000	56,275000
3,201505	501,136597	54,531	0,071563	22,420000	56,275000
3,199906	500,362122	54,581	0,071240	22,420000	56,275000
3,198254	496,959339	54,631	0,069817	22,420000	56,275000
3,196532	495,875308	54,682	0,069364	22,420000	56,275000
3,194856	495,843769	54,732	0,069351	22,420000	56,275000
3,193203	492,266933	54,783	0,067856	22,420000	56,275000
3,191560	492,393092	54,834	0,067909	22,420000	56,275000
3,189946	489,742589	54,885	0,066801	22,420000	56,275000
3,188206	489,006663	54,936	0,066493	22,420000	56,275000
3,186542	486,205471	54,986	0,065322	22,420000	56,275000
3,184919	484,741795	55,037	0,064710	22,420000	56,275000
3,183243	484,528026	55,099	0,064621	22,420000	56,275000
3,181553	481,852992	55,149	0,063503	22,420000	56,275000
3,179905	481,481525	55,200	0,063348	22,420000	56,275000
3,178224	479,424436	55,250	0,062488	22,420000	56,275000
3,176544	478,418670	55,300	0,062067	22,420000	56,275000
3,174888	476,219068	55,351	0,061148	22,420000	56,275000
3,173228	475,254187	55,401	0,060745	22,420000	56,275000
3,171576	473,054585	55,452	0,059825	22,420000	56,275000
3,169901	470,434453	55,506	0,058730	22,420000	56,275000
3,168246	470,482347	55,556	0,058750	22,420000	56,275000
3,166586	467,404306	55,606	0,057463	22,420000	56,275000
3,164889	467,213900	55,656	0,057384	22,420000	56,275000
3,163242	464,372991	55,706	0,056196	22,420000	56,275000
3,161571	464,089134	55,757	0,056078	22,420000	56,275000
3,159858	462,402344	55,808	0,055373	22,420000	56,275000
3,158212	461,049641	55,858	0,054807	22,420000	56,275000
3,156543	459,357011	55,908	0,054100	22,420000	56,275000
3,154872	457,734468	55,958	0,053421	22,420000	56,275000
3,153232	455,266195	56,008	0,052390	22,420000	56,275000
3,151599	454,537278	56,059	0,052085	22,420000	56,275000
3,149881	453,129673	56,109	0,051497	22,420000	56,275000
3,148228	451,530493	56,160	0,050828	22,420000	56,275000
3,146604	449,924305	56,210	0,050157	22,420000	56,275000
3,144868	448,318116	56,269	0,049485	22,430000	56,260000
3,143227	446,940883	56,319	0,048910	22,430000	56,260000
3,141563	444,195761	56,369	0,047762	22,430000	56,260000
3,139943	443,807940	56,420	0,047600	22,430000	56,260000
3,138235	441,535913	56,470	0,046650	22,430000	56,260000
3,136584	440,294184	56,520	0,046131	22,430000	56,260000
3,134889	437,864459	56,570	0,045116	22,430000	56,260000
3,133231	437,176426	56,620	0,044828	22,430000	56,260000
3,131619	435,268858	56,673	0,044031	22,430000	56,260000
3,129929	434,256084	56,723	0,043607	22,430000	56,260000
3,128216	432,429117	56,773	0,042844	22,430000	56,260000
3,126575	430,925725	56,823	0,042215	22,430000	56,260000
3,124942	429,643111	56,874	0,041679	22,430000	56,260000
3,123252	426,858272	56,925	0,040515	22,430000	56,260000
3,121583	426,493814	56,976	0,040363	22,430000	56,260000
3,119941	423,178641	57,026	0,038977	22,430000	56,260000
3,118246	423,360870	57,076	0,039053	22,430000	56,260000
3,116609	419,926548	57,126	0,037618	22,430000	56,260000
3,114906	419,989627	57,176	0,037644	22,430000	56,260000
3,113258	417,441920	57,226	0,036579	22,430000	56,260000
3,111597	416,848507	57,276	0,036331	22,430000	56,260000
3,109887	413,959704	57,326	0,035124	22,430000	56,260000
3,108224	413,737758	57,376	0,035031	22,430000	56,260000
3,106575	410,565098	57,427	0,033705	22,430000	56,260000
3,104904	409,908605	57,483	0,033430	22,430000	56,260000
3,103238	408,958910	57,533	0,033033	22,430000	56,260000
3,101587	405,967311	57,583	0,031783	22,430000	56,260000
3,099948	404,543352	57,634	0,031187	22,430000	56,260000
3,098206	403,079676	57,685	0,030576	22,430000	56,260000
3,096602	402,779465	57,735	0,030450	22,430000	56,260000
3,094914	399,930379	57,785	0,029259	22,430000	56,260000
3,093276	398,276297	57,836	0,028568	22,430000	56,260000
3,091556	398,261111	57,886	0,028562	22,430000	56,260000
3,089905	396,614038	57,936	0,027873	22,430000	56,260000
3,088259	393,877093	57,986	0,026729	22,430000	56,260000
3,086591	391,732394	58,036	0,025833	22,430000	56,260000
3,084906	391,463722	58,086	0,025720	22,430000	56,260000
3,083279	388,914847	58,136	0,024655	22,430000	56,260000
3,081615	388,558566	58,187	0,024506	22,430000	56,260000
3,079908	385,117234	58,238	0,023067	22,430000	56,260000
3,078256	385,370720	58,288	0,023173	22,440000	56,250000
3,076601	384,144176	58,338	0,022661	22,440000	56,250000
3,074885	382,402484	58,388	0,021933	22,440000	56,250000
3,073255	381,532222	58,438	0,021569	22,440000	56,250000
3,071567	378,676127	58,489	0,020375	22,440000	56,250000
3,069922	377,749794	58,539	0,019988	22,440000	56,250000
3,068226	376,451994	58,589	0,019445	22,440000	56,250000
3,066531	374,410091	58,639	0,018592	22,440000	56,250000
3,064883	373,017672	58,705	0,018010	22,440000	56,250000
3,063258	371,608898	58,755	0,017421	22,440000	56,250000
3,061607	370,169754	58,805	0,016819	22,440000	56,250000
3,059877	368,396522	58,855	0,016078	22,440000	56,250000
3,058241	366,901306	58,905	0,015453	22,440000	56,250000
3,056556	365,389737	58,955	0,014821	22,440000	56,250000
3,054859	363,641036	59,005	0,014090	22,440000	56,250000
3,053262	362,335059	59,055	0,013544	22,440000	56,250000
3,051544	360,262784	59,110	0,012678	22,440000	56,250000
3,049851	358,782755	59,160	0,012060	22,440000	56,250000
3,048230	356,820284	59,210	0,011239	22,440000	56,250000
3,046592	355,253813	59,261	0,010584	22,440000	56,250000
3,044911	353,876579	59,312	0,010009	22,440000	56,250000
3,043253	352,247028	59,362	0,009328	22,440000	56,250000
3,041559	350,798538	59,413	0,008722	22,440000	56,250000
3,039950	349,112917	59,486	0,008018	22,440000	56,250000
3,038242	347,815117	59,536	0,007475	22,440000	56,250000
3,036539	344,887765	59,586	0,006251	22,440000	56,250000
3,034889	344,452050	59,636	0,006069	22,440000	56,250000
3,033221	342,363421	59,686	0,005196	22,440000	56,250000
3,031639	341,326116	59,737	0,004763	22,440000	56,250000
3,029917	338,778409	59,787	0,003698	22,440000	56,250000
3,028180	336,523905	59,837	0,002755	22,440000	56,250000
3,026552	336,515728	59,888	0,002752	22,440000	56,250000
3,024935	333,737898	59,939	0,001591	22,440000	56,250000
3,023265	333,461050	59,989	0,001475	22,440000	56,250000
3,021585	330,430902	60,039	0,000208	22,440000	56,250000
3,019945	330,200779	60,089	0,000112	22,440000	56,250000
3,018268	327,431127	60,139	-0,001045	22,440000	56,250000
3,016592	327,566631	60,189	-0,000989	22,440000	56,250000
3,014941	325,445294	60,240	-0,001875	22,440000	56,250000
3,013195	324,400979	60,303	-0,002312	22,430000	56,250000
3,011595	322,516774	60,353	-0,003100	22,430000	56,250000
3,009885	321,061276	60,404	-0,003708	22,430000	56,250000
3,008282	319,581246	60,455	-0,004327	22,430000	56,250000
3,006552	317,968049	60,505	-0,005001	22,430000	56,250000
3,004968	316,448303	60,555	-0,005636	22,430000	56,250000
3,003221	314,794221	60,605	-0,006328	22,430000	56,250000
3,001619	312,500000	60,655	-0,007287	22,430000	56,250000
2,999937	311,455686	60,717	-0,007723	22,430000	56,250000
2,998223	309,705816	60,767	-0,008455	22,430000	56,250000
2,996554	308,432547	60,818	-0,008987	22,430000	56,250000
2,994907	306,644129	60,868	-0,009734	22,430000	56,250000
2,993232	305,195640	60,918	-0,010340	22,430000	56,250000
2,991558	303,486655	60,968	-0,011054	22,430000	56,250000
2,989938	302,046342	61,019	-0,011656	22,430000	56,250000
2,988208	299,815201	61,082	-0,012589	22,430000	56,250000
2,986630	298,991664	61,132	-0,012933	22,430000	56,250000
2,984945	296,143746	61,183	-0,014124	22,430000	56,250000
2,983252	295,946331	61,233	-0,014206	22,430000	56,250000
2,981541	293,017812	61,283	-0,015430	22,430000	56,250000
2,979912	292,646344	61,333	-0,015585	22,430000	56,250000
2,978287	290,137186	61,384	-0,016634	22,430000	56,250000
2,976615	287,977301	61,434	-0,017537	22,430000	56,250000
2,974932	287,708629	61,485	-0,017649	22,430000	56,250000
2,973249	284,455368	61,535	-0,019009	22,430000	56,250000
2,971572	283,522026	61,585	-0,019399	22,430000	56,250000
2,969886	281,630813	61,636	-0,020190	22,430000	56,250000
2,968264	281,125009	61,686	-0,020401	22,430000	56,250000
2,966645	278,355357	61,736	-0,021559	22,430000	56,250000
2,964967	277,801660	61,786	-0,021791	22,430000	56,250000
2,963248	275,522624	61,836	-0,022743	22,430000	56,250000
2,961609	275,514448	61,886	-0,022747	22,430000	56,250000
2,959922	272,325434	61,937	-0,024080	22,430000	56,250000
2,958255	272,174744	61,987	-0,024143	22,430000	56,250000
2,956573	269,010261	62,037	-0,025465	22,430000	56,250000
2,954964	269,120066	62,088	-0,025419	22,430000	56,250000
2,953287	265,963760	62,138	-0,026739	22,430000	56,250000
2,951605	266,161175	62,188	-0,026656	22,430000	56,250000
2,949915	262,837825	62,238	-0,028045	22,430000	56,250000
2,948352	262,624056	62,289	-0,028135	22,430000	56,250000
2,946591	259,870757	62,340	-0,029286	22,430000	56,250000
2,944943	259,355609	62,390	-0,029501	22,430000	56,250000
2,943293	256,681743	62,441	-0,030619	22,430000	56,250000
2,941595	256,499514	62,491	-0,030695	22,430000	56,250000
2,939948	253,738038	62,541	-0,031849	22,430000	56,250000
2,938309	253,278960	62,591	-0,032041	22,430000	56,250000
2,936620	250,446228	62,641	-0,033225	22,430000	56,250000
2,934915	250,651820	62,691	-0,033139	22,430000	56,250000
2,933268	247,122879	62,742	-0,034614	22,430000	56,250000
2,931566	247,217498	62,792	-0,034575	22,430000	56,250000
2,929881	244,606712	62,842	-0,035666	22,430000	56,250000
2,928204	243,870785	62,893	-0,035974	22,430000	56,250000
2,926608	241,464423	62,944	-0,036979	22,430000	56,250000
2,924946	241,243645	62,994	-0,037072	22,430000	56,250000
2,923282	238,489178	63,045	-0,038223	22,430000	56,250000
2,921638	237,729889	63,095	-0,038541	22,430000	56,250000
2,919918	235,371421	63,145	-0,039526	22,430000	56,250000
2,918305	234,351637	63,196	-0,039953	22,430000	56,250000
2,916615	232,341274	63,246	-0,040793	22,430000	56,250000
2,914887	231,011934	63,296	-0,041349	22,430000	56,250000
2,913228	228,741075	63,346	-0,042298	22,430000	56,250000
2,911594	227,885999	63,397	-0,042655	22,430000	56,250000
2,909944	224,966825	63,448	-0,043875	22,430000	56,250000
2,908289	224,934117	63,510	-0,043889	22,430000	56,250000
2,906540	222,157456	63,560	-0,045050	22,430000	56,250000
2,904904	222,204181	63,610	-0,045030	22,430000	56,250000
2,903293	218,936902	63,660	-0,046396	22,430000	56,250000
2,901563	219,126140	63,711	-0,046317	22,430000	56,250000
2,899927	216,301585	63,762	-0,047498	22,430000	56,250000
2,898235	215,708171	63,813	-0,047746	22,430000	56,250000
2,896658	213,278446	63,878	-0,048761	22,430000	56,250000
2,894940	212,906979	63,928	-0,048917	22,430000	56,250000
2,893342	209,487842	63,979	-0,050346	22,430000	56,250000
2,891575	209,654886	64,029	-0,050276	22,430000	56,250000
2,889952	206,528951	64,079	-0,051583	22,430000	56,250000
2,888213	206,371253	64,130	-0,051648	22,430000	56,250000
2,886501	203,893634	64,181	-0,052684	22,430000	56,250000
2,884898	201,646139	64,231	-0,053624	22,430000	56,250000
2,883271	201,448723	64,285	-0,053706	22,430000	56,250000
2,881597	200,522391	64,335	-0,054093	22,430000	56,250000
2,879924	198,236347	64,385	-0,055049	22,430000	56,250000
2,878239	197,120776	64,435	-0,055515	22,430000	56,250000
2,876591	194,730768	64,486	-0,056514	22,430000	56,250000
2,874869	194,208611	64,536	-0,056732	22,430000	56,250000
2,873373	192,009009	64,586	-0,057652	22,430000	56,250000
2,871661	189,143569	64,636	-0,058850	22,430000	56,250000
2,869914	188,929800	64,686	-0,058939	22,430000	56,250000
2,868314	185,796856	64,736	-0,060249	22,430000	56,250000
2,866602	185,702237	64,786	-0,060288	22,430000	56,250000
2,864849	182,552940	64,837	-0,061604	22,430000	56,250000
2,863304	183,035381	64,887	-0,061403	22,430000	56,250000
2,861616	179,942154	64,937	-0,062696	22,430000	56,250000
2,859937	179,418828	64,987	-0,062915	22,430000	56,250000
2,858242	176,531194	65,037	-0,064122	22,430000	56,250000
2,856589	175,969320	65,087	-0,064356	22,430000	56,250000
2,854901	174,703060	65,137	-0,064886	22,430000	56,250000
2,853233	173,373720	65,187	-0,065441	22,430000	56,250000
2,851561	171,845797	65,237	-0,066080	22,430000	56,250000
2,849922	170,232599	65,288	-0,066754	22,430000	56,250000
2,848296	168,878729	65,339	-0,067320	22,430000	56,250000
2,846655	167,098488	65,389	-0,068064	22,430000	56,250000
2,844916	163,902465	65,440	-0,069400	22,430000	56,250000
2,843233	163,877934	65,490	-0,069411	22,430000	56,250000
2,841586	161,202901	65,540	-0,070529	22,430000	56,250000
2,839907	160,831433	65,590	-0,070684	22,430000	56,250000
2,838305	158,069957	65,640	-0,071838	22,430000	56,250000
2,836568	157,397110	65,690	-0,072120	22,430000	56,250000
2,834910	154,477936	65,740	-0,073340	22,430000	56,250000
2,833325	154,199920	65,790	-0,073456	22,430000	56,250000
2,831594	151,257383	65,840	-0,074686	22,430000	56,250000
2,829959	151,186126	65,908	-0,074716	22,430000	56,250000
2,828225	148,391943	65,958	-0,075884	22,430000	56,250000
2,826591	148,131448	66,008	-0,075993	22,430000	56,250000
2,824952	144,617692	66,059	-0,077461	22,430000	56,250000
2,823283	145,227460	66,109	-0,077207	22,430000	56,250000
2,821640	142,093348	66,160	-0,078517	22,430000	56,250000
2,819953	141,745243	66,210	-0,078662	22,430000	56,250000
2,818280	139,917109	66,260	-0,079426	22,420000	56,260000
2,816616	138,753645	66,318	-0,079913	22,420000	56,260000
2,814922	137,400942	66,368	-0,080478	22,420000	56,260000
2,813313	135,723497	66,418	-0,081179	22,420000	56,260000
2,811600	134,014513	66,468	-0,081894	22,420000	56,260000
2,809891	132,400148	66,518	-0,082568	22,420000	56,260000
2,808253	131,165427	66,568	-0,083084	22,420000	56,260000
2,806598	129,267204	66,618	-0,083878	22,420000	56,260000
2,804956	128,238076	66,685	-0,084308	22,420000	56,260000
2,803243	126,567640	66,736	-0,085006	22,420000	56,260000
2,801575	124,748851	66,786	-0,085767	22,420000	56,260000
2,799955	123,220927	66,836	-0,086405	22,420000	56,260000
2,798303	121,210564	66,886	-0,087246	22,420000	56,260000
2,796604	120,119524	66,937	-0,087702	22,420000	56,260000
2,794925	116,970227	66,987	-0,089018	22,420000	56,260000
2,793314	115,133915	67,038	-0,089786	22,420000	56,260000
2,791602	115,498374	67,090	-0,089633	22,420000	56,260000
2,789933	112,602562	67,141	-0,090844	22,420000	56,260000
2,788302	112,158670	67,192	-0,091029	22,420000	56,260000
2,786609	109,839919	67,243	-0,091999	22,420000	56,260000
2,784955	108,843498	67,293	-0,092415	22,420000	56,260000
2,783298	106,809771	67,343	-0,093265	22,420000	56,260000
2,781559	105,805173	67,394	-0,093685	22,420000	56,260000
2,779961	102,947910	67,444	-0,094879	22,420000	56,260000
2,778274	103,074069	67,511	-0,094827	22,420000	56,260000
2,776624	100,138541	67,561	-0,096054	22,420000	56,260000
2,774927	99,395606	67,611	-0,096364	22,420000	56,260000
2,773275	97,037137	67,661	-0,097350	22,420000	56,260000
2,771586	96,578060	67,711	-0,097542	22,420000	56,260000
2,769916	93,871486	67,761	-0,098673	22,420000	56,260000
2,768258	93,516373	67,811	-0,098822	22,420000	56,260000
2,766620	91,910184	67,878	-0,099493	22,420000	56,260000
2,764928	90,294651	67,928	-0,100168	22,420000	56,260000
2,763290	87,461919	67,978	-0,101353	22,420000	56,260000
2,761610	87,572892	68,028	-0,101306	22,420000	56,260000
2,759925	84,368692	68,078	-0,102646	22,420000	56,260000
2,758274	84,178286	68,128	-0,102725	22,420000	56,260000
2,756631	81,733375	68,178	-0,103747	22,420000	56,260000
2,754943	79,137775	68,229	-0,104832	22,420000	56,260000
2,753315	79,533773	68,282	-0,104667	22,430000	56,250000
2,751604	76,772297	68,332	-0,105821	22,430000	56,250000
2,749947	76,139167	68,383	-0,106085	22,430000	56,250000
2,748292	73,306435	68,434	-0,107270	22,430000	56,250000
2,746613	73,187285	68,485	-0,107319	22,430000	56,250000
2,744947	70,283297	68,535	-0,108533	22,430000	56,250000
2,743260	69,729600	68,585	-0,108765	22,430000	56,250000
2,741593	67,125822	68,635	-0,109853	22,430000	56,250000
2,739961	66,714638	68,692	-0,110025	22,430000	56,250000
2,738292	65,108450	68,742	-0,110696	22,430000	56,250000
2,736638	62,410053	68,793	-0,111824	22,430000	56,250000
2,735010	61,460358	68,843	-0,112221	22,430000	56,250000
2,733287	58,920828	68,894	-0,113283	22,430000	56,250000
2,731627	59,062173	68,945	-0,113224	22,430000	56,250000
2,729982	55,968946	68,995	-0,114517	22,430000	56,250000
2,728252	54,323041	69,046	-0,115205	22,430000	56,250000
2,726588	54,069556	69,096	-0,115311	22,430000	56,250000
2,724911	52,550977	69,146	-0,115945	22,430000	56,250000
2,723338	51,094311	69,196	-0,116554	22,430000	56,250000
2,721653	49,511485	69,246	-0,117216	22,430000	56,250000
2,719929	48,142429	69,297	-0,117788	22,430000	56,250000
2,718322	46,592311	69,347	-0,118436	22,430000	56,250000
2,716565	45,175361	69,398	-0,119028	22,430000	56,250000
2,714901	41,646419	69,448	-0,120503	22,430000	56,250000
2,713237	42,176753	69,498	-0,120282	22,430000	56,250000
2,711632	40,411698	69,548	-0,121020	22,430000	56,250000
2,709905	38,924660	69,598	-0,121641	22,430000	56,250000
2,708271	37,230861	69,648	-0,122349	22,430000	56,250000
2,706617	35,434267	69,699	-0,123100	22,430000	56,250000
2,704956	34,160997	69,749	-0,123632	22,430000	56,250000
2,703251	32,593358	69,799	-0,124288	22,430000	56,250000
2,701583	29,760625	69,850	-0,125472	22,430000	56,250000
2,699969	29,357618	69,912	-0,125640	22,430000	56,250000
2,698260	27,371785	69,962	-0,126470	22,430000	56,250000
2,696558	26,461807	70,013	-0,126851	22,430000	56,250000
2,694982	24,356824	70,063	-0,127730	22,430000	56,250000
2,693271	23,168828	70,113	-0,128227	22,430000	56,250000
2,691583	21,468021	70,163	-0,128938	22,430000	56,250000
2,689970	20,297548	70,213	-0,129427	22,430000	56,250000
2,688242	18,769625	70,283	-0,130066	22,430000	56,275000
2,686600	17,163436	70,334	-0,130737	22,430000	56,275000
2,684951	15,501177	70,385	-0,131432	22,430000	56,275000
2,683219	13,800370	70,436	-0,132143	22,430000	56,275000
2,681567	12,178996	70,486	-0,132821	22,430000	56,275000
2,679945	10,682613	70,536	-0,133446	22,430000	56,275000
2,678230	9,606758	70,587	-0,133896	22,430000	56,275000
2,676624	6,093002	70,637	-0,135365	22,430000	56,275000
2,674959	5,958667	70,687	-0,135421	22,430000	56,275000
2,673359	3,253261	70,737	-0,136552	22,430000	56,275000
2,671625	2,880626	70,787	-0,136708	22,430000	56,275000
2,669940	0,158867	70,838	-0,137845	22,430000	56,275000
2,668307	-0,007009	70,889	-0,137915	22,430000	56,275000
2,666606	-2,729936	70,940	-0,139053	22,430000	56,275000
2,664999	-3,600198	70,990	-0,139417	22,430000	56,275000
2,663328	-6,353497	71,040	-0,140567	22,430000	56,275000
2,661627	-6,432930	71,090	-0,140601	22,430000	56,275000
2,659976	-8,751682	71,141	-0,141570	22,430000	56,275000
