Quasi static measurement routine
Tip parameters (shape,radius, material...) 
24.08.2022

Piezo position[nm]	MEMS displ.[nm]	Time[ms]	Cap [pf]	Temp [°C]	Rh [%]
eoh
2,643969	-0,024537	0,161	-0,120533	22,350000	51,540000
2,645937	0,041712	0,262	-0,120507	22,350000	51,540000
2,647910	2,169048	0,363	-0,119660	22,350000	51,540000
2,649875	6,092474	0,464	-0,118099	22,350000	51,540000
2,651915	8,268883	0,565	-0,117232	22,350000	51,540000
2,653865	10,305433	0,665	-0,116422	22,350000	51,540000
2,655975	12,458533	0,765	-0,115565	22,350000	51,540000
2,657906	14,444783	0,866	-0,114774	22,350000	51,540000
2,659921	16,264182	0,966	-0,114050	22,350000	51,540000
2,661926	18,624617	1,066	-0,113111	22,350000	51,540000
2,663984	18,175595	1,166	-0,113290	22,350000	51,540000
2,665897	20,626816	1,266	-0,112314	22,350000	51,540000
2,667923	22,613065	1,366	-0,111523	22,350000	51,540000
2,669923	24,491353	1,466	-0,110776	22,360000	51,585000
2,671910	26,602740	1,566	-0,109936	22,360000	51,585000
2,673895	28,472440	1,666	-0,109191	22,360000	51,585000
2,675860	30,583827	1,767	-0,108351	22,360000	51,585000
2,677861	32,453527	1,867	-0,107607	22,360000	51,585000
2,679877	34,514614	1,967	-0,106787	22,360000	51,585000
2,681908	38,736161	2,068	-0,105106	22,360000	51,585000
2,683977	40,780072	2,169	-0,104293	22,360000	51,585000
2,685947	40,555561	2,269	-0,104382	22,360000	51,585000
2,687920	42,558986	2,370	-0,103585	22,360000	51,585000
2,689929	46,099639	2,470	-0,102176	22,360000	51,585000
2,691947	48,641646	2,570	-0,101164	22,360000	51,585000
2,693887	50,968956	2,670	-0,100238	22,360000	51,585000
2,695970	52,399448	2,771	-0,099668	22,360000	51,585000
2,697900	52,780995	2,871	-0,099517	22,360000	51,585000
2,699911	54,775832	2,971	-0,098723	22,360000	51,585000
2,701976	56,703194	3,072	-0,097956	22,360000	51,585000
2,703875	59,021916	3,173	-0,097033	22,360000	51,585000
2,705908	62,063246	3,273	-0,095822	22,360000	51,585000
2,707896	63,144090	3,374	-0,095392	22,360000	51,585000
2,709907	65,246889	3,474	-0,094555	22,360000	51,585000
2,711874	67,541075	3,574	-0,093642	22,360000	51,585000
2,713900	69,019413	3,674	-0,093054	22,360000	51,585000
2,715919	72,502405	3,774	-0,091667	22,360000	51,585000
2,717875	73,856833	3,874	-0,091128	22,360000	51,585000
2,719899	76,299466	3,975	-0,090156	22,360000	51,585000
2,721930	77,671070	4,075	-0,089610	22,360000	51,585000
2,723893	79,815582	4,175	-0,088757	22,360000	51,585000
2,725922	81,634982	4,275	-0,088033	22,360000	51,585000
2,727897	83,605282	4,376	-0,087249	22,360000	51,585000
2,729840	85,292184	4,477	-0,086577	22,360000	51,585000
2,731859	87,419519	4,577	-0,085730	22,360000	51,585000
2,733879	89,348108	4,678	-0,084963	22,360000	51,585000
2,735927	90,968760	4,779	-0,084318	22,360000	51,585000
2,737946	93,103457	4,879	-0,083468	22,360000	51,585000
2,739943	94,882371	4,980	-0,082760	22,360000	51,585000
2,741873	97,035470	5,081	-0,081903	22,360000	51,585000
2,743945	99,029081	5,181	-0,081110	22,360000	51,585000
2,745889	101,115931	5,281	-0,080279	22,360000	51,585000
2,747879	103,010168	5,382	-0,079525	22,350000	51,555000
2,749890	105,187804	5,483	-0,078659	22,350000	51,555000
2,751929	106,949543	5,584	-0,077958	22,350000	51,555000
2,753914	110,988291	5,684	-0,076350	22,350000	51,555000
2,755900	113,174515	5,784	-0,075480	22,350000	51,555000
2,757921	115,317800	5,885	-0,074627	22,350000	51,555000
2,759854	117,096714	5,986	-0,073919	22,350000	51,555000
2,761926	118,992178	6,086	-0,073165	22,350000	51,555000
2,763939	121,227475	6,186	-0,072275	22,350000	51,555000
2,765885	123,264025	6,286	-0,071464	22,350000	51,555000
2,767899	125,166850	6,386	-0,070707	22,350000	51,555000
2,769915	126,977662	6,487	-0,069986	22,350000	51,555000
2,771927	128,781113	6,588	-0,069269	22,350000	51,555000
2,773909	130,909675	6,688	-0,068421	22,350000	51,555000
2,775914	132,995299	6,788	-0,067591	22,350000	51,555000
2,777869	134,308015	6,889	-0,067069	22,350000	51,555000
2,779969	135,246545	6,989	-0,066695	22,350000	51,555000
2,781926	137,000923	7,090	-0,065997	22,350000	51,555000
2,783894	140,691249	7,191	-0,064528	22,350000	51,555000
2,785914	141,039671	7,291	-0,064390	22,350000	51,555000
2,787937	142,992796	7,392	-0,063612	22,350000	51,555000
2,789957	144,887033	7,492	-0,062858	22,350000	51,555000
2,791962	146,591110	7,593	-0,062180	22,350000	51,555000
2,793919	149,882714	7,694	-0,060870	22,350000	51,555000
2,795896	151,909450	7,794	-0,060063	22,350000	51,555000
2,797868	153,256517	7,894	-0,059527	22,350000	51,555000
2,799899	155,333553	7,994	-0,058701	22,350000	51,555000
2,801926	157,669451	8,094	-0,057771	22,350000	51,555000
2,803873	159,439777	8,194	-0,057066	22,350000	51,555000
2,805886	163,445401	8,294	-0,055472	22,350000	51,555000
2,807903	163,943497	8,394	-0,055274	22,350000	51,555000
2,809881	165,548200	8,495	-0,054635	22,350000	51,555000
2,811846	167,558986	8,596	-0,053835	22,350000	51,555000
2,813910	170,034744	8,697	-0,052850	22,350000	51,555000
2,815897	171,697109	8,798	-0,052188	22,350000	51,555000
2,817944	173,568035	8,898	-0,051443	22,350000	51,555000
2,819851	175,885531	8,998	-0,050521	22,350000	51,555000
2,821834	177,673033	9,098	-0,049810	22,350000	51,555000
2,823885	179,708356	9,198	-0,049000	22,350000	51,555000
2,825859	183,648958	9,298	-0,047431	22,350000	51,555000
2,827915	183,847705	9,398	-0,047352	22,350000	51,540000
2,829909	187,463195	9,498	-0,045913	22,350000	51,540000
2,831925	187,944115	9,598	-0,045722	22,350000	51,540000
2,833872	189,698492	9,698	-0,045023	22,350000	51,540000
2,835898	193,496781	9,798	-0,043512	22,350000	51,540000
2,837848	193,413356	9,898	-0,043545	22,350000	51,540000
2,839882	195,573816	9,998	-0,042685	22,350000	51,540000
2,841914	197,535529	10,099	-0,041904	22,350000	51,540000
2,843912	199,588028	10,199	-0,041087	22,350000	51,540000
2,845918	201,823326	10,300	-0,040198	22,350000	51,540000
2,847918	203,643952	10,400	-0,039473	22,350000	51,540000
2,849897	205,745524	10,501	-0,038637	22,350000	51,540000
2,851925	208,248273	10,601	-0,037641	22,350000	51,540000
2,853854	209,677538	10,701	-0,037072	22,350000	51,540000
2,855843	211,979085	10,802	-0,036156	22,350000	51,540000
2,857917	213,940798	10,902	-0,035375	22,350000	51,540000
2,859875	216,142971	11,002	-0,034499	22,350000	51,540000
2,861873	217,713322	11,102	-0,033874	22,350000	51,540000
2,863883	221,934870	11,202	-0,032193	22,350000	51,540000
2,865889	223,696608	11,302	-0,031492	22,350000	51,540000
2,867902	226,032506	11,403	-0,030562	22,350000	51,540000
2,869828	227,952507	11,503	-0,029798	22,350000	51,540000
2,871899	228,168430	11,603	-0,029712	22,350000	51,540000
2,873849	230,162041	11,704	-0,028919	22,350000	51,540000
2,875882	231,725031	11,804	-0,028297	22,350000	51,540000
2,877852	233,545658	11,904	-0,027572	22,350000	51,540000
2,879927	236,653237	12,004	-0,026335	22,350000	51,540000
2,881862	239,911717	12,105	-0,025039	22,350000	51,540000
2,883913	241,988752	12,206	-0,024212	22,350000	51,540000
2,885901	243,442555	12,306	-0,023633	22,350000	51,540000
2,887952	245,670491	12,407	-0,022747	22,350000	51,540000
2,889920	247,989214	12,507	-0,021824	22,350000	51,540000
2,891893	249,808613	12,607	-0,021100	22,350000	51,540000
2,893867	251,977662	12,708	-0,020236	22,350000	51,540000
2,895862	253,307553	12,808	-0,019707	22,350000	51,540000
2,897908	255,501139	12,908	-0,018834	22,350000	51,540000
2,899896	257,246928	13,009	-0,018139	22,350000	51,540000
2,901925	259,008666	13,109	-0,017438	22,350000	51,540000
2,903897	261,318801	13,209	-0,016519	22,350000	51,540000
2,905926	263,139428	13,309	-0,015794	22,350000	51,540000
2,907922	265,042252	13,409	-0,015037	22,350000	51,540000
2,909872	268,001384	13,509	-0,013859	22,350000	51,540000
2,911884	267,992796	13,609	-0,013862	22,350000	51,540000
2,913927	270,893039	13,710	-0,012708	22,350000	51,540000
2,915885	273,984669	13,811	-0,011478	22,350000	51,540000
2,917832	274,383392	13,911	-0,011319	22,350000	51,540000
2,919893	276,062932	14,011	-0,010650	22,350000	51,540000
2,921913	278,190268	14,111	-0,009804	22,350000	51,540000
2,923867	280,326192	14,212	-0,008954	22,350000	51,540000
2,925918	282,345566	14,313	-0,008150	22,350000	51,540000
2,927866	284,331815	14,414	-0,007359	22,350000	51,540000
2,929873	288,087164	14,515	-0,005865	22,350000	51,540000
2,931916	288,353388	14,615	-0,005759	22,350000	51,540000
2,933887	290,423063	14,715	-0,004935	22,350000	51,540000
2,935900	292,268226	14,815	-0,004201	22,350000	51,540000
2,937936	294,146514	14,916	-0,003453	22,350000	51,540000
2,939867	296,256674	15,016	-0,002613	22,350000	51,540000
2,941876	298,392598	15,116	-0,001763	22,350000	51,540000
2,943861	300,221812	15,217	-0,001035	22,350000	51,540000
2,945872	302,157761	15,318	-0,000265	22,350000	51,540000
2,947916	304,434772	15,419	0,000642	22,350000	51,525000
2,949862	306,238222	15,520	0,001359	22,350000	51,525000
2,951909	308,398683	15,621	0,002219	22,350000	51,525000
2,953891	312,296345	15,721	0,003771	22,350000	51,525000
2,955829	314,075259	15,821	0,004479	22,350000	51,525000
2,957836	316,252895	15,921	0,005345	22,350000	51,525000
2,959896	318,230557	16,021	0,006132	22,350000	51,525000
2,961842	320,124794	16,121	0,006886	22,350000	51,525000
2,963913	321,720909	16,222	0,007521	22,350000	51,525000
2,965845	324,131645	16,322	0,008481	22,350000	51,525000
2,967850	326,349766	16,422	0,009364	22,350000	51,525000
2,969908	328,435390	16,522	0,010194	22,350000	51,525000
2,971912	330,630202	16,622	0,011067	22,350000	51,525000
2,973849	330,422866	16,722	0,010985	22,350000	51,525000
2,975869	332,209141	16,822	0,011696	22,350000	51,525000
2,977902	334,618650	16,922	0,012655	22,350000	51,525000
2,979877	336,223353	17,022	0,013293	22,350000	51,525000
2,981854	339,173897	17,122	0,014468	22,350000	51,525000
2,983870	340,237565	17,222	0,014891	22,350000	51,525000
2,985881	343,752454	17,323	0,016290	22,350000	51,525000
2,987861	344,516773	17,423	0,016594	22,350000	51,565000
2,989857	347,749490	17,523	0,017881	22,350000	51,565000
2,991880	349,644953	17,623	0,018635	22,350000	51,565000
2,993879	351,074219	17,723	0,019204	22,350000	51,565000
2,995844	354,049299	17,823	0,020388	22,350000	51,565000
2,997927	355,844162	17,924	0,021103	22,350000	51,565000
2,999854	357,215766	18,025	0,021648	22,350000	51,565000
3,001857	359,508725	18,125	0,022561	22,350000	51,565000
3,003869	360,514732	18,225	0,022961	22,350000	51,565000
3,005842	362,516930	18,325	0,023758	22,350000	51,565000
3,007834	364,429570	18,425	0,024520	22,350000	51,565000
3,009844	366,407231	18,526	0,025307	22,350000	51,565000
3,011859	368,543155	18,626	0,026157	22,350000	51,565000
3,013934	370,479105	18,727	0,026927	22,350000	51,565000
3,015854	372,956089	18,827	0,027913	22,350000	51,565000
3,017850	374,834377	18,927	0,028661	22,350000	51,565000
3,019893	377,334671	19,027	0,029656	22,350000	51,565000
3,021830	379,230135	19,127	0,030410	22,350000	51,565000
3,023824	381,216385	19,227	0,031201	22,350000	51,565000
3,025830	383,011248	19,328	0,031915	22,350000	51,565000
3,027842	384,906711	19,428	0,032669	22,350000	51,565000
3,029838	386,800948	19,528	0,033423	22,350000	51,565000
3,031934	388,696412	19,629	0,034178	22,350000	51,565000
3,033853	390,458150	19,730	0,034879	22,350000	51,565000
3,035911	392,834534	19,830	0,035825	22,350000	51,565000
3,037874	394,479723	19,930	0,036479	22,350000	51,565000
3,039820	396,707659	20,030	0,037366	22,350000	51,565000
3,041895	398,610484	20,130	0,038124	22,350000	51,565000
3,043865	400,613909	20,230	0,038921	22,350000	51,565000
3,045868	402,832031	20,330	0,039804	22,350000	51,565000
3,047859	406,422984	20,430	0,041233	22,350000	51,565000
3,049803	406,007086	20,530	0,041067	22,350000	51,565000
3,051856	408,957630	20,630	0,042242	22,350000	51,565000
3,053920	410,543931	20,731	0,042873	22,350000	51,565000
3,055896	412,423445	20,832	0,043621	22,350000	51,565000
3,057779	414,733580	20,932	0,044541	22,350000	51,565000
3,059878	416,603280	21,033	0,045285	22,350000	51,565000
3,061872	418,697491	21,134	0,046118	22,350000	51,565000
3,063838	422,703115	21,234	0,047712	22,350000	51,565000
3,065855	424,889339	21,334	0,048583	22,350000	51,565000
3,067873	426,708739	21,434	0,049307	22,360000	51,585000
3,069918	428,794362	21,535	0,050137	22,360000	51,585000
3,071816	430,780612	21,636	0,050927	22,360000	51,585000
3,073882	432,858874	21,737	0,051754	22,360000	51,585000
3,075869	434,603437	21,837	0,052449	22,360000	51,585000
3,077863	436,606862	21,937	0,053246	22,360000	51,585000
3,079833	439,000422	22,037	0,054199	22,360000	51,585000
3,081862	440,670148	22,137	0,054863	22,360000	51,585000
3,083897	442,689522	22,237	0,055667	22,360000	51,585000
3,085827	444,153139	22,337	0,056250	22,360000	51,585000
3,087843	446,538110	22,438	0,057199	22,360000	51,585000
3,089836	448,640910	22,539	0,058036	22,360000	51,585000
3,091875	450,568271	22,640	0,058803	22,360000	51,585000
3,093858	451,964412	22,740	0,059358	22,360000	51,585000
3,095825	454,449984	22,840	0,060348	22,360000	51,585000
3,097849	454,648732	22,940	0,060427	22,360000	51,585000
3,099865	458,305934	23,041	0,061882	22,360000	51,585000
3,101880	460,051723	23,141	0,062577	22,360000	51,585000
3,103824	462,036746	23,241	0,063367	22,360000	51,585000
3,105831	463,084465	23,341	0,063784	22,360000	51,585000
3,107930	464,746830	23,441	0,064446	22,350000	51,555000
3,109823	466,999303	23,542	0,065342	22,350000	51,555000
3,111862	468,985553	23,643	0,066133	22,350000	51,555000
3,113823	471,395061	23,743	0,067092	22,350000	51,555000
3,115866	472,982589	23,843	0,067724	22,350000	51,555000
3,117797	474,462155	23,944	0,068312	22,350000	51,555000
3,119858	477,162423	24,044	0,069387	22,350000	51,555000
3,121825	479,540034	24,144	0,070333	22,350000	51,555000
3,123825	481,101798	24,245	0,070955	22,350000	51,555000
3,125836	483,029159	24,345	0,071722	22,350000	51,555000
3,127834	484,808074	24,445	0,072430	22,350000	51,555000
3,129897	486,677774	24,545	0,073174	22,350000	51,555000
3,131864	489,370682	24,645	0,074246	22,350000	51,555000
3,133851	490,975385	24,746	0,074885	22,350000	51,555000
3,135836	493,151794	24,846	0,075751	22,350000	51,555000
3,137863	494,904945	24,946	0,076449	22,350000	51,555000
3,139815	496,750108	25,047	0,077183	22,350000	51,555000
3,141815	499,077418	25,147	0,078109	22,350000	51,555000
3,143861	500,706658	25,247	0,078758	22,350000	51,555000
3,145858	503,033969	25,347	0,079684	22,350000	51,555000
3,147796	504,771170	25,448	0,080375	22,360000	51,560000
3,149782	506,432308	25,548	0,081037	22,360000	51,560000
3,151877	508,660245	25,648	0,081923	22,360000	51,560000
3,153823	511,094290	25,749	0,082892	22,360000	51,560000
3,155856	514,535568	25,849	0,084262	22,360000	51,560000
3,157837	514,901166	25,949	0,084407	22,360000	51,560000
3,159819	517,127876	26,049	0,085293	22,360000	51,560000
3,161882	519,014751	26,150	0,086044	22,360000	51,560000
3,163799	520,851327	26,251	0,086775	22,360000	51,560000
3,165844	522,962714	26,351	0,087616	22,360000	51,560000
3,167842	526,976926	26,451	0,089213	22,360000	51,560000
3,169840	528,853987	26,551	0,089960	22,360000	51,560000
3,171834	530,733501	26,652	0,090708	22,360000	51,560000
3,173894	532,760237	26,753	0,091515	22,360000	51,560000
3,175830	534,920697	26,854	0,092375	22,360000	51,560000
3,177867	536,873822	26,954	0,093152	22,360000	51,560000
3,179850	538,852711	27,055	0,093940	22,360000	51,560000
3,181822	540,896622	27,155	0,094753	22,360000	51,560000
3,183805	542,832571	27,255	0,095524	22,360000	51,560000
3,185837	545,118169	27,355	0,096434	22,360000	51,560000
3,187885	546,256674	27,455	0,096887	22,360000	51,560000
3,189808	546,681160	27,555	0,097056	22,360000	51,560000
3,191841	549,007243	27,655	0,097981	22,360000	51,560000
3,193856	550,935832	27,755	0,098749	22,360000	51,560000
3,195821	552,681621	27,855	0,099444	22,360000	51,560000
3,197829	556,179334	27,955	0,100836	22,360000	51,560000
3,199898	558,116510	28,055	0,101607	22,360000	51,560000
3,201848	560,186185	28,156	0,102431	22,360000	51,560000
3,203839	561,424064	28,257	0,102923	22,360000	51,560000
3,205825	563,243463	28,357	0,103647	22,360000	51,560000
3,207798	565,603898	28,457	0,104587	22,360000	51,560000
3,209800	567,224550	28,558	0,105232	22,360000	51,560000
3,211840	569,261100	28,658	0,106042	22,360000	51,560000
3,213846	571,097676	28,759	0,106773	22,360000	51,560000
3,215852	572,817702	28,859	0,107458	22,360000	51,560000
3,217897	574,978162	28,960	0,108318	22,360000	51,560000
3,219844	576,590227	29,061	0,108959	22,360000	51,560000
3,221844	578,802214	29,162	0,109840	22,360000	51,560000
3,223852	580,821588	29,262	0,110644	22,360000	51,560000
3,225859	583,081423	29,363	0,111543	22,360000	51,560000
3,227885	585,034548	29,464	0,112320	22,350000	51,565000
3,229909	588,899085	29,564	0,113858	22,350000	51,565000
3,231842	588,691750	29,664	0,113776	22,350000	51,565000
3,233920	590,685360	29,765	0,114569	22,350000	51,565000
3,235784	592,979546	29,865	0,115482	22,350000	51,565000
3,237784	594,567074	29,966	0,116114	22,350000	51,565000
3,239870	596,802371	30,067	0,117004	22,350000	51,565000
3,241852	598,962832	30,168	0,117864	22,350000	51,565000
3,243833	602,785657	30,268	0,119385	22,350000	51,565000
3,245849	604,921581	30,368	0,120235	22,350000	51,565000
3,247925	606,775332	30,468	0,120973	22,350000	51,565000
3,249867	608,810655	30,568	0,121783	22,350000	51,565000
3,251893	610,864380	30,669	0,122601	22,350000	51,565000
3,253850	612,675192	30,770	0,123321	22,350000	51,565000
3,255825	612,908291	30,870	0,123414	22,350000	51,565000
3,257857	614,877365	30,971	0,124198	22,350000	51,565000
3,259880	616,780190	31,072	0,124955	22,350000	51,565000
3,261886	618,882989	31,172	0,125792	22,350000	51,565000
3,263840	620,644728	31,272	0,126493	22,350000	51,565000
3,265849	623,762121	31,373	0,127734	22,350000	51,565000
3,267882	626,911413	31,473	0,128987	22,350000	51,580000
3,269819	628,507528	31,574	0,129623	22,350000	51,580000
3,271811	629,038748	31,675	0,129834	22,350000	51,580000
3,273772	632,396602	31,776	0,131170	22,350000	51,580000
3,275797	634,308015	31,876	0,131931	22,350000	51,580000
3,277807	636,120053	31,977	0,132652	22,350000	51,580000
3,279845	638,113664	32,077	0,133446	22,350000	51,580000
3,281870	639,577281	32,178	0,134028	22,350000	51,580000
3,283831	641,455569	32,279	0,134776	22,350000	51,580000
3,285868	643,582905	32,379	0,135623	22,350000	51,580000
3,287786	644,812196	32,480	0,136112	22,350000	51,580000
3,289820	647,181219	32,580	0,137055	22,350000	51,580000
3,291839	649,250893	32,681	0,137878	22,350000	51,580000
3,293797	651,211379	32,781	0,138659	22,350000	51,580000
3,295869	654,793744	32,881	0,140084	22,350000	51,580000
3,297862	655,101680	32,981	0,140207	22,350000	51,580000
3,299833	656,962792	33,082	0,140948	22,350000	51,580000
3,301878	660,984365	33,183	0,142548	22,350000	51,580000
3,303788	662,813580	33,284	0,143276	22,350000	51,580000
3,305858	665,323689	33,384	0,144275	22,350000	51,515000
3,307802	666,869504	33,485	0,144891	22,350000	51,515000
3,309834	667,184801	33,585	0,145016	22,350000	51,515000
3,311863	668,904827	33,686	0,145701	22,350000	51,515000
3,313881	670,908252	33,787	0,146498	22,350000	51,515000
3,315830	672,919039	33,888	0,147298	22,350000	51,515000
3,317830	674,713902	33,988	0,148013	22,350000	51,515000
3,319856	676,867001	34,088	0,148870	22,350000	51,515000
3,321816	679,102299	34,188	0,149759	22,350000	51,515000
3,323781	681,064011	34,288	0,150540	22,350000	51,515000
3,325886	683,165584	34,388	0,151376	22,350000	51,515000
3,327823	685,002159	34,488	0,152107	22,350000	51,515000
3,329820	686,839962	34,588	0,152839	22,350000	51,515000
3,331858	689,049496	34,689	0,153718	22,350000	51,515000
3,333833	691,052921	34,789	0,154516	22,350000	51,515000
3,335840	694,269688	34,889	0,155796	22,350000	51,515000
3,337770	696,338136	34,990	0,156619	22,350000	51,515000
3,339750	698,790584	35,090	0,157595	22,350000	51,515000
3,341812	700,310635	35,190	0,158200	22,350000	51,515000
3,343835	703,036668	35,291	0,159285	22,350000	51,515000
3,345862	704,707620	35,391	0,159950	22,350000	51,525000
3,347766	706,544196	35,491	0,160681	22,350000	51,525000
3,349827	708,688707	35,592	0,161535	22,350000	51,525000
3,351846	710,433270	35,692	0,162229	22,350000	51,525000
3,353818	712,859954	35,792	0,163195	22,350000	51,525000
3,355868	714,355469	35,892	0,163790	22,350000	51,525000
3,357838	716,035009	35,993	0,164458	22,350000	51,525000
3,359821	717,140389	36,094	0,164898	22,350000	51,525000
3,361802	718,943840	36,195	0,165616	22,350000	51,525000
3,363804	721,004927	36,295	0,166437	22,350000	51,525000
3,365878	723,597234	36,395	0,167468	22,350000	51,525000
3,367782	725,383509	36,495	0,168179	22,350000	51,525000
3,369797	727,395523	36,595	0,168980	22,350000	51,525000
3,371837	728,741363	36,695	0,169516	22,350000	51,525000
3,373793	731,068673	36,795	0,170442	22,350000	51,525000
3,375802	732,705274	36,896	0,171093	22,350000	51,525000
3,377819	734,966336	36,997	0,171993	22,350000	51,525000
3,379822	736,677774	37,098	0,172674	22,350000	51,525000
3,381816	739,113046	37,198	0,173644	22,350000	51,525000
3,383826	741,240382	37,298	0,174490	22,350000	51,525000
3,385754	742,827909	37,398	0,175122	22,350000	51,540000
3,387786	745,113507	37,498	0,176032	22,350000	51,540000
3,389791	746,932907	37,599	0,176756	22,350000	51,540000
3,391816	748,887259	37,700	0,177534	22,350000	51,540000
3,393839	752,710084	37,800	0,179055	22,350000	51,540000
3,395835	752,950544	37,901	0,179151	22,350000	51,540000
3,397851	754,736819	38,001	0,179862	22,350000	51,540000
3,399787	756,889918	38,101	0,180719	22,350000	51,540000
3,401812	758,651657	38,202	0,181420	22,350000	51,540000
3,403817	760,994916	38,302	0,182353	22,350000	51,540000
3,405855	764,726955	38,403	0,183838	22,350000	51,540000
3,407811	764,544156	38,503	0,183765	22,350000	51,540000
3,409803	768,790240	38,604	0,185455	22,350000	51,540000
3,411828	768,816004	38,704	0,185465	22,350000	51,540000
3,413818	771,150675	38,804	0,186395	22,350000	51,540000
3,415830	774,890075	38,905	0,187883	22,350000	51,540000
3,417851	776,702114	39,005	0,188604	22,350000	51,540000
3,419879	776,719290	39,106	0,188611	22,350000	51,540000
3,421795	780,416977	39,207	0,190083	22,350000	51,540000
3,423836	780,773987	39,307	0,190225	22,350000	51,540000
3,425808	782,810537	39,408	0,191035	22,350000	51,540000
3,427795	784,796787	39,508	0,191826	22,350000	51,540000
3,429782	788,736161	39,608	0,193394	22,350000	51,540000
3,431841	789,333631	39,709	0,193631	22,350000	51,540000
3,433801	793,049721	39,809	0,195110	22,350000	51,540000
3,435841	793,539229	39,910	0,195305	22,350000	51,540000
3,437790	795,932789	40,010	0,196258	22,350000	51,540000
3,439802	797,020994	40,110	0,196691	22,350000	51,540000
3,441744	799,747026	40,210	0,197776	22,350000	51,540000
3,443815	802,331972	40,310	0,198805	22,350000	51,540000
3,445793	804,492433	40,410	0,199665	22,350000	51,540000
3,447756	806,064011	40,510	0,200290	22,350000	51,540000
3,449797	806,819743	40,610	0,200591	22,350000	51,540000
3,451799	808,839117	40,710	0,201395	22,350000	51,540000
3,453807	812,130722	40,811	0,202705	22,350000	51,540000
3,455804	815,180640	40,911	0,203918	22,350000	51,540000
3,457766	815,695911	41,012	0,204124	22,350000	51,540000
3,459797	817,532487	41,112	0,204854	22,350000	51,540000
3,461815	819,069714	41,212	0,205466	22,350000	51,540000
3,463786	822,767401	41,312	0,206938	22,350000	51,540000
3,465790	823,764820	41,412	0,207335	22,350000	51,565000
3,467765	825,493434	41,512	0,208023	22,350000	51,565000
3,469771	827,820744	41,612	0,208949	22,350000	51,565000
3,471794	828,776451	41,712	0,209330	22,350000	51,565000
3,473819	831,551557	41,813	0,210434	22,350000	51,565000
3,475799	833,305934	41,913	0,211132	22,350000	51,565000
3,477780	834,933947	42,013	0,211780	22,350000	51,565000
3,479820	836,730037	42,114	0,212495	22,350000	51,565000
3,481776	839,264683	42,214	0,213504	22,350000	51,565000
3,483789	840,942996	42,314	0,214172	22,350000	51,565000
3,485744	844,849246	42,415	0,215727	22,350000	51,565000
3,487811	844,899547	42,515	0,215747	22,350000	51,565000
3,489762	848,804570	42,616	0,217301	22,350000	51,565000
3,491792	848,821745	42,716	0,217308	22,350000	51,565000
3,493796	851,048455	42,817	0,218194	22,350000	51,565000
3,495771	854,655357	42,917	0,219629	22,350000	51,565000
3,497754	854,946117	43,018	0,219745	22,350000	51,565000
3,499745	856,509108	43,118	0,220367	22,350000	51,565000
3,501722	858,570195	43,218	0,221188	22,350000	51,565000
3,503775	862,808918	43,319	0,222875	22,350000	51,565000
3,505791	862,692368	43,419	0,222828	22,350000	51,565000
3,507801	864,619730	43,519	0,223595	22,350000	51,565000
3,509764	866,839078	43,619	0,224479	22,350000	51,565000
3,511755	869,847283	43,720	0,225676	22,350000	51,565000
3,513791	870,802990	43,820	0,226056	22,350000	51,565000
3,515767	872,789239	43,921	0,226847	22,350000	51,565000
3,517784	875,050300	44,021	0,227747	22,350000	51,565000
3,519773	877,301547	44,121	0,228643	22,350000	51,565000
3,521778	878,930787	44,221	0,229291	22,350000	51,565000
3,523723	880,784538	44,321	0,230029	22,350000	51,565000
3,525768	882,861573	44,421	0,230855	22,350000	51,565000
3,527784	885,829293	44,521	0,232037	22,350000	51,565000
3,529797	887,100296	44,621	0,232542	22,350000	51,565000
3,531830	888,795786	44,721	0,233217	22,350000	51,565000
3,533819	890,881409	44,821	0,234047	22,350000	51,565000
3,535788	893,341218	44,921	0,235026	22,350000	51,565000
3,537781	894,803608	45,022	0,235608	22,350000	51,565000
3,539773	896,740784	45,123	0,236379	22,350000	51,565000
3,541771	899,033743	45,223	0,237292	22,350000	51,565000
3,543803	902,749833	45,324	0,238771	22,350000	51,565000
3,545768	903,879750	45,425	0,239221	22,360000	51,570000
3,547785	905,773987	45,525	0,239975	22,360000	51,570000
3,549843	907,411815	45,626	0,240626	22,360000	51,570000
3,551769	908,923279	45,727	0,241228	22,360000	51,570000
3,553782	911,276352	45,828	0,242165	22,360000	51,570000
3,555813	913,544775	45,928	0,243067	22,360000	51,570000
3,557774	915,148251	46,028	0,243706	22,360000	51,570000
3,559765	916,711242	46,128	0,244328	22,360000	51,570000
3,561773	918,946539	46,229	0,245217	22,360000	51,570000
3,563771	921,738821	46,329	0,246329	22,360000	51,570000
3,565808	924,057544	46,429	0,247251	22,360000	51,570000
3,567751	925,295422	46,529	0,247744	22,360000	51,570000
3,569765	926,999499	46,629	0,248422	22,360000	51,570000
3,571729	929,018874	46,730	0,249226	22,360000	51,570000
3,573802	931,511807	46,830	0,250218	22,360000	51,570000
3,575763	933,556945	46,930	0,251032	22,360000	51,570000
3,577805	935,484306	47,030	0,251799	22,360000	51,570000
3,579819	937,686479	47,130	0,252676	22,360000	51,570000
3,581784	939,681317	47,230	0,253470	22,360000	51,570000
3,583777	941,103221	47,331	0,254036	22,360000	51,570000
3,585767	943,072295	47,431	0,254819	22,360000	51,570000
3,587749	945,116206	47,532	0,255633	22,360000	51,570000
3,589776	946,978545	47,632	0,256374	22,360000	51,570000
3,591760	948,797945	47,732	0,257098	22,360000	51,570000
3,593699	951,108079	47,832	0,258018	22,360000	51,570000
3,595789	953,285716	47,932	0,258884	22,360000	51,570000
3,597724	955,064630	48,033	0,259592	22,360000	51,570000
3,599853	956,901205	48,133	0,260323	22,360000	51,570000
3,601784	958,904631	48,233	0,261121	22,360000	51,570000
3,603730	961,155877	48,333	0,262017	22,360000	51,570000
3,605776	962,452644	48,433	0,262533	22,360000	51,570000
3,607749	964,680581	48,533	0,263419	22,360000	51,570000
3,609796	966,766204	48,633	0,264250	22,360000	51,570000
3,611798	970,655278	48,733	0,265797	22,360000	51,570000
3,613771	970,439355	48,833	0,265711	22,360000	51,570000
3,615750	972,791202	48,933	0,266647	22,360000	51,570000
3,617793	974,901362	49,033	0,267487	22,360000	51,570000
3,619767	978,800251	49,133	0,269039	22,360000	51,570000
3,621702	980,903050	49,233	0,269876	22,360000	51,570000
3,623750	982,821824	49,334	0,270640	22,360000	51,570000
3,625760	984,616687	49,434	0,271354	22,360000	51,545000
3,627750	986,811499	49,535	0,272228	22,360000	51,545000
3,629767	988,606362	49,635	0,272942	22,360000	51,545000
3,631781	990,874784	49,736	0,273845	22,360000	51,545000
3,633769	992,645110	49,836	0,274549	22,360000	51,545000
3,635818	994,697609	49,936	0,275366	22,360000	51,545000
3,637764	994,730734	50,037	0,275379	22,360000	51,545000
3,639776	996,318261	50,137	0,276011	22,360000	51,545000
3,641753	998,927744	50,238	0,277050	22,360000	51,545000
3,643746	1000,565572	50,339	0,277702	22,360000	51,545000
3,645723	1002,999617	50,440	0,278670	22,360000	51,545000
3,647782	1004,853368	50,540	0,279408	22,360000	51,545000
3,649726	1008,136385	50,640	0,280715	22,360000	51,545000
3,651726	1008,759618	50,740	0,280963	22,360000	51,545000
3,653800	1010,604782	50,840	0,281697	22,360000	51,545000
3,655775	1012,948041	50,941	0,282630	22,360000	51,545000
3,657821	1014,584642	51,041	0,283281	22,360000	51,545000
3,659825	1016,821166	51,141	0,284171	22,360000	51,545000
3,661763	1018,657742	51,242	0,284902	22,360000	51,545000
3,663746	1020,710241	51,342	0,285719	22,360000	51,545000
3,665749	1022,879289	51,442	0,286583	22,360000	51,545000
3,667696	1025,505948	51,542	0,287628	22,360000	51,545000
3,669716	1027,158498	51,642	0,288286	22,360000	51,545000
3,671720	1029,652658	51,742	0,289278	22,360000	51,545000
3,673835	1031,447521	51,842	0,289993	22,360000	51,545000
3,675698	1034,147790	51,942	0,291067	22,360000	51,545000
3,677741	1035,951241	52,042	0,291785	22,360000	51,545000
3,679728	1038,436813	52,142	0,292774	22,360000	51,545000
3,681752	1040,581325	52,242	0,293628	22,360000	51,545000
3,683793	1042,658360	52,342	0,294455	22,360000	51,545000
3,685753	1044,228712	52,443	0,295080	22,360000	51,545000
3,687720	1045,957326	52,543	0,295768	22,360000	51,545000
3,689750	1048,242924	52,643	0,296677	22,360000	51,545000
3,691758	1050,229173	52,743	0,297468	22,360000	51,545000
3,693806	1051,467052	52,844	0,297960	22,360000	51,545000
3,695787	1054,185724	52,944	0,299042	22,360000	51,545000
3,697729	1055,714363	53,045	0,299651	22,360000	51,545000
3,699787	1057,575475	53,145	0,300392	22,360000	51,545000
3,701720	1059,811999	53,245	0,301282	22,360000	51,545000
3,703776	1061,498901	53,345	0,301953	22,360000	51,545000
3,705775	1063,434850	53,445	0,302724	22,360000	51,545000
3,707771	1064,848167	53,545	0,303286	22,360000	51,545000
3,709814	1067,607324	53,646	0,304384	22,360000	51,545000
3,711706	1069,327350	53,746	0,305069	22,360000	51,545000
3,713773	1071,179874	53,847	0,305806	22,360000	51,545000
3,715780	1072,983325	53,948	0,306524	22,360000	51,545000
3,717743	1076,565690	54,049	0,307950	22,360000	51,545000
3,719760	1078,901588	54,150	0,308879	22,360000	51,545000
3,721693	1080,571314	54,251	0,309544	22,360000	51,545000
3,723708	1082,881448	54,351	0,310463	22,360000	51,545000
3,725792	1084,843161	54,451	0,311244	22,360000	51,545000
3,727727	1084,718024	54,551	0,311194	22,360000	51,545000
3,729794	1086,970497	54,651	0,312091	22,360000	51,545000
3,731784	1088,915034	54,751	0,312865	22,360000	51,545000
3,733762	1090,768785	54,851	0,313603	22,360000	51,545000
3,735791	1092,838460	54,951	0,314426	22,360000	51,545000
3,737752	1094,690984	55,051	0,315164	22,360000	51,545000
3,739700	1096,959406	55,151	0,316066	22,360000	51,545000
3,741778	1098,813158	55,251	0,316804	22,360000	51,545000
3,743765	1101,032506	55,351	0,317688	22,360000	51,545000
3,745777	1102,919382	55,451	0,318438	22,350000	51,540000
3,747806	1106,883293	55,551	0,320016	22,350000	51,540000
3,749759	1108,744406	55,652	0,320757	22,350000	51,540000
3,751745	1110,930630	55,752	0,321627	22,350000	51,540000
3,753718	1113,066553	55,852	0,322477	22,350000	51,540000
3,755757	1115,085928	55,952	0,323281	22,350000	51,540000
3,757735	1116,988752	56,052	0,324038	22,350000	51,540000
3,759764	1118,900165	56,152	0,324799	22,350000	51,540000
3,761801	1121,010325	56,253	0,325639	22,350000	51,540000
3,763748	1121,110926	56,353	0,325679	22,350000	51,540000
3,765734	1123,064051	56,453	0,326456	22,350000	51,540000
3,767770	1124,733776	56,553	0,327121	22,350000	51,540000
3,769706	1128,657202	56,653	0,328682	22,350000	51,540000
3,771725	1128,972499	56,753	0,328808	22,350000	51,540000
3,773748	1130,460653	56,853	0,329400	22,350000	51,540000
3,775780	1132,779375	56,954	0,330323	22,350000	51,540000
3,777746	1134,624539	57,054	0,331057	22,350000	51,540000
3,779778	1138,828910	57,154	0,332730	22,350000	51,540000
3,781807	1140,566112	57,255	0,333422	22,350000	51,540000
3,783784	1142,801409	57,355	0,334312	22,350000	51,540000
3,785736	1144,763122	57,455	0,335092	22,350000	51,540000
3,787730	1147,022957	57,555	0,335992	22,350000	51,540000
3,789805	1148,427685	57,656	0,336551	22,350000	51,540000
3,791771	1150,671571	57,757	0,337444	22,350000	51,540000
3,793741	1152,283635	57,857	0,338085	22,350000	51,540000
3,795778	1154,485808	57,957	0,338962	22,350000	51,540000
3,797745	1156,912492	58,057	0,339928	22,350000	51,540000
3,799687	1158,376109	58,157	0,340510	22,350000	51,540000
3,801743	1158,433770	58,257	0,340533	22,350000	51,540000
3,803728	1160,693605	58,358	0,341433	22,350000	51,540000
3,805748	1162,712979	58,458	0,342236	22,350000	51,540000
3,807746	1164,683280	58,558	0,343021	22,350000	51,540000
3,809802	1166,702654	58,658	0,343824	22,350000	51,540000
3,811746	1168,855753	58,758	0,344681	22,350000	51,540000
3,813728	1171,771946	58,858	0,345842	22,350000	51,540000
3,815746	1173,592572	58,958	0,346566	22,350000	51,540000
3,817707	1175,810694	59,059	0,347449	22,350000	51,540000
3,819777	1177,173710	59,160	0,347992	22,350000	51,540000
3,821753	1179,060586	59,261	0,348743	22,350000	51,540000
3,823731	1180,722951	59,361	0,349404	22,350000	51,540000
3,825712	1183,365558	59,461	0,350456	22,350000	51,555000
3,827712	1185,384932	59,562	0,351260	22,350000	51,555000
3,829751	1186,723412	59,663	0,351792	22,350000	51,555000
3,831721	1188,983246	59,764	0,352692	22,350000	51,555000
3,833743	1190,836997	59,864	0,353430	22,350000	51,555000
3,835801	1192,673573	59,965	0,354161	22,350000	51,555000
3,837678	1196,562647	60,065	0,355708	22,350000	51,555000
3,839677	1196,554059	60,165	0,355705	22,350000	51,555000
3,841718	1198,498596	60,265	0,356479	22,350000	51,555000
3,843795	1200,609984	60,366	0,357319	22,350000	51,555000
3,845728	1204,175173	60,466	0,358738	22,350000	51,555000
3,847764	1204,632783	60,566	0,358920	22,350000	51,555000
3,849674	1206,527020	60,667	0,359674	22,350000	51,555000
3,851714	1208,795442	60,767	0,360577	22,350000	51,555000
3,853712	1210,582944	60,867	0,361289	22,350000	51,555000
3,855729	1212,518893	60,968	0,362059	22,350000	51,555000
3,857709	1214,579980	61,069	0,362879	22,350000	51,555000
3,859776	1218,618728	61,170	0,364487	22,350000	51,555000
3,861732	1220,455304	61,270	0,365218	22,350000	51,555000
3,863780	1222,417017	61,370	0,365999	22,350000	51,555000
3,865781	1224,495279	61,470	0,366826	22,350000	51,565000
3,867786	1226,306091	61,570	0,367546	22,350000	51,565000
3,869722	1228,292341	61,670	0,368337	22,350000	51,565000
3,871706	1230,478565	61,770	0,369207	22,350000	51,565000
3,873695	1232,506527	61,870	0,370014	22,350000	51,565000
3,875728	1234,508725	61,970	0,370811	22,350000	51,565000
3,877715	1236,586988	62,070	0,371638	22,350000	51,565000
3,879726	1236,628700	62,170	0,371655	22,350000	51,565000
3,881751	1240,925084	62,271	0,373365	22,350000	51,565000
3,883781	1240,791359	62,371	0,373312	22,350000	51,565000
3,885678	1242,627935	62,471	0,374042	22,350000	51,565000
3,887786	1244,490274	62,572	0,374784	22,350000	51,565000
3,889720	1246,467935	62,672	0,375571	22,350000	51,565000
3,891689	1248,529022	62,772	0,376391	22,350000	51,565000
3,893734	1250,449022	62,872	0,377155	22,350000	51,565000
3,895730	1252,559183	62,972	0,377995	22,350000	51,565000
3,897773	1256,590570	63,072	0,379600	22,350000	51,565000
3,899674	1258,517931	63,172	0,380367	22,350000	51,565000
3,901644	1260,505408	63,272	0,381158	22,350000	51,565000
3,903734	1262,648693	63,372	0,382011	22,350000	51,565000
3,905691	1264,311057	63,472	0,382672	22,350000	51,555000
3,907708	1266,729154	63,572	0,383635	22,350000	51,555000
3,909735	1268,283556	63,672	0,384253	22,350000	51,555000
3,911724	1268,807416	63,773	0,384462	22,350000	51,555000
3,913722	1270,726190	63,874	0,385226	22,350000	51,555000
3,915693	1272,687902	63,974	0,386006	22,350000	51,555000
3,917699	1274,731813	64,075	0,386820	22,350000	51,555000
3,919793	1276,561028	64,175	0,387548	22,350000	51,555000
3,921690	1278,937412	64,275	0,388494	22,350000	51,555000
3,923773	1281,214422	64,375	0,389400	22,350000	51,555000
3,925701	1283,176135	64,476	0,390181	22,350000	51,555000
3,927692	1284,555100	64,576	0,390729	22,350000	51,555000
3,929737	1286,591650	64,676	0,391540	22,350000	51,555000
3,931699	1288,611024	64,776	0,392344	22,350000	51,555000
3,933653	1292,035127	64,877	0,393707	22,350000	51,555000
3,935713	1293,131919	64,978	0,394143	22,350000	51,555000
3,937705	1294,743984	65,079	0,394785	22,350000	51,555000
3,939729	1297,220968	65,179	0,395771	22,350000	51,555000
3,941694	1298,940994	65,279	0,396455	22,350000	51,555000
3,943714	1301,209416	65,379	0,397358	22,350000	51,555000
3,945727	1302,572432	65,479	0,397900	22,340000	51,540000
3,947760	1305,199091	65,580	0,398946	22,340000	51,540000
3,949750	1306,329008	65,681	0,399396	22,340000	51,540000
3,951740	1308,606018	65,781	0,400302	22,340000	51,540000
3,953702	1310,908792	65,881	0,401218	22,340000	51,540000
3,955740	1312,163847	65,981	0,401718	22,340000	51,540000
3,957696	1314,656780	66,081	0,402710	22,340000	51,540000
3,959767	1316,883490	66,182	0,403596	22,340000	51,540000
3,961726	1318,620691	66,283	0,404288	22,340000	51,540000
3,963719	1320,357893	66,384	0,404979	22,340000	51,540000
3,965712	1322,718328	66,484	0,405918	22,340000	51,540000
3,967718	1326,441779	66,584	0,407400	22,340000	51,540000
3,969743	1328,585064	66,684	0,408253	22,340000	51,540000
3,971731	1330,828949	66,784	0,409146	22,340000	51,540000
3,973711	1332,474138	66,885	0,409801	22,340000	51,540000
3,975723	1334,643187	66,985	0,410665	22,340000	51,540000
3,977723	1336,655200	67,085	0,411465	22,340000	51,540000
3,979705	1338,366638	67,185	0,412146	22,340000	51,540000
3,981672	1340,918459	67,286	0,413162	22,340000	51,540000
3,983740	1342,323188	67,386	0,413721	22,350000	51,555000
3,985756	1344,616147	67,486	0,414634	22,350000	51,555000
3,987718	1344,724109	67,586	0,414677	22,350000	51,555000
3,989631	1346,461310	67,686	0,415368	22,350000	51,555000
3,991721	1348,355547	67,786	0,416122	22,350000	51,555000
3,993671	1350,466934	67,886	0,416962	22,350000	51,555000
3,995675	1352,353810	67,987	0,417713	22,350000	51,555000
3,997644	1356,201172	68,087	0,419245	22,350000	51,555000
3,999721	1358,288022	68,188	0,420075	22,350000	51,555000
4,001664	1360,198208	68,288	0,420835	22,350000	51,555000
4,003729	1362,509569	68,388	0,421755	22,350000	51,555000
4,005665	1364,520356	68,488	0,422556	22,350000	51,555000
4,007690	1366,590030	68,588	0,423379	22,350000	51,555000
4,009698	1368,235219	68,688	0,424034	22,350000	51,555000
4,011733	1369,981009	68,789	0,424729	22,350000	51,555000
4,013731	1371,974619	68,890	0,425522	22,350000	51,555000
4,015762	1372,473942	68,990	0,425721	22,350000	51,555000
4,017642	1374,152255	69,090	0,426389	22,350000	51,555000
4,019703	1376,345841	69,190	0,427262	22,350000	51,555000
4,021682	1377,983668	69,290	0,427914	22,350000	51,555000
4,023711	1380,908448	69,390	0,429078	22,350000	51,555000
4,025679	1383,061548	69,490	0,429935	22,350000	51,555000
4,027673	1385,047798	69,591	0,430726	22,350000	51,555000
4,029725	1386,675811	69,692	0,431374	22,350000	51,555000
4,031702	1388,812961	69,792	0,432224	22,350000	51,555000
4,033689	1391,770866	69,892	0,433401	22,350000	51,555000
4,035725	1393,682279	69,992	0,434162	22,350000	51,555000
4,037660	1395,385129	70,092	0,434840	22,350000	51,555000
4,039703	1397,970075	70,192	0,435869	22,350000	51,555000
4,041699	1398,834995	70,292	0,436213	22,350000	51,555000
4,043687	1400,912031	70,392	0,437040	22,350000	51,555000
4,045727	1403,322766	70,492	0,437999	22,350000	51,555000
4,047717	1403,979124	70,593	0,438260	22,350000	51,555000
4,049696	1407,062166	70,693	0,439487	22,350000	51,555000
4,051765	1408,350345	70,793	0,440000	22,350000	51,555000
4,053704	1410,536570	70,893	0,440870	22,350000	51,555000
4,055695	1412,447982	70,993	0,441631	22,350000	51,555000
4,057641	1414,408468	71,093	0,442411	22,350000	51,555000
4,059775	1418,198169	71,193	0,443919	22,350000	51,555000
4,061739	1418,123332	71,293	0,443890	22,350000	51,555000
4,063687	1420,483766	71,393	0,444829	22,350000	51,565000
4,065656	1422,362054	71,493	0,445577	22,350000	51,565000
4,067709	1424,123793	71,593	0,446278	22,350000	51,565000
4,069679	1426,301429	71,693	0,447145	22,350000	51,565000
4,071693	1430,174554	71,794	0,448686	22,350000	51,565000
4,073679	1430,473903	71,895	0,448805	22,350000	51,565000
4,075764	1432,999961	71,995	0,449811	22,350000	51,565000
4,077734	1433,988792	72,096	0,450204	22,350000	51,565000
4,079725	1436,631399	72,196	0,451256	22,350000	51,565000
4,081726	1438,384550	72,296	0,451954	22,350000	51,565000
4,083700	1440,421100	72,396	0,452764	22,350000	51,565000
4,085654	1441,900665	72,496	0,453353	22,350000	51,565000
4,087720	1444,036589	72,597	0,454203	22,350000	51,565000
4,089711	1446,163925	72,697	0,455050	22,350000	51,565000
4,091724	1448,066750	72,798	0,455807	22,350000	51,565000
4,093726	1450,319223	72,899	0,456704	22,350000	51,565000
4,095770	1452,222048	72,999	0,457461	22,350000	51,565000
4,097718	1454,133460	73,100	0,458222	22,350000	51,565000
4,099716	1455,987211	73,201	0,458959	22,350000	51,565000
4,101675	1457,914573	73,302	0,459727	22,350000	51,565000
4,103679	1462,003622	73,402	0,461354	22,350000	51,565000
4,105684	1463,757999	73,503	0,462052	22,350000	51,565000
4,107731	1466,059546	73,603	0,462968	22,350000	51,565000
4,109752	1468,062971	73,703	0,463766	22,350000	51,565000
4,111706	1469,998920	73,804	0,464536	22,350000	51,565000
4,113722	1472,001119	73,904	0,465333	22,350000	51,565000
4,115712	1474,270768	74,005	0,466236	22,350000	51,565000
4,117686	1476,140468	74,106	0,466980	22,350000	51,565000
4,119651	1477,644571	74,207	0,467579	22,350000	51,565000
4,121709	1479,879868	74,307	0,468469	22,350000	51,565000
4,123704	1481,998616	74,407	0,469312	22,350000	51,565000
4,125725	1483,786118	74,507	0,470023	22,350000	51,565000
4,127719	1485,863154	74,607	0,470850	22,350000	51,565000
4,129698	1487,417557	74,707	0,471469	22,350000	51,565000
4,131722	1489,162119	74,807	0,472163	22,350000	51,565000
4,133656	1491,572855	74,908	0,473123	22,350000	51,565000
4,135708	1492,927283	75,009	0,473662	22,350000	51,565000
4,137737	1495,279130	75,109	0,474598	22,350000	51,565000
4,139696	1497,190543	75,210	0,475358	22,350000	51,565000
4,141636	1500,307936	75,310	0,476599	22,350000	51,565000
4,143708	1500,008588	75,410	0,476480	22,350000	51,565000
4,143692	1502,069675	75,510	0,477300	22,350000	51,565000
4,143746	1501,712665	75,610	0,477158	22,350000	51,565000
4,143736	1501,878288	75,710	0,477224	22,350000	51,565000
4,143676	1501,960486	75,811	0,477257	22,350000	51,565000
4,143661	1501,645189	75,911	0,477131	22,350000	51,565000
4,143702	1501,744563	76,012	0,477171	22,350000	51,565000
4,143737	1501,720026	76,112	0,477161	22,350000	51,565000
4,143633	1501,636601	76,212	0,477128	22,350000	51,565000
4,143705	1501,753151	76,312	0,477174	22,350000	51,565000
4,143714	1501,869700	76,413	0,477221	22,350000	51,565000
4,143679	1501,446441	76,514	0,477052	22,350000	51,565000
4,143751	1501,819400	76,614	0,477201	22,350000	51,565000
4,143699	1501,495515	76,715	0,477072	22,350000	51,565000
4,143726	1501,479566	76,815	0,477065	22,350000	51,565000
4,143712	1501,744563	76,916	0,477171	22,350000	51,565000
4,143655	1501,404729	77,016	0,477036	22,350000	51,565000
4,143700	1501,528639	77,116	0,477085	22,350000	51,565000
4,143711	1501,272230	77,216	0,476983	22,350000	51,565000
4,143661	1501,272230	77,316	0,476983	22,350000	51,565000
4,143668	1501,304128	77,417	0,476996	22,360000	51,560000
4,143727	1501,495515	77,517	0,477072	22,360000	51,560000
4,143704	1501,196166	77,617	0,476953	22,360000	51,560000
4,143658	1501,363016	77,717	0,477019	22,360000	51,560000
4,143659	1501,420678	77,817	0,477042	22,360000	51,560000
4,143719	1501,296767	77,917	0,476993	22,360000	51,560000
4,143667	1501,121329	78,017	0,476923	22,360000	51,560000
4,143668	1500,863693	78,117	0,476820	22,360000	51,560000
4,143721	1501,180217	78,217	0,476946	22,360000	51,560000
4,143688	1500,988831	78,318	0,476870	22,360000	51,560000
4,143676	1501,420678	78,418	0,477042	22,360000	51,560000
4,143696	1501,163042	78,518	0,476939	22,360000	51,560000
4,143732	1501,255055	78,618	0,476976	22,360000	51,560000
4,143705	1500,880869	78,718	0,476827	22,360000	51,560000
4,143655	1501,255055	78,818	0,476976	22,360000	51,560000
4,143695	1500,606058	78,918	0,476718	22,360000	51,560000
4,143685	1501,006007	79,018	0,476877	22,360000	51,560000
4,143684	1500,913994	79,118	0,476840	22,360000	51,560000
4,143701	1500,755732	79,219	0,476777	22,360000	51,560000
4,143694	1500,772908	79,319	0,476784	22,360000	51,560000
4,143690	1500,731195	79,419	0,476768	22,350000	51,555000
4,143707	1500,689483	79,519	0,476751	22,350000	51,555000
4,143694	1500,955706	79,619	0,476857	22,350000	51,555000
4,143660	1500,664946	79,719	0,476741	22,350000	51,555000
4,143694	1500,647770	79,819	0,476734	22,350000	51,555000
4,143660	1500,689483	79,919	0,476751	22,350000	51,555000
4,143667	1500,889457	80,020	0,476831	22,350000	51,555000
4,143704	1500,896818	80,120	0,476833	22,350000	51,555000
4,143675	1500,639182	80,221	0,476731	22,350000	51,555000
4,143711	1500,680895	80,321	0,476748	22,350000	51,555000
4,143676	1500,614645	80,421	0,476721	22,350000	51,555000
4,143678	1500,739783	80,521	0,476771	22,350000	51,555000
4,143721	1500,656358	80,621	0,476738	22,350000	51,555000
4,143744	1500,449022	80,721	0,476655	22,350000	51,555000
4,143665	1500,581521	80,822	0,476708	22,350000	51,555000
4,143702	1500,565572	80,922	0,476702	22,350000	51,555000
4,143689	1500,282173	81,022	0,476589	22,350000	51,555000
4,143677	1500,464971	81,123	0,476662	22,350000	51,555000
4,143667	1500,374185	81,224	0,476625	22,350000	51,555000
4,143679	1500,341061	81,324	0,476612	22,350000	51,555000
4,143658	1500,456383	81,424	0,476658	22,350000	51,555000
4,143693	1500,307936	81,524	0,476599	22,350000	51,555000
4,143636	1500,341061	81,624	0,476612	22,350000	51,555000
4,143737	1500,464971	81,725	0,476662	22,350000	51,555000
4,143698	1500,365598	81,825	0,476622	22,350000	51,555000
4,143696	1500,107962	81,925	0,476520	22,350000	51,555000
4,143741	1500,464971	82,025	0,476662	22,350000	51,555000
4,143651	1500,307936	82,125	0,476599	22,350000	51,555000
4,143658	1500,266224	82,225	0,476583	22,350000	51,555000
4,143721	1500,290760	82,326	0,476592	22,350000	51,555000
4,143646	1500,381546	82,426	0,476628	22,350000	51,555000
4,143711	1500,240460	82,527	0,476572	22,350000	51,555000
4,143663	1500,141086	82,627	0,476533	22,350000	51,555000
4,143672	1500,357010	82,727	0,476619	22,350000	51,555000
4,143679	1500,198748	82,827	0,476556	22,350000	51,555000
4,143700	1499,975463	82,927	0,476467	22,350000	51,555000
4,143660	1500,431847	83,027	0,476648	22,350000	51,555000
4,143707	1500,233099	83,127	0,476569	22,350000	51,555000
4,143645	1500,390134	83,228	0,476632	22,350000	51,555000
4,143689	1500,092013	83,328	0,476513	22,350000	51,555000
4,143678	1500,341061	83,428	0,476612	22,350000	51,540000
4,143768	1500,141086	83,528	0,476533	22,350000	51,540000
4,143656	1499,975463	83,628	0,476467	22,350000	51,540000
4,143667	1500,323885	83,728	0,476605	22,350000	51,540000
4,143649	1500,198748	83,828	0,476556	22,350000	51,540000
4,143663	1500,215923	83,928	0,476562	22,350000	51,540000
4,143695	1500,165623	84,029	0,476542	22,350000	51,540000
4,143705	1499,883450	84,129	0,476430	22,350000	51,540000
4,143715	1499,841738	84,229	0,476414	22,350000	51,540000
4,143653	1500,024537	84,330	0,476486	22,350000	51,540000
4,143689	1499,867502	84,430	0,476424	22,350000	51,540000
4,143654	1499,684703	84,530	0,476351	22,350000	51,540000
4,143687	1499,758313	84,630	0,476380	22,350000	51,540000
4,143679	1499,808613	84,731	0,476400	22,350000	51,540000
4,143716	1499,867502	84,831	0,476424	22,350000	51,540000
4,143651	1499,883450	84,931	0,476430	22,350000	51,540000
4,143730	1499,850326	85,031	0,476417	22,350000	51,540000
4,143658	1499,476140	85,131	0,476268	22,350000	51,540000
4,143675	1499,376767	85,231	0,476229	22,350000	51,540000
4,143673	1499,667527	85,331	0,476344	22,350000	51,540000
4,143701	1499,460192	85,431	0,476262	22,360000	51,530000
4,141688	1497,390517	85,532	0,475438	22,360000	51,530000
4,139694	1497,722990	85,632	0,475570	22,360000	51,530000
4,137707	1495,661903	85,732	0,474750	22,360000	51,530000
4,135738	1493,243807	85,833	0,473788	22,360000	51,530000
4,133712	1491,431768	85,933	0,473066	22,360000	51,530000
4,131666	1489,570656	86,033	0,472326	22,360000	51,530000
4,129731	1485,156495	86,133	0,470569	22,360000	51,530000
4,127730	1485,356470	86,234	0,470648	22,360000	51,530000
4,125731	1483,288022	86,334	0,469825	22,360000	51,530000
4,123684	1481,026961	86,435	0,468925	22,360000	51,530000
4,121665	1477,228673	86,536	0,467414	22,360000	51,530000
4,119703	1476,962449	86,636	0,467308	22,360000	51,530000
4,117733	1474,951663	86,736	0,466507	22,360000	51,530000
4,115712	1472,840276	86,836	0,465667	22,360000	51,530000
4,113666	1469,092288	86,936	0,464175	22,360000	51,530000
4,111756	1468,843240	87,036	0,464076	22,360000	51,530000
4,109713	1464,771367	87,136	0,462456	22,360000	51,530000
4,107616	1462,402344	87,236	0,461513	22,360000	51,530000
4,105652	1460,607481	87,336	0,460798	22,360000	51,530000
4,103690	1458,572158	87,436	0,459988	22,350000	51,555000
4,101705	1458,396720	87,536	0,459918	22,350000	51,555000
4,099679	1456,511071	87,636	0,459168	22,350000	51,555000
4,097682	1454,349384	87,736	0,458308	22,350000	51,555000
4,095706	1452,280936	87,837	0,457484	22,350000	51,555000
4,093710	1450,385472	87,938	0,456730	22,350000	51,555000
4,091697	1448,324386	88,038	0,455910	22,350000	51,555000
4,089731	1444,957944	88,138	0,454570	22,350000	51,555000
4,087681	1443,479605	88,238	0,453981	22,350000	51,555000
4,085735	1440,762160	88,338	0,452900	22,350000	51,555000
4,083694	1438,335476	88,438	0,451934	22,350000	51,555000
4,081727	1438,135502	88,538	0,451854	22,350000	51,555000
4,079666	1434,204715	88,638	0,450290	22,350000	51,555000
4,077693	1433,057622	88,738	0,449833	22,350000	51,555000
4,075696	1430,357353	88,839	0,448759	22,350000	51,555000
4,073679	1430,024880	88,939	0,448626	22,350000	51,555000
4,071698	1426,193467	89,039	0,447102	22,350000	51,555000
4,069727	1426,052381	89,139	0,447045	22,350000	51,555000
4,067686	1423,409773	89,240	0,445994	22,350000	51,555000
4,065708	1421,007626	89,341	0,445038	22,350000	51,555000
4,063694	1418,922003	89,441	0,444208	22,350000	51,555000
4,061663	1417,849747	89,541	0,443781	22,350000	51,555000
4,059725	1415,938334	89,641	0,443020	22,350000	51,555000
4,057724	1412,829529	89,741	0,441783	22,350000	51,555000
4,055729	1410,677656	89,842	0,440926	22,350000	51,555000
4,053668	1408,857029	89,942	0,440202	22,350000	51,555000
4,051721	1407,627738	90,042	0,439712	22,350000	51,555000
4,049728	1403,422140	90,142	0,438039	22,350000	51,555000
4,047759	1403,272466	90,242	0,437979	22,350000	51,555000
4,045758	1401,543852	90,342	0,437291	22,350000	51,555000
4,043755	1398,253474	90,442	0,435981	22,350000	51,555000
4,041666	1397,430267	90,542	0,435654	22,350000	51,555000
4,039724	1394,521435	90,642	0,434496	22,350000	51,555000
4,037710	1392,219889	90,742	0,433580	22,350000	51,555000
4,035710	1390,632361	90,843	0,432948	22,350000	51,555000
4,033679	1389,377306	90,943	0,432449	22,350000	51,555000
4,031703	1386,875785	91,044	0,431453	22,350000	51,555000
4,029786	1385,072334	91,144	0,430735	22,350000	51,555000
4,027667	1382,678775	91,244	0,429783	22,350000	51,555000
4,025751	1381,083886	91,344	0,429148	22,350000	51,555000
4,023755	1378,805649	91,444	0,428241	22,350000	51,540000
4,021676	1376,944537	91,544	0,427500	22,350000	51,540000
4,019711	1374,418479	91,644	0,426495	22,350000	51,540000
4,017706	1373,246849	91,745	0,426029	22,350000	51,540000
4,015690	1370,695028	91,845	0,425013	22,350000	51,540000
4,013767	1366,623155	91,945	0,423393	22,350000	51,540000
4,011727	1364,760816	92,045	0,422651	22,350000	51,540000
4,009716	1364,562068	92,145	0,422572	22,350000	51,540000
4,007744	1362,891116	92,245	0,421907	22,350000	51,540000
4,005748	1358,935792	92,345	0,420333	22,350000	51,540000
4,003694	1358,694105	92,445	0,420237	22,350000	51,540000
4,001701	1356,749568	92,546	0,419463	22,350000	51,540000
3,999682	1354,805031	92,647	0,418689	22,350000	51,540000
3,997734	1352,935331	92,747	0,417945	22,350000	51,540000
3,995725	1351,281554	92,847	0,417287	22,350000	51,540000
3,993701	1348,538346	92,948	0,416195	22,350000	51,540000
3,991678	1346,959406	93,048	0,415566	22,350000	51,540000
3,989694	1344,940032	93,148	0,414763	22,350000	51,540000
3,987740	1342,389437	93,249	0,413748	22,350000	51,540000
3,985760	1340,478025	93,349	0,412987	22,350000	51,540000
3,983713	1338,533488	93,450	0,412213	22,360000	51,560000
3,981724	1334,502100	93,550	0,410608	22,360000	51,560000
3,979701	1332,407889	93,650	0,409775	22,360000	51,560000
3,977747	1330,654739	93,750	0,409077	22,360000	51,560000
3,975732	1328,186342	93,851	0,408095	22,360000	51,560000
3,973728	1326,532565	93,952	0,407437	22,360000	51,560000
3,971666	1324,562264	94,053	0,406652	22,360000	51,560000
3,969716	1323,191887	94,153	0,406107	22,360000	51,560000
3,967753	1320,723490	94,253	0,405125	22,360000	51,560000
3,965771	1318,255094	94,353	0,404142	22,360000	51,560000
3,963704	1316,194007	94,453	0,403322	22,360000	51,560000
3,961747	1316,434467	94,553	0,403417	22,360000	51,560000
3,959777	1311,913572	94,653	0,401618	22,360000	51,560000
3,957712	1310,184958	94,753	0,400930	22,360000	51,560000
3,955719	1307,975424	94,853	0,400051	22,360000	51,560000
3,953711	1307,550938	94,953	0,399882	22,360000	51,560000
3,951729	1305,648114	95,053	0,399125	22,360000	51,560000
3,949728	1303,944037	95,153	0,398446	22,360000	51,560000
3,947694	1301,675614	95,253	0,397543	22,360000	51,560000
3,945712	1299,830451	95,353	0,396809	22,360000	51,560000
3,943688	1296,721645	95,453	0,395572	22,350000	51,515000
3,941708	1296,082463	95,553	0,395317	22,350000	51,515000
3,939731	1293,664367	95,653	0,394355	22,350000	51,515000
3,937753	1291,660941	95,753	0,393558	22,350000	51,515000
3,935727	1289,998577	95,853	0,392896	22,350000	51,515000
3,933720	1287,712979	95,953	0,391986	22,350000	51,515000
3,931747	1285,578282	96,053	0,391137	22,350000	51,515000
3,929696	1283,192083	96,153	0,390187	22,350000	51,515000
3,927772	1280,192466	96,253	0,388993	22,350000	51,515000
3,925704	1277,832031	96,354	0,388054	22,350000	51,515000
3,923754	1275,821245	96,454	0,387253	22,350000	51,515000
3,921747	1275,721871	96,554	0,387214	22,350000	51,515000
3,919720	1272,156682	96,654	0,385795	22,350000	51,515000
3,917725	1270,435429	96,755	0,385110	22,350000	51,515000
3,915721	1268,308093	96,855	0,384263	22,350000	51,515000
3,913680	1267,378151	96,955	0,383893	22,350000	51,515000
3,911748	1264,327006	97,056	0,382679	22,350000	51,515000
3,909741	1262,191082	97,156	0,381829	22,350000	51,515000
3,907710	1261,177715	97,256	0,381425	22,350000	51,515000
3,905753	1259,257714	97,356	0,380661	22,350000	51,515000
3,903766	1257,603938	97,456	0,380003	22,350000	51,555000
3,901702	1255,460653	97,556	0,379150	22,350000	51,555000
3,899744	1252,700269	97,657	0,378051	22,350000	51,555000
3,897752	1251,537227	97,757	0,377588	22,350000	51,555000
3,895717	1249,476140	97,858	0,376768	22,350000	51,555000
3,893740	1247,066632	97,958	0,375809	22,350000	51,555000
3,891726	1244,939296	98,059	0,374962	22,350000	51,555000
3,889764	1242,935871	98,159	0,374165	22,350000	51,555000
3,887710	1241,248969	98,259	0,373494	22,350000	51,555000
3,885723	1238,606362	98,359	0,372442	22,350000	51,555000
3,883729	1236,919461	98,459	0,371771	22,350000	51,555000
3,881702	1233,295383	98,559	0,370328	22,350000	51,555000
3,879725	1233,070872	98,659	0,370239	22,350000	51,555000
3,877736	1231,134923	98,759	0,369468	22,350000	51,555000
3,875722	1229,373184	98,860	0,368767	22,350000	51,555000
3,873733	1225,317260	98,960	0,367153	22,350000	51,555000
3,871731	1225,052263	99,060	0,367047	22,350000	51,555000
3,869746	1222,974001	99,160	0,366220	22,350000	51,555000
3,867762	1221,062588	99,261	0,365459	22,350000	51,555000
3,865782	1217,812696	99,361	0,364166	22,350000	51,555000
3,863734	1216,915878	99,461	0,363809	22,340000	51,565000
3,861761	1214,813079	99,561	0,362972	22,340000	51,565000
3,859763	1213,258676	99,661	0,362354	22,340000	51,565000
3,857722	1210,990254	99,761	0,361451	22,340000	51,565000
3,855738	1209,219928	99,862	0,360746	22,340000	51,565000
3,853723	1206,934330	99,962	0,359836	22,340000	51,565000
3,851708	1204,765281	100,063	0,358973	22,340000	51,565000
3,849736	1202,945882	100,163	0,358249	22,340000	51,565000
3,847739	1201,008706	100,264	0,357478	22,340000	51,565000
3,845765	1196,945420	100,364	0,355861	22,340000	51,565000
3,843725	1194,933407	100,464	0,355060	22,340000	51,565000
3,841770	1194,634059	100,564	0,354941	22,340000	51,565000
3,839751	1190,852946	100,664	0,353436	22,340000	51,565000
3,837758	1189,199170	100,765	0,352778	22,340000	51,565000
3,835753	1189,058083	100,865	0,352722	22,340000	51,565000
3,833725	1186,157840	100,966	0,351567	22,340000	51,565000
3,831765	1184,778875	101,066	0,351019	22,340000	51,565000
3,829771	1182,717788	101,167	0,350198	22,340000	51,565000
3,827806	1180,689826	101,267	0,349391	22,340000	51,565000
3,825766	1177,796944	101,367	0,348240	22,340000	51,565000
3,823724	1176,675614	101,467	0,347793	22,350000	51,540000
3,821757	1174,639064	101,567	0,346983	22,350000	51,540000
3,819711	1172,537492	101,667	0,346146	22,350000	51,540000
3,817719	1170,450642	101,767	0,345316	22,350000	51,540000
3,815739	1168,631242	101,867	0,344592	22,350000	51,540000
3,813673	1166,528443	101,968	0,343755	22,350000	51,540000
3,811752	1163,121516	102,068	0,342399	22,350000	51,540000
3,809761	1160,569694	102,169	0,341383	22,350000	51,540000
3,807738	1158,341758	102,269	0,340497	22,350000	51,540000
3,805768	1156,638907	102,369	0,339819	22,350000	51,540000
3,803787	1154,095674	102,469	0,338807	22,350000	51,540000
3,801799	1152,981705	102,569	0,338363	22,350000	51,540000
3,799799	1150,547660	102,669	0,337395	22,350000	51,540000
3,797768	1148,427685	102,769	0,336551	22,350000	51,540000
3,795694	1146,375186	102,869	0,335734	22,350000	51,540000
3,793810	1144,263799	102,970	0,334894	22,350000	51,540000
3,791740	1142,801409	103,071	0,334312	22,350000	51,540000
3,789769	1141,105920	103,172	0,333637	22,350000	51,540000
3,787750	1138,903747	103,272	0,332760	22,350000	51,540000
3,785768	1137,939453	103,372	0,332376	22,350000	51,540000
3,783751	1134,972961	103,472	0,331196	22,350000	51,540000
3,781795	1133,484807	103,573	0,330604	22,350000	51,540000
3,779778	1129,961330	103,674	0,329201	22,350000	51,540000
3,777745	1130,053343	103,774	0,329238	22,350000	51,540000
3,775712	1127,842582	103,875	0,328358	22,350000	51,540000
3,773730	1125,539808	103,976	0,327441	22,350000	51,540000
3,771777	1123,579322	104,076	0,326661	22,350000	51,540000
3,769768	1120,054619	104,177	0,325258	22,350000	51,540000
3,767715	1119,906171	104,278	0,325199	22,350000	51,540000
3,765779	1117,611986	104,379	0,324286	22,350000	51,540000
3,763744	1115,850247	104,479	0,323585	22,350000	51,540000
3,761650	1113,863998	104,579	0,322794	22,350000	51,540000
3,759761	1111,752611	104,679	0,321954	22,350000	51,540000
3,757794	1109,832610	104,780	0,321190	22,350000	51,540000
3,755762	1107,797287	104,880	0,320380	22,350000	51,540000
3,753726	1106,026961	104,981	0,319675	22,350000	51,540000
3,751743	1103,641989	105,081	0,318726	22,350000	51,540000
3,749747	1101,962449	105,181	0,318058	22,350000	51,540000
3,747779	1099,702615	105,281	0,317158	22,350000	51,540000
3,745751	1095,663866	105,382	0,315551	22,350000	51,540000
3,743741	1094,043214	105,482	0,314906	22,350000	51,540000
3,741772	1091,931827	105,582	0,314065	22,350000	51,540000
3,739700	1089,687942	105,682	0,313172	22,350000	51,540000
3,737775	1087,619494	105,782	0,312349	22,350000	51,540000
3,735773	1085,607481	105,882	0,311548	22,350000	51,540000
3,733751	1083,878867	105,983	0,310860	22,350000	51,540000
3,731770	1081,544196	106,084	0,309931	22,350000	51,540000
3,729772	1080,006968	106,184	0,309319	22,350000	51,540000
3,727768	1078,012131	106,285	0,308525	22,350000	51,540000
3,725755	1076,316642	106,386	0,307851	22,350000	51,540000
3,723694	1073,980744	106,486	0,306921	22,350000	51,540000
3,721746	1072,003082	106,586	0,306134	22,350000	51,540000
3,719728	1069,834033	106,687	0,305271	22,350000	51,540000
3,717716	1068,230557	106,787	0,304632	22,350000	51,540000
3,715823	1066,160883	106,888	0,303809	22,350000	51,540000
3,713766	1064,207758	106,988	0,303031	22,350000	51,540000
3,711778	1062,355233	107,089	0,302294	22,350000	51,540000
3,709727	1060,484306	107,189	0,301549	22,350000	51,540000
3,707768	1058,506645	107,290	0,300762	22,350000	51,540000
3,705733	1057,559526	107,390	0,300385	22,350000	51,540000
3,703767	1055,722951	107,490	0,299654	22,350000	51,540000
3,701786	1052,755231	107,591	0,298473	22,350000	51,540000
3,699710	1051,301429	107,692	0,297895	22,350000	51,540000
3,697746	1049,464854	107,793	0,297164	22,350000	51,540000
3,695809	1047,428304	107,893	0,296353	22,350000	51,540000
3,693767	1045,434693	107,993	0,295560	22,350000	51,540000
3,691797	1043,638603	108,094	0,294845	22,350000	51,540000
3,689751	1041,768903	108,194	0,294101	22,350000	51,540000
3,687754	1039,691868	108,295	0,293274	22,350000	51,540000
3,685770	1037,488468	108,396	0,292397	22,350000	51,540000
3,683765	1035,743905	108,496	0,291703	22,350000	51,540000
3,681750	1033,550320	108,596	0,290830	22,350000	51,540000
3,679782	1031,405808	108,696	0,289976	22,350000	51,540000
3,677809	1029,419559	108,796	0,289186	22,350000	51,540000
3,675693	1027,208798	108,896	0,288306	22,350000	51,540000
3,673793	1025,737820	108,996	0,287720	22,350000	51,540000
3,671733	1023,352848	109,096	0,286771	22,350000	51,540000
3,669762	1021,166624	109,197	0,285901	22,350000	51,540000
3,667810	1019,280975	109,298	0,285150	22,350000	51,540000
3,665740	1015,350188	109,398	0,283586	22,350000	51,540000
3,663819	1015,440974	109,498	0,283622	22,350000	51,540000
3,661800	1011,393638	109,599	0,282011	22,350000	51,540000
3,659739	1009,440513	109,699	0,281234	22,350000	51,540000
3,657757	1009,631900	109,799	0,281310	22,350000	51,540000
3,655717	1007,246928	109,899	0,280361	22,350000	51,540000
3,653749	1005,577202	110,000	0,279696	22,350000	51,540000
3,651776	1003,265841	110,100	0,278776	22,350000	51,540000
3,649706	1001,312716	110,200	0,277999	22,350000	51,540000
3,647764	999,543617	110,300	0,277295	22,350000	51,540000
3,645724	997,656741	110,400	0,276544	22,350000	51,540000
3,643809	995,188344	110,500	0,275562	22,350000	51,540000
3,641794	991,290682	110,600	0,274010	22,350000	51,540000
3,639803	988,722911	110,700	0,272988	22,350000	51,540000
3,637761	987,393020	110,801	0,272459	22,350000	51,540000
3,635772	984,990872	110,902	0,271503	22,350000	51,540000
3,633819	984,251089	111,003	0,271208	22,350000	51,540000
3,631788	981,617070	111,104	0,270160	22,350000	51,540000
3,629800	979,672533	111,205	0,269386	22,350000	51,540000
3,627798	977,827369	111,306	0,268652	22,350000	51,540000
3,625807	977,245848	111,407	0,268420	22,350000	51,580000
3,623753	974,137043	111,508	0,267183	22,350000	51,580000
3,621750	973,489273	111,608	0,266925	22,350000	51,580000
3,619759	971,445362	111,708	0,266112	22,350000	51,580000
3,617764	969,342562	111,808	0,265275	22,350000	51,580000
3,615772	966,931827	111,908	0,264315	22,350000	51,580000
3,613762	964,687942	112,008	0,263422	22,350000	51,580000
3,611758	962,452644	112,108	0,262533	22,350000	51,580000
3,609721	960,574356	112,208	0,261785	22,350000	51,580000
3,607817	959,244465	112,309	0,261256	22,350000	51,580000
3,605850	956,892617	112,409	0,260320	22,350000	51,580000
3,603814	954,857294	112,509	0,259510	22,350000	51,580000
3,601803	951,034469	112,609	0,257988	22,350000	51,580000
3,599789	950,451721	112,709	0,257756	22,350000	51,580000
3,597752	948,632322	112,809	0,257032	22,350000	51,580000
3,595810	947,111043	112,910	0,256427	22,350000	51,580000
3,593814	944,028001	113,010	0,255200	22,350000	51,580000
3,591778	943,039170	113,111	0,254806	22,350000	51,580000
3,589783	941,160883	113,211	0,254059	22,350000	51,580000
3,587745	938,967297	113,311	0,253186	22,350000	51,580000
3,585723	937,014172	113,411	0,252408	22,360000	51,570000
3,583807	933,207296	113,511	0,250893	22,360000	51,570000
3,581766	932,742325	113,611	0,250708	22,360000	51,570000
3,579774	930,980587	113,711	0,250007	22,360000	51,570000
3,577789	927,206835	113,811	0,248505	22,360000	51,570000
3,575734	926,816701	113,911	0,248350	22,360000	51,570000
3,573737	925,121212	114,011	0,247675	22,360000	51,570000
3,571771	920,783115	114,112	0,245948	22,360000	51,570000
3,569827	918,996840	114,213	0,245237	22,360000	51,570000
3,567760	917,217926	114,313	0,244529	22,360000	51,570000
3,565747	914,890615	114,414	0,243603	22,360000	51,570000
3,563799	912,888417	114,514	0,242806	22,360000	51,570000
3,561805	912,987791	114,614	0,242846	22,360000	51,570000
3,559761	909,123253	114,715	0,241308	22,360000	51,570000
3,557802	909,107304	114,815	0,241301	22,360000	51,570000
3,555833	906,971380	114,916	0,240451	22,360000	51,570000
3,553721	904,619533	115,016	0,239515	22,360000	51,570000
3,551837	902,732657	115,116	0,238764	22,360000	51,570000
3,549720	900,821245	115,216	0,238003	22,360000	51,570000
3,547712	899,033743	115,317	0,237292	22,360000	51,570000
3,545775	897,005781	115,417	0,236485	22,350000	51,540000
3,543787	895,053883	115,517	0,235708	22,350000	51,540000
3,541733	893,100758	115,617	0,234931	22,350000	51,540000
3,539784	888,736897	115,717	0,233194	22,350000	51,540000
3,537798	888,912335	115,817	0,233264	22,350000	51,540000
3,535792	884,922660	115,917	0,231676	22,350000	51,540000
3,533760	882,662826	116,017	0,230776	22,350000	51,540000
3,531827	880,975925	116,117	0,230105	22,350000	51,540000
3,529793	880,834838	116,218	0,230049	22,350000	51,540000
3,527814	876,977662	116,318	0,228514	22,350000	51,540000
3,525762	875,365598	116,418	0,227872	22,350000	51,540000
3,523794	872,839539	116,518	0,226867	22,350000	51,540000
3,521785	872,698453	116,618	0,226811	22,350000	51,540000
3,519841	868,633941	116,719	0,225193	22,350000	51,540000
3,517756	866,922503	116,819	0,224512	22,350000	51,540000
3,515755	864,420982	116,919	0,223516	22,350000	51,540000
3,513784	864,760816	117,019	0,223651	22,350000	51,540000
3,511790	862,716905	117,119	0,222838	22,350000	51,540000
3,509785	860,937991	117,219	0,222130	22,350000	51,540000
3,507828	858,735818	117,319	0,221253	22,350000	51,540000
3,505781	856,550821	117,419	0,220384	22,350000	51,555000
3,503791	854,663945	117,519	0,219633	22,350000	51,555000
3,501800	851,107343	117,619	0,218217	22,350000	51,555000
3,499865	848,705196	117,719	0,217261	22,350000	51,555000
3,497779	846,694410	117,819	0,216461	22,350000	51,555000
3,495790	844,275086	117,919	0,215498	22,350000	51,555000
3,493798	842,530524	118,019	0,214804	22,350000	51,555000
3,491827	840,768785	118,119	0,214103	22,350000	51,555000
3,489793	840,444900	118,219	0,213974	22,350000	51,555000
3,487804	837,120171	118,320	0,212650	22,350000	51,555000
3,485807	835,142509	118,420	0,211863	22,350000	51,555000
3,483818	833,213921	118,521	0,211096	22,350000	51,555000
3,481763	831,227672	118,621	0,210305	22,350000	51,555000
3,479827	829,923543	118,722	0,209786	22,350000	51,555000
3,477840	827,504220	118,822	0,208823	22,350000	51,555000
3,475804	825,443134	118,922	0,208003	22,350000	51,555000
3,473844	824,911913	119,022	0,207792	22,350000	51,555000
3,471748	821,289062	119,122	0,206350	22,350000	51,555000
3,469812	819,452487	119,222	0,205619	22,350000	51,555000
3,467787	817,706698	119,323	0,204924	22,350000	51,555000
3,465843	816,451643	119,423	0,204424	22,340000	51,540000
3,463791	813,692486	119,523	0,203326	22,340000	51,540000
3,461764	812,496319	119,623	0,202850	22,340000	51,540000
3,459804	810,600856	119,723	0,202096	22,340000	51,540000
3,457834	806,811155	119,823	0,200587	22,340000	51,540000
3,455830	806,445558	119,923	0,200442	22,340000	51,540000
3,453767	804,567270	120,023	0,199694	22,340000	51,540000
3,451751	802,622733	120,124	0,198920	22,340000	51,540000
3,449790	799,515154	120,224	0,197684	22,340000	51,540000
3,447789	798,775371	120,324	0,197389	22,340000	51,540000
3,445796	796,830834	120,425	0,196615	22,340000	51,540000
3,443745	794,261837	120,526	0,195593	22,340000	51,540000
3,441799	792,891459	120,626	0,195047	22,340000	51,540000
3,439750	790,638986	120,727	0,194151	22,340000	51,540000
3,437801	788,703037	120,827	0,193380	22,340000	51,540000
3,435866	786,866461	120,927	0,192649	22,340000	51,540000
3,433857	783,076761	121,027	0,191141	22,340000	51,540000
3,431807	782,037630	121,127	0,190728	22,340000	51,540000
3,429736	778,646651	121,227	0,189378	22,340000	51,540000
3,427804	778,131380	121,327	0,189173	22,340000	51,540000
3,425828	776,103417	121,427	0,188366	22,340000	51,540000
3,423791	774,167468	121,527	0,187595	22,340000	51,540000
3,421826	770,718829	121,627	0,186223	22,340000	51,540000
3,419758	770,659940	121,727	0,186199	22,340000	51,540000
3,417837	767,552361	121,827	0,184962	22,340000	51,540000
3,415794	766,048259	121,928	0,184364	22,340000	51,540000
3,413743	764,801792	122,028	0,183868	22,340000	51,540000
3,411844	762,624156	122,129	0,183001	22,340000	51,540000
3,409817	759,407389	122,229	0,181721	22,340000	51,540000
3,407763	756,540270	122,329	0,180580	22,340000	51,540000
3,405800	756,324346	122,430	0,180494	22,340000	51,540000
3,403843	754,712282	122,530	0,179852	22,340000	51,540000
3,401768	751,122556	122,630	0,178423	22,340000	51,540000
3,399828	750,083425	122,730	0,178010	22,340000	51,540000
3,397798	748,254211	122,830	0,177282	22,340000	51,540000
3,395802	746,210300	122,930	0,176468	22,340000	51,540000
3,393801	744,357775	123,030	0,175731	22,340000	51,540000
3,391789	742,096714	123,130	0,174831	22,340000	51,540000
3,389795	738,332777	123,230	0,173333	22,340000	51,540000
3,387815	736,387013	123,330	0,172559	22,340000	51,540000
3,385818	734,649812	123,430	0,171867	22,360000	51,560000
3,383782	733,063511	123,530	0,171236	22,360000	51,560000
3,381828	730,212341	123,630	0,170101	22,360000	51,560000
3,379830	728,617452	123,731	0,169466	22,360000	51,560000
3,377821	727,162423	123,832	0,168887	22,360000	51,560000
3,375843	724,411854	123,933	0,167792	22,360000	51,560000
3,373772	722,359355	124,034	0,166976	22,360000	51,560000
3,371859	720,439355	124,135	0,166211	22,360000	51,560000
3,369837	718,362319	124,235	0,165385	22,360000	51,560000
3,367862	717,156338	124,336	0,164905	22,360000	51,560000
3,365828	715,079303	124,436	0,164078	22,360000	51,560000
3,363829	712,553245	124,536	0,163073	22,360000	51,560000
3,361766	710,640605	124,636	0,162312	22,360000	51,560000
3,359858	708,795442	124,736	0,161577	22,360000	51,560000
3,357808	706,518432	124,836	0,160671	22,360000	51,560000
3,355833	704,333435	124,937	0,159801	22,360000	51,560000
3,353824	703,802214	125,037	0,159590	22,360000	51,560000
3,351812	700,959632	125,138	0,158458	22,360000	51,560000
3,349839	700,037050	125,239	0,158091	22,360000	51,560000
3,347789	697,086507	125,339	0,156917	22,360000	51,560000
3,345769	696,463273	125,439	0,156669	22,350000	51,580000
3,343790	693,105420	125,539	0,155333	22,350000	51,580000
3,341838	691,393982	125,639	0,154651	22,350000	51,580000
3,339830	689,141508	125,739	0,153755	22,350000	51,580000
3,337855	687,795668	125,839	0,153219	22,350000	51,580000
3,335829	685,069635	125,939	0,152134	22,350000	51,580000
3,333825	683,972843	126,040	0,151698	22,350000	51,580000
3,331791	681,154797	126,140	0,150576	22,350000	51,580000
3,329829	678,155180	126,240	0,149382	22,350000	51,580000
3,327851	677,431346	126,340	0,149094	22,350000	51,580000
3,325883	675,594771	126,440	0,148363	22,350000	51,580000
3,323795	673,808496	126,540	0,147652	22,350000	51,580000
3,321821	672,137543	126,641	0,146987	22,350000	51,580000
3,319805	669,977083	126,742	0,146127	22,350000	51,580000
3,317776	668,074258	126,842	0,145370	22,350000	51,580000
3,315890	666,270807	126,942	0,144652	22,350000	51,580000
3,313824	663,918960	127,042	0,143716	22,350000	51,580000
3,311827	661,890998	127,142	0,142909	22,350000	51,580000
3,309891	660,096135	127,242	0,142195	22,350000	51,580000
3,307808	658,226435	127,342	0,141451	22,350000	51,580000
3,305825	656,256134	127,443	0,140667	22,350000	51,555000
3,303799	654,128798	127,543	0,139820	22,350000	51,555000
3,301833	650,364861	127,644	0,138322	22,350000	51,555000
3,299856	648,378612	127,745	0,137531	22,350000	51,555000
3,297896	646,291762	127,846	0,136701	22,350000	51,555000
3,295800	644,371761	127,946	0,135937	22,350000	51,555000
3,293873	642,277550	128,046	0,135103	22,350000	51,555000
3,291858	640,374725	128,146	0,134346	22,350000	51,555000
3,289849	637,989753	128,247	0,133396	22,350000	51,555000
3,287908	636,360514	128,347	0,132748	22,350000	51,555000
3,285868	636,136002	128,447	0,132659	22,350000	51,555000
3,283845	634,457689	128,547	0,131991	22,350000	51,555000
3,281856	632,554864	128,647	0,131233	22,350000	51,555000
3,279855	630,102416	128,747	0,130257	22,350000	51,555000
3,277821	628,556601	128,847	0,129642	22,350000	51,555000
3,275875	626,578940	128,947	0,128855	22,350000	51,555000
3,273830	624,401303	129,048	0,127988	22,350000	51,555000
3,271858	622,083808	129,148	0,127066	22,350000	51,555000
3,269834	620,412855	129,248	0,126401	22,350000	51,555000
3,267866	618,367717	129,348	0,125587	22,350000	51,555000
3,265780	616,240382	129,449	0,124740	22,360000	51,560000
3,263864	613,954784	129,549	0,123831	22,360000	51,560000
3,261838	612,110847	129,649	0,123097	22,360000	51,560000
3,259779	610,314757	129,749	0,122382	22,360000	51,560000
3,257817	607,988674	129,849	0,121456	22,360000	51,560000
3,255797	606,326309	129,950	0,120794	22,360000	51,560000
3,253862	603,708238	130,051	0,119752	22,360000	51,560000
3,251827	600,450985	130,151	0,118456	22,360000	51,560000
3,249818	598,123675	130,252	0,117530	22,360000	51,560000
3,247891	595,937451	130,352	0,116660	22,360000	51,560000
3,245833	594,292262	130,452	0,116005	22,360000	51,560000
3,243866	592,297425	130,553	0,115211	22,360000	51,560000
3,241835	590,502562	130,653	0,114497	22,360000	51,560000
3,239849	588,848785	130,753	0,113838	22,360000	51,560000
3,237884	586,704273	130,854	0,112985	22,360000	51,560000
3,235888	584,942535	130,954	0,112284	22,360000	51,560000
3,233825	582,649576	131,055	0,111371	22,360000	51,560000
3,231859	581,527020	131,156	0,110924	22,360000	51,560000
3,229833	579,408272	131,256	0,110081	22,360000	51,560000
3,227834	577,047837	131,356	0,109142	22,360000	51,560000
3,225889	575,585447	131,456	0,108560	22,350000	51,540000
3,223826	573,773408	131,556	0,107838	22,350000	51,540000
3,221837	572,401804	131,656	0,107292	22,350000	51,540000
3,219867	569,717484	131,756	0,106224	22,350000	51,540000
3,217837	567,548436	131,857	0,105361	22,350000	51,540000
3,215866	565,621074	131,957	0,104594	22,350000	51,540000
3,213824	564,191809	132,057	0,104025	22,350000	51,540000
3,211879	561,963872	132,157	0,103138	22,350000	51,540000
3,209858	559,596076	132,257	0,102196	22,350000	51,540000
3,207909	557,550938	132,357	0,101382	22,350000	51,540000
3,205882	555,415015	132,457	0,100532	22,350000	51,540000
3,203843	553,362516	132,557	0,099715	22,350000	51,540000
3,201867	551,667027	132,657	0,099040	22,350000	51,540000
3,199886	549,722489	132,757	0,098266	22,350000	51,540000
3,197835	547,819665	132,857	0,097509	22,350000	51,540000
3,195843	545,758578	132,957	0,096688	22,350000	51,540000
3,193888	543,930590	133,057	0,095961	22,350000	51,540000
3,191816	541,927165	133,157	0,095164	22,350000	51,540000
3,189815	539,775292	133,257	0,094307	22,350000	51,540000
3,187874	538,038091	133,357	0,093616	22,350000	51,540000
3,185901	536,135266	133,458	0,092858	22,360000	51,545000
3,183841	533,940454	133,559	0,091985	22,360000	51,545000
3,181854	532,070754	133,660	0,091241	22,360000	51,545000
3,179822	529,502984	133,761	0,090219	22,360000	51,545000
3,177815	526,270267	133,861	0,088932	22,360000	51,545000
3,175869	523,960133	133,961	0,088013	22,360000	51,545000
3,173858	521,831570	134,061	0,087166	22,360000	51,545000
3,171842	522,097794	134,161	0,087271	22,360000	51,545000
3,169805	519,729998	134,261	0,086329	22,360000	51,545000
3,167898	517,951084	134,361	0,085621	22,360000	51,545000
3,165838	515,881409	134,461	0,084797	22,360000	51,545000
3,163880	514,219044	134,561	0,084136	22,360000	51,545000
3,161806	511,892961	134,661	0,083210	22,360000	51,545000
3,159875	510,114047	134,761	0,082502	22,360000	51,545000
3,157846	507,513152	134,861	0,081467	22,360000	51,545000
3,155868	505,958749	134,961	0,080848	22,360000	51,545000
3,153921	504,130761	135,062	0,080121	22,360000	51,545000
3,151865	502,169048	135,162	0,079340	22,360000	51,545000
3,149893	500,391361	135,262	0,078632	22,360000	51,545000
3,147908	498,154837	135,362	0,077742	22,360000	51,545000
3,145888	496,434811	135,462	0,077058	22,360000	51,545000
3,143892	493,908753	135,562	0,076052	22,360000	51,545000
3,141853	492,296689	135,662	0,075411	22,360000	51,545000
3,139807	490,094516	135,762	0,074534	22,360000	51,545000
3,137838	488,024841	135,863	0,073710	22,360000	51,545000
3,135864	486,212802	135,963	0,072989	22,360000	51,545000
3,133897	484,134540	136,064	0,072162	22,360000	51,545000
3,131835	482,215766	136,164	0,071398	22,360000	51,545000
3,129895	479,938756	136,265	0,070492	22,360000	51,545000
3,127874	478,027344	136,365	0,069731	22,360000	51,545000
3,125859	475,982206	136,465	0,068917	22,360000	51,545000
3,123872	473,995956	136,565	0,068127	22,360000	51,545000
3,121856	472,176557	136,665	0,067403	22,360000	51,545000
3,119911	470,181719	136,765	0,066609	22,360000	51,545000
3,117876	467,946422	136,865	0,065719	22,360000	51,545000
3,115920	466,109846	136,966	0,064988	22,360000	51,545000
3,113884	463,324925	137,067	0,063880	22,360000	51,545000
3,111896	463,324925	137,167	0,063880	22,360000	51,545000
3,109855	458,887455	137,267	0,062114	22,360000	51,545000
3,107848	457,449602	137,367	0,061542	22,360000	51,545000
3,105861	455,670687	137,468	0,060833	22,350000	51,540000
3,103792	452,728732	137,568	0,059663	22,350000	51,540000
3,101868	450,676233	137,668	0,058846	22,350000	51,540000
3,099888	448,881370	137,768	0,058131	22,350000	51,540000
3,097863	446,546698	137,868	0,057202	22,350000	51,540000
3,095890	444,651235	137,968	0,056448	22,350000	51,540000
3,093898	442,557023	138,068	0,055614	22,350000	51,540000
3,091846	440,927783	138,168	0,054966	22,350000	51,540000
3,089921	438,626237	138,268	0,054050	22,350000	51,540000
3,087893	437,038709	138,368	0,053418	22,350000	51,540000
3,085861	434,695450	138,468	0,052485	22,350000	51,540000
3,083855	432,975424	138,569	0,051801	22,350000	51,540000
3,081882	431,229635	138,669	0,051106	22,350000	51,540000
3,079842	428,869200	138,769	0,050167	22,350000	51,540000
3,077813	427,582247	138,870	0,049654	22,350000	51,540000
3,075908	424,971537	138,970	0,048615	22,350000	51,540000
3,073914	423,218387	139,070	0,047917	22,350000	51,540000
3,071881	421,531486	139,170	0,047246	22,350000	51,540000
3,069919	419,071677	139,270	0,046267	22,350000	51,540000
3,067841	417,609287	139,371	0,045685	22,350000	51,540000
3,065926	416,187382	139,472	0,045119	22,360000	51,570000
3,063852	414,044097	139,573	0,044266	22,360000	51,570000
3,061840	411,824749	139,673	0,043383	22,360000	51,570000
3,059858	409,880212	139,774	0,042609	22,360000	51,570000
3,057885	408,235023	139,874	0,041954	22,360000	51,570000
3,055876	406,097872	139,974	0,041104	22,360000	51,570000
3,053851	404,095674	140,075	0,040307	22,360000	51,570000
3,051872	402,034587	140,175	0,039486	22,360000	51,570000
3,049884	400,356274	140,275	0,038818	22,360000	51,570000
3,047917	398,436273	140,375	0,038054	22,360000	51,570000
3,045888	396,267225	140,475	0,037191	22,360000	51,570000
3,043852	394,479723	140,576	0,036479	22,360000	51,570000
3,041873	392,543774	140,676	0,035709	22,360000	51,570000
3,039891	390,299888	140,776	0,034816	22,360000	51,570000
3,037872	388,346763	140,876	0,034039	22,360000	51,570000
3,035894	386,127414	140,976	0,033155	22,360000	51,570000
3,033869	384,474865	141,076	0,032498	22,360000	51,570000
3,031912	382,546276	141,176	0,031730	22,360000	51,570000
3,029886	380,460653	141,276	0,030900	22,360000	51,570000
3,027931	378,457228	141,377	0,030103	22,360000	51,570000
3,025920	376,279591	141,477	0,029236	22,350000	51,540000
3,023836	374,260217	141,577	0,028432	22,350000	51,540000
3,021884	372,440817	141,677	0,027708	22,350000	51,540000
3,019863	370,520817	141,778	0,026944	22,350000	51,540000
3,017894	368,327232	141,878	0,026071	22,350000	51,540000
3,015874	366,315219	141,979	0,025270	22,350000	51,540000
3,013888	362,260521	142,079	0,023656	22,350000	51,540000
3,011906	360,098834	142,179	0,022796	22,350000	51,540000
3,009912	357,946961	142,280	0,021939	22,350000	51,540000
3,007949	356,201172	142,380	0,021245	22,350000	51,540000
3,005879	354,256635	142,480	0,020471	22,350000	51,540000
3,003916	352,171011	142,580	0,019641	22,350000	51,540000
3,001894	350,160225	142,681	0,018840	22,350000	51,540000
2,999898	348,015713	142,782	0,017987	22,350000	51,540000
2,997848	346,818320	142,882	0,017510	22,350000	51,540000
2,995896	344,234601	142,983	0,016482	22,350000	51,540000
2,993912	342,580824	143,084	0,015824	22,350000	51,540000
2,991907	340,552862	143,185	0,015017	22,350000	51,540000
2,989854	338,665986	143,285	0,014266	22,350000	51,540000
2,987923	336,779110	143,385	0,013515	22,350000	51,540000
2,985879	334,585525	143,485	0,012642	22,350000	51,515000
2,983908	332,956285	143,585	0,011993	22,350000	51,515000
2,981846	331,436234	143,685	0,011388	22,350000	51,515000
2,979930	329,366559	143,786	0,010564	22,350000	51,515000
2,977930	327,380310	143,886	0,009774	22,350000	51,515000
2,975833	325,468897	143,986	0,009013	22,350000	51,515000
2,973879	324,438354	144,086	0,008603	22,350000	51,515000
2,971885	322,793165	144,187	0,007948	22,350000	51,515000
2,969873	320,490391	144,287	0,007032	22,350000	51,515000
2,967890	318,695528	144,387	0,006317	22,350000	51,515000
2,965897	315,587950	144,487	0,005081	22,350000	51,515000
2,963850	313,542812	144,587	0,004267	22,350000	51,515000
2,961856	311,831374	144,688	0,003585	22,350000	51,515000
2,959900	310,202134	144,788	0,002937	22,350000	51,515000
2,957906	306,587871	144,888	0,001499	22,350000	51,515000
2,955890	306,238222	144,988	0,001359	22,350000	51,515000
2,953880	304,518196	145,088	0,000675	22,350000	51,515000
2,951891	302,631321	145,188	-0,000076	22,350000	51,515000
2,949896	300,786157	145,289	-0,000811	22,350000	51,515000
2,947894	298,940994	145,389	-0,001545	22,350000	51,515000
2,945923	296,240725	145,489	-0,002620	22,350000	51,515000
2,943946	294,677734	145,589	-0,003242	22,350000	51,515000
2,941918	292,741785	145,689	-0,004012	22,350000	51,515000
2,939852	290,614449	145,790	-0,004859	22,350000	51,515000
2,937885	289,009746	145,891	-0,005498	22,350000	51,515000
2,935898	286,441976	145,993	-0,006520	22,350000	51,515000
2,933899	284,622576	146,094	-0,007244	22,350000	51,515000
2,931869	282,786000	146,194	-0,007975	22,350000	51,515000
2,929894	280,632901	146,295	-0,008832	22,350000	51,515000
2,927920	278,505565	146,395	-0,009678	22,350000	51,515000
2,925896	274,674152	146,495	-0,011203	22,350000	51,515000
2,923900	272,630241	146,595	-0,012017	22,350000	51,515000
2,921928	272,156682	146,695	-0,012205	22,350000	51,515000
2,919925	270,294343	146,795	-0,012946	22,350000	51,515000
2,917893	268,549780	146,895	-0,013641	22,350000	51,515000
2,915861	266,770866	146,996	-0,014349	22,350000	51,515000
2,913848	264,793204	147,096	-0,015136	22,350000	51,515000
2,911923	262,648693	147,196	-0,015989	22,350000	51,515000
2,909890	260,796168	147,296	-0,016727	22,350000	51,515000
2,907848	258,825868	147,397	-0,017511	22,350000	51,525000
2,905838	256,458072	147,497	-0,018453	22,350000	51,525000
2,903867	254,604320	147,597	-0,019191	22,350000	51,525000
2,901905	252,726033	147,698	-0,019938	22,350000	51,525000
2,899905	250,715246	147,798	-0,020739	22,350000	51,525000
2,897889	248,778070	147,899	-0,021510	22,350000	51,525000
2,895881	246,791820	148,000	-0,022300	22,350000	51,525000
2,893906	243,800791	148,100	-0,023491	22,350000	51,525000
2,891908	241,623155	148,200	-0,024357	22,350000	51,525000
2,889855	240,160765	148,301	-0,024939	22,350000	51,525000
2,887879	238,439512	148,402	-0,025625	22,350000	51,525000
2,885856	236,428726	148,503	-0,026425	22,350000	51,525000
2,883891	234,534489	148,603	-0,027179	22,350000	51,525000
2,881857	232,772750	148,704	-0,027880	22,350000	51,525000
2,879943	230,469977	148,805	-0,028796	22,350000	51,525000
2,877901	228,624814	148,906	-0,029531	22,350000	51,525000
2,875891	226,838538	149,006	-0,030242	22,350000	51,525000
2,873913	224,944302	149,107	-0,030996	22,350000	51,525000
2,871888	222,758077	149,207	-0,031866	22,350000	51,525000
2,869894	220,646690	149,307	-0,032706	22,350000	51,525000
2,867951	217,032428	149,407	-0,034145	22,350000	51,540000
2,865920	216,541693	149,507	-0,034340	22,350000	51,540000
2,863895	214,788542	149,608	-0,035038	22,350000	51,540000
2,861874	212,743405	149,708	-0,035852	22,350000	51,540000
2,859876	209,136503	149,809	-0,037287	22,350000	51,540000
2,857957	207,191966	149,909	-0,038061	22,350000	51,540000
2,855971	205,081806	150,009	-0,038901	22,350000	51,540000
2,853858	202,986367	150,109	-0,039735	22,350000	51,540000
2,851858	200,917920	150,209	-0,040558	22,350000	51,540000
2,849931	198,980744	150,310	-0,041329	22,350000	51,540000
2,847906	197,253357	150,411	-0,042017	22,350000	51,540000
2,845964	195,025420	150,511	-0,042903	22,350000	51,540000
2,843894	193,347107	150,612	-0,043571	22,350000	51,540000
2,841892	190,995260	150,712	-0,044507	22,350000	51,540000
2,839900	189,166045	150,812	-0,045235	22,350000	51,540000
2,837915	186,989636	150,912	-0,046102	22,350000	51,540000
2,835908	185,102760	151,013	-0,046853	22,350000	51,540000
2,833863	182,792625	151,113	-0,047772	22,350000	51,540000
2,831913	183,125098	151,213	-0,047640	22,350000	51,540000
2,829885	181,262759	151,313	-0,048381	22,350000	51,540000
2,827892	179,177136	151,414	-0,049211	22,350000	51,540000
2,825925	176,875589	151,514	-0,050127	22,350000	51,540000
2,823941	175,636483	151,615	-0,050620	22,350000	51,540000
2,821866	173,002463	151,715	-0,051668	22,350000	51,540000
2,819894	169,404150	151,815	-0,053101	22,350000	51,540000
2,817913	169,371025	151,916	-0,053114	22,350000	51,540000
2,815888	167,168852	152,016	-0,053990	22,350000	51,540000
2,813874	165,630398	152,116	-0,054603	22,350000	51,540000
2,811900	161,941298	152,216	-0,056071	22,350000	51,540000
2,809897	161,459151	152,316	-0,056263	22,350000	51,540000
2,807900	159,281515	152,416	-0,057129	22,350000	51,540000
2,805869	156,788582	152,517	-0,058122	22,350000	51,540000
2,803896	154,518933	152,618	-0,059025	22,350000	51,540000
2,801933	152,807495	152,718	-0,059706	22,350000	51,540000
2,799939	151,211379	152,819	-0,060341	22,350000	51,540000
2,797878	149,076682	152,920	-0,061191	22,350000	51,540000
2,795933	147,156682	153,021	-0,061955	22,350000	51,540000
2,793863	145,302931	153,121	-0,062693	22,350000	51,540000
2,791935	143,158419	153,222	-0,063546	22,350000	51,540000
2,789969	140,607824	153,322	-0,064562	22,350000	51,540000
2,787953	137,449945	153,422	-0,065818	22,360000	51,560000
2,785939	137,117472	153,523	-0,065951	22,360000	51,560000
2,783883	135,047798	153,623	-0,066774	22,360000	51,560000
2,781839	133,385433	153,724	-0,067436	22,360000	51,560000
2,779883	129,729458	153,824	-0,068891	22,360000	51,560000
2,777861	129,322148	153,925	-0,069053	22,360000	51,560000
2,775913	127,160461	154,025	-0,069914	22,360000	51,560000
2,773895	125,656358	154,125	-0,070512	22,360000	51,560000
2,771901	123,462773	154,225	-0,071385	22,360000	51,560000
2,769913	121,601661	154,325	-0,072126	22,360000	51,560000
2,767843	119,540574	154,425	-0,072946	22,360000	51,560000
2,765846	117,404650	154,525	-0,073796	22,360000	51,560000
2,763913	113,381851	154,626	-0,075397	22,360000	51,560000
2,761891	113,705736	154,727	-0,075269	22,360000	51,560000
2,759924	111,379652	154,827	-0,076194	22,360000	51,560000
2,757820	109,907447	154,927	-0,076780	22,360000	51,560000
2,755881	105,436852	155,028	-0,078560	22,360000	51,560000
2,753895	105,678539	155,128	-0,078463	22,360000	51,560000
2,751878	103,800251	155,228	-0,079211	22,360000	51,560000
2,749886	101,863075	155,328	-0,079982	22,360000	51,560000
2,747910	99,810576	155,428	-0,080799	22,350000	51,540000
2,745886	95,946039	155,529	-0,082337	22,350000	51,540000
2,743942	93,827291	155,629	-0,083180	22,350000	51,540000
2,741906	92,206639	155,730	-0,083825	22,350000	51,540000
2,739909	89,788542	155,831	-0,084788	22,350000	51,540000
2,737881	87,751992	155,932	-0,085598	22,350000	51,540000
2,735935	85,807455	156,032	-0,086372	22,350000	51,540000
2,733936	83,821206	156,132	-0,087163	22,350000	51,540000
2,731943	81,876668	156,232	-0,087937	22,350000	51,540000
2,729862	80,313678	156,332	-0,088559	22,350000	51,540000
2,727885	78,128681	156,433	-0,089428	22,350000	51,540000
2,725945	75,776833	156,533	-0,090364	22,350000	51,540000
2,723901	73,931670	156,633	-0,091099	22,350000	51,540000
2,721943	71,861996	156,733	-0,091922	22,350000	51,540000
2,719900	71,588411	156,833	-0,092031	22,350000	51,540000
2,717942	69,792321	156,933	-0,092746	22,350000	51,540000
2,715923	65,894659	157,033	-0,094297	22,350000	51,540000
2,713852	65,821049	157,133	-0,094327	22,350000	51,540000
2,711887	63,718249	157,233	-0,095164	22,350000	51,540000
2,709913	61,855910	157,333	-0,095905	22,350000	51,540000
2,707847	57,733737	157,433	-0,097545	22,350000	51,540000
2,705904	55,789200	157,533	-0,098319	22,350000	51,540000
2,703891	54,060586	157,634	-0,099007	22,350000	51,540000
2,701887	51,849825	157,735	-0,099887	22,350000	51,540000
2,699942	49,605940	157,835	-0,100780	22,350000	51,540000
2,697918	49,174093	157,936	-0,100952	22,350000	51,540000
2,695862	46,639447	158,037	-0,101961	22,350000	51,540000
2,693927	44,345261	158,137	-0,102874	22,350000	51,540000
2,691906	41,561568	158,238	-0,103982	22,350000	51,540000
2,689971	40,605861	158,338	-0,104362	22,350000	51,540000
2,687933	38,527599	158,438	-0,105189	22,350000	51,540000
2,685930	36,142627	158,538	-0,106139	22,350000	51,540000
2,683909	35,220046	158,638	-0,106506	22,350000	51,540000
2,681915	32,586026	158,739	-0,107554	22,350000	51,540000
2,679882	30,401029	158,840	-0,108424	22,350000	51,540000
2,677885	28,813501	158,940	-0,109056	22,350000	51,540000
2,675926	27,408772	159,040	-0,109615	22,350000	51,540000
2,673885	25,015213	159,140	-0,110567	22,350000	51,540000
2,671894	22,954126	159,240	-0,111388	22,350000	51,540000
2,669903	21,308937	159,341	-0,112042	22,350000	51,540000
2,667941	19,263799	159,441	-0,112856	22,340000	51,525000
2,665876	16,821166	159,541	-0,113829	22,340000	51,525000
2,663917	15,266764	159,641	-0,114447	22,340000	51,525000
2,661933	11,219427	159,742	-0,116058	22,340000	51,525000
2,659892	9,831874	159,842	-0,116610	22,340000	51,525000
2,657901	9,166928	159,942	-0,116875	22,340000	51,525000
2,655897	7,114430	160,043	-0,117692	22,340000	51,525000
2,653921	4,804295	160,143	-0,118611	22,340000	51,525000
2,651928	1,495515	160,243	-0,119928	22,340000	51,525000
2,649869	-0,814620	160,344	-0,120848	22,340000	51,525000
2,647938	-1,188805	160,445	-0,120997	22,340000	51,525000
2,645886	-3,390978	160,546	-0,121873	22,340000	51,525000
2,643934	-5,102416	160,646	-0,122554	22,340000	51,525000
