Quasi static measurement routine
Tip parameters (shape,radius, material...) 
24.08.2022

Piezo position[nm]	MEMS displ.[nm]	Time[ms]	Cap [pf]	Temp [°C]	Rh [%]
eoh
2,615846	-0,574160	0,191	-0,121268	22,360000	51,570000
2,617816	-0,407310	0,291	-0,121201	22,360000	51,570000
2,619792	1,678313	0,391	-0,120371	22,360000	51,570000
2,621791	3,755349	0,491	-0,119544	22,350000	51,580000
2,623811	5,617688	0,591	-0,118803	22,350000	51,580000
2,625859	9,997497	0,691	-0,117060	22,350000	51,580000
2,627834	9,656436	0,791	-0,117196	22,350000	51,580000
2,629801	10,953204	0,892	-0,116680	22,350000	51,580000
2,631816	14,226405	0,992	-0,115377	22,350000	51,580000
2,633832	15,972195	1,092	-0,114682	22,350000	51,580000
2,635868	17,617384	1,192	-0,114027	22,350000	51,580000
2,637809	22,346842	1,292	-0,112145	22,350000	51,580000
2,639843	24,091404	1,392	-0,111451	22,350000	51,580000
2,641824	24,324503	1,492	-0,111358	22,350000	51,580000
2,643850	26,244504	1,592	-0,110594	22,350000	51,580000
2,645785	28,130153	1,692	-0,109843	22,350000	51,580000
2,647814	29,959367	1,792	-0,109115	22,350000	51,580000
2,649835	32,210614	1,893	-0,108219	22,350000	51,580000
2,651823	34,255751	1,993	-0,107405	22,350000	51,580000
2,653809	36,109503	2,093	-0,106667	22,350000	51,580000
2,655822	38,061401	2,193	-0,105891	22,350000	51,580000
2,657788	42,000775	2,293	-0,104323	22,350000	51,580000
2,659835	44,253249	2,393	-0,103426	22,350000	51,580000
2,661794	46,081236	2,493	-0,102699	22,360000	51,570000
2,663808	47,934987	2,594	-0,101961	22,360000	51,570000
2,665810	50,312598	2,695	-0,101015	22,360000	51,570000
2,667818	52,356509	2,796	-0,100201	22,360000	51,570000
2,669846	54,367295	2,896	-0,099401	22,360000	51,570000
2,671830	56,436970	2,996	-0,098577	22,360000	51,570000
2,673786	58,256370	3,097	-0,097853	22,360000	51,570000
2,675843	60,076996	3,197	-0,097128	22,360000	51,570000
2,677787	62,021533	3,297	-0,096354	22,360000	51,570000
2,679796	63,932946	3,397	-0,095594	22,360000	51,570000
2,681837	64,249470	3,497	-0,095468	22,360000	51,570000
2,683819	66,218544	3,597	-0,094684	22,360000	51,570000
2,685810	68,345880	3,698	-0,093837	22,360000	51,570000
2,687817	70,099030	3,799	-0,093140	22,360000	51,570000
2,689818	72,210417	3,900	-0,092299	22,360000	51,570000
2,691881	75,533920	4,001	-0,090977	22,360000	51,570000
2,693853	76,997537	4,101	-0,090394	22,360000	51,570000
2,695844	78,543352	4,201	-0,089779	22,360000	51,570000
2,697814	80,413052	4,301	-0,089035	22,360000	51,570000
2,699810	83,329244	4,401	-0,087874	22,360000	51,570000
2,701869	85,290957	4,501	-0,087093	22,350000	51,595000
2,703813	86,961909	4,601	-0,086428	22,350000	51,595000
2,705840	89,629053	4,701	-0,085367	22,350000	51,595000
2,707804	91,864351	4,801	-0,084477	22,350000	51,595000
2,709769	93,343917	4,901	-0,083888	22,350000	51,595000
2,711864	95,180492	5,001	-0,083157	22,350000	51,595000
2,713853	96,435547	5,101	-0,082658	22,350000	51,595000
2,715760	99,294078	5,202	-0,081520	22,350000	51,595000
2,717807	101,180954	5,302	-0,080769	22,350000	51,595000
2,719800	102,743944	5,403	-0,080147	22,350000	51,595000
2,721804	104,479919	5,503	-0,079456	22,350000	51,595000
2,723792	106,217121	5,603	-0,078765	22,350000	51,595000
2,725830	108,427882	5,703	-0,077885	22,350000	51,595000
2,727804	110,322118	5,803	-0,077131	22,350000	51,595000
2,729803	112,492394	5,903	-0,076267	22,350000	51,595000
2,731764	114,336330	6,003	-0,075533	22,350000	51,595000
2,733779	115,990107	6,104	-0,074875	22,350000	51,595000
2,735809	118,458503	6,204	-0,073893	22,350000	51,595000
2,737787	120,187117	6,305	-0,073205	22,350000	51,595000
2,739762	122,415054	6,406	-0,072318	22,350000	51,595000
2,741788	126,328665	6,506	-0,070760	22,360000	51,570000
2,743832	126,138505	6,606	-0,070836	22,360000	51,570000
2,745829	128,398339	6,706	-0,069937	22,360000	51,570000
2,747841	130,384589	6,806	-0,069146	22,360000	51,570000
2,749835	133,982903	6,907	-0,067714	22,360000	51,570000
2,751841	136,310213	7,007	-0,066788	22,360000	51,570000
2,753767	136,376462	7,107	-0,066761	22,360000	51,570000
2,755814	138,155376	7,207	-0,066053	22,360000	51,570000
2,757800	142,185537	7,307	-0,064449	22,360000	51,570000
2,759790	142,467710	7,407	-0,064337	22,360000	51,570000
2,761844	144,338637	7,507	-0,063592	22,360000	51,570000
2,763796	148,659558	7,607	-0,061873	22,360000	51,570000
2,765830	150,337871	7,707	-0,061205	22,360000	51,570000
2,767858	150,139123	7,807	-0,061284	22,360000	51,570000
2,769835	152,257871	7,907	-0,060440	22,360000	51,570000
2,771780	154,169284	8,007	-0,059680	22,360000	51,570000
2,773798	155,864773	8,107	-0,059005	22,360000	51,570000
2,775790	158,233796	8,207	-0,058062	22,360000	51,570000
2,777800	162,620966	8,308	-0,056316	22,360000	51,570000
2,779783	162,289720	8,408	-0,056448	22,360000	51,570000
2,781816	164,433005	8,508	-0,055595	22,360000	51,570000
2,783805	168,645964	8,608	-0,053918	22,360000	51,570000
2,785852	170,466591	8,708	-0,053193	22,360000	51,570000
2,787855	172,503141	8,809	-0,052383	22,360000	51,570000
2,789813	174,705314	8,909	-0,051506	22,360000	51,570000
2,791808	176,143167	9,009	-0,050934	22,360000	51,570000
2,793826	178,653276	9,109	-0,049935	22,360000	51,570000
2,795769	178,428765	9,209	-0,050024	22,360000	51,570000
2,797824	180,223628	9,310	-0,049310	22,360000	51,570000
2,799895	182,957021	9,410	-0,048222	22,360000	51,570000
2,801828	184,478300	9,510	-0,047617	22,360000	51,570000
2,803844	186,671885	9,610	-0,046744	22,360000	51,570000
2,805810	190,329087	9,710	-0,045288	22,360000	51,570000
2,807753	192,797484	9,811	-0,044306	22,360000	51,570000
2,809816	192,921394	9,911	-0,044256	22,360000	51,570000
2,811813	194,691720	10,011	-0,043552	22,360000	51,570000
2,813832	196,611721	10,111	-0,042788	22,360000	51,570000
2,815784	198,697344	10,211	-0,041958	22,360000	51,570000
2,817772	201,498214	10,311	-0,040843	22,360000	51,570000
2,819797	203,401038	10,412	-0,040085	22,360000	51,570000
2,821822	206,684055	10,512	-0,038779	22,350000	51,605000
2,823804	208,819979	10,612	-0,037929	22,350000	51,605000
2,825861	210,565768	10,712	-0,037234	22,350000	51,605000
2,827797	212,684516	10,812	-0,036391	22,350000	51,605000
2,829798	214,878101	10,912	-0,035518	22,350000	51,605000
2,831781	216,690140	11,012	-0,034796	22,350000	51,605000
2,833799	218,934026	11,112	-0,033903	22,350000	51,605000
2,835784	219,915495	11,213	-0,033513	22,350000	51,605000
2,837767	220,903099	11,313	-0,033120	22,350000	51,605000
2,839764	222,923701	11,413	-0,032315	22,350000	51,605000
2,841787	224,909950	11,513	-0,031525	22,350000	51,605000
2,843808	226,737938	11,613	-0,030797	22,350000	51,605000
2,845779	229,255408	11,713	-0,029795	22,350000	51,605000
2,847781	232,056277	11,814	-0,028681	22,350000	51,605000
2,849824	234,017990	11,914	-0,027900	22,350000	51,605000
2,851837	235,488968	12,014	-0,027314	22,350000	51,605000
2,853792	237,334132	12,115	-0,026580	22,350000	51,605000
2,855745	239,461467	12,216	-0,025733	22,350000	51,605000
2,857794	241,747065	12,316	-0,024824	22,350000	51,605000
2,859804	243,849865	12,416	-0,023987	22,350000	51,605000
2,861862	245,553942	12,516	-0,023309	22,350000	51,605000
2,863818	247,888613	12,616	-0,022379	22,350000	51,605000
2,865785	249,965649	12,717	-0,021553	22,350000	51,605000
2,867806	251,910186	12,817	-0,020779	22,350000	51,605000
2,869760	253,556601	12,917	-0,020124	22,350000	51,605000
2,871820	255,866736	13,017	-0,019204	22,350000	51,605000
2,873805	257,545049	13,117	-0,018536	22,350000	51,605000
2,875820	259,323964	13,217	-0,017828	22,350000	51,605000
2,877799	261,982520	13,317	-0,016770	22,350000	51,605000
2,879796	264,850866	13,417	-0,015628	22,350000	51,605000
2,881814	264,941652	13,517	-0,015592	22,350000	51,605000
2,883835	266,379505	13,617	-0,015020	22,350000	51,605000
2,885794	269,105537	13,717	-0,013935	22,350000	51,605000
2,887809	271,640183	13,817	-0,012926	22,350000	51,605000
2,889810	273,069449	13,917	-0,012357	22,350000	51,605000
2,891788	275,156299	14,017	-0,011527	22,350000	51,605000
2,893794	276,967111	14,118	-0,010806	22,350000	51,605000
2,895791	279,078498	14,236	-0,009966	22,350000	51,605000
2,897852	281,538307	14,337	-0,008987	22,350000	51,605000
2,899811	283,649694	14,437	-0,008146	22,350000	51,605000
2,901796	285,112084	14,538	-0,007564	22,340000	51,565000
2,903787	287,014909	14,638	-0,006807	22,340000	51,565000
2,905807	289,133657	14,739	-0,005964	22,340000	51,565000
2,907807	290,721184	14,840	-0,005332	22,340000	51,565000
2,909855	293,064443	14,940	-0,004399	22,340000	51,565000
2,911804	295,217543	15,040	-0,003542	22,340000	51,565000
2,913796	297,078655	15,140	-0,002802	22,340000	51,565000
2,915858	298,923818	15,240	-0,002067	22,340000	51,565000
2,917767	301,092867	15,341	-0,001204	22,340000	51,565000
2,919826	303,387052	15,441	-0,000291	22,340000	51,565000
2,921817	307,043028	15,542	0,001164	22,340000	51,565000
2,923867	309,128651	15,643	0,001994	22,340000	51,565000
2,925831	311,098952	15,743	0,002778	22,340000	51,565000
2,927784	312,860690	15,843	0,003479	22,340000	51,565000
2,929848	312,578518	15,943	0,003367	22,340000	51,565000
2,931782	314,921777	16,043	0,004300	22,340000	51,565000
2,933800	316,841777	16,143	0,005064	22,340000	51,565000
2,935835	318,993650	16,243	0,005920	22,340000	51,565000
2,937778	320,814276	16,344	0,006645	22,340000	51,565000
2,939809	324,894737	16,445	0,008269	22,350000	51,565000
2,941784	327,096910	16,545	0,009146	22,350000	51,565000
2,943828	329,191122	16,645	0,009979	22,350000	51,565000
2,945717	330,628975	16,745	0,010551	22,350000	51,565000
2,947828	333,146445	16,846	0,011553	22,350000	51,565000
2,949809	335,008784	16,946	0,012294	22,350000	51,565000
2,951760	337,028158	17,047	0,013098	22,350000	51,565000
2,953851	337,061283	17,147	0,013111	22,350000	51,565000
2,955798	338,856146	17,247	0,013826	22,350000	51,565000
2,957786	341,033782	17,347	0,014692	22,350000	51,565000
2,959776	342,861770	17,447	0,015420	22,350000	51,565000
2,961835	346,677234	17,547	0,016938	22,350000	51,565000
2,963762	346,901745	17,647	0,017028	22,350000	51,565000
2,965819	350,848481	17,748	0,018599	22,350000	51,565000
2,967753	353,017529	17,848	0,019462	22,350000	51,565000
2,969800	353,973235	17,949	0,019842	22,350000	51,565000
2,971803	355,270002	18,051	0,020358	22,350000	51,565000
2,973832	357,239076	18,151	0,021142	22,350000	51,565000
2,975773	360,173671	18,251	0,022310	22,350000	51,565000
2,977787	361,453262	18,351	0,022819	22,350000	51,565000
2,979760	363,688560	18,451	0,023709	22,350000	51,565000
2,981866	365,866196	18,551	0,024576	22,350000	51,565000
2,983809	366,912688	18,651	0,024992	22,350000	51,565000
2,985817	369,671846	18,752	0,026090	22,350000	51,565000
2,987764	370,869239	18,853	0,026567	22,350000	51,565000
2,989799	373,926517	18,953	0,027784	22,350000	51,565000
2,991801	376,993611	19,053	0,029004	22,350000	51,565000
2,993819	376,935949	19,153	0,028981	22,350000	51,565000
2,995820	378,997036	19,254	0,029802	22,350000	51,565000
2,997829	381,664180	19,355	0,030863	22,350000	51,565000
2,999734	382,985484	19,455	0,031389	22,350000	51,565000
3,001826	384,539887	19,555	0,032008	22,350000	51,565000
3,003822	387,083121	19,655	0,033020	22,350000	51,565000
3,005762	389,052195	19,757	0,033804	22,350000	51,565000
3,007771	390,780808	19,857	0,034492	22,350000	51,565000
3,009790	392,692221	19,958	0,035252	22,350000	51,565000
3,011786	394,994995	20,059	0,036169	22,350000	51,565000
3,013779	397,164043	20,159	0,037032	22,350000	51,565000
3,015779	398,908606	20,259	0,037727	22,350000	51,565000
3,017803	400,903443	20,359	0,038521	22,350000	51,565000
3,019822	402,416133	20,459	0,039123	22,360000	51,585000
3,021855	404,825642	20,560	0,040082	22,360000	51,585000
3,023804	408,931866	20,661	0,041716	22,360000	51,585000
3,025812	410,942653	20,761	0,042516	22,360000	51,585000
3,027810	412,878602	20,861	0,043287	22,360000	51,585000
3,029803	414,998577	20,961	0,044130	22,360000	51,585000
3,031806	415,205912	21,062	0,044213	22,360000	51,585000
3,033835	416,560341	21,162	0,044752	22,360000	51,585000
3,035798	418,912188	21,262	0,045688	22,360000	51,585000
3,037777	421,023575	21,362	0,046528	22,360000	51,585000
3,039837	424,522515	21,463	0,047921	22,360000	51,585000
3,041800	424,862349	21,563	0,048056	22,360000	51,585000
3,043770	428,578439	21,663	0,049535	22,360000	51,585000
3,045816	430,996535	21,763	0,050498	22,360000	51,585000
3,047804	433,240421	21,863	0,051391	22,360000	51,585000
3,049818	435,068408	21,963	0,052118	22,360000	51,585000
3,051813	436,930747	22,063	0,052859	22,360000	51,585000
3,053778	438,732971	22,163	0,053577	22,360000	51,585000
3,055742	439,340256	22,263	0,053818	22,360000	51,585000
3,057793	440,661560	22,364	0,054344	22,360000	51,585000
3,059759	442,772947	22,464	0,055185	22,340000	51,555000
3,061818	444,832807	22,565	0,056004	22,340000	51,555000
3,063824	448,930443	22,666	0,057635	22,340000	51,555000
3,065788	450,310635	22,766	0,058185	22,340000	51,555000
3,067829	450,733894	22,866	0,058353	22,340000	51,555000
3,069808	453,618189	22,966	0,059501	22,340000	51,555000
3,071808	456,210496	23,066	0,060533	22,340000	51,555000
3,073766	458,570931	23,166	0,061472	22,340000	51,555000
3,075757	458,753730	23,266	0,061545	22,340000	51,555000
3,077783	460,931366	23,367	0,062412	22,340000	51,555000
3,079808	464,064708	23,467	0,063659	22,340000	51,555000
3,081861	465,717258	23,567	0,064316	22,340000	51,555000
3,083802	467,696147	23,667	0,065104	22,340000	51,555000
3,085796	469,989106	23,768	0,066017	22,340000	51,555000
3,087821	471,444135	23,869	0,066596	22,340000	51,555000
3,089852	473,804570	23,969	0,067535	22,340000	51,555000
3,091775	475,766283	24,070	0,068316	22,340000	51,555000
3,093777	477,593043	24,171	0,069043	22,340000	51,555000
3,095815	478,856686	24,271	0,069546	22,340000	51,555000
3,097750	480,917772	24,371	0,070366	22,340000	51,555000
3,099807	483,434016	24,472	0,071368	22,350000	51,565000
3,101774	485,090246	24,573	0,072027	22,350000	51,565000
3,103788	487,067908	24,673	0,072814	22,350000	51,565000
3,105743	488,805110	24,773	0,073505	22,350000	51,565000
3,107832	491,148369	24,873	0,074438	22,350000	51,565000
3,109787	493,134618	24,974	0,075229	22,350000	51,565000
3,111803	495,103692	25,074	0,076012	22,350000	51,565000
3,113778	496,840894	25,174	0,076704	22,350000	51,565000
3,115755	498,952281	25,274	0,077544	22,350000	51,565000
3,117812	500,912767	25,374	0,078324	22,350000	51,565000
3,119772	504,479183	25,474	0,079744	22,350000	51,565000
3,121778	506,872743	25,574	0,080696	22,350000	51,565000
3,123759	506,705893	25,675	0,080630	22,350000	51,565000
3,125797	508,775567	25,776	0,081454	22,350000	51,565000
3,127777	512,856028	25,876	0,083078	22,350000	51,565000
3,129773	515,241000	25,978	0,084027	22,350000	51,565000
3,131732	516,828527	26,079	0,084659	22,350000	51,565000
3,133766	518,997576	26,179	0,085522	22,350000	51,565000
3,135763	520,475915	26,280	0,086110	22,350000	51,565000
3,137756	522,695263	26,380	0,086994	22,350000	51,565000
3,139777	524,423877	26,481	0,087682	22,350000	51,580000
3,141819	526,725424	26,581	0,088598	22,350000	51,580000
3,143829	527,041948	26,681	0,088724	22,350000	51,580000
3,145782	528,853987	26,781	0,089445	22,350000	51,580000
3,147778	531,919853	26,881	0,090665	22,350000	51,580000
3,149790	533,266921	26,982	0,091201	22,350000	51,580000
3,151756	537,105694	27,083	0,092729	22,350000	51,580000
3,153808	538,609797	27,184	0,093328	22,350000	51,580000
3,155773	540,621810	27,284	0,094128	22,350000	51,580000
3,157746	542,324660	27,385	0,094806	22,350000	51,580000
3,159822	543,870475	27,486	0,095421	22,350000	51,580000
3,161741	545,341453	27,586	0,096007	22,350000	51,580000
3,163805	547,842975	27,686	0,097002	22,350000	51,580000
3,165756	549,679550	27,787	0,097733	22,350000	51,580000
3,167765	550,852407	27,887	0,098200	22,350000	51,580000
3,169705	552,771180	27,987	0,098964	22,350000	51,580000
3,171745	555,746261	28,087	0,100148	22,350000	51,580000
3,173815	557,542350	28,187	0,100863	22,350000	51,580000
3,175798	560,982402	28,287	0,102232	22,350000	51,580000
3,177777	561,605636	28,387	0,102480	22,350000	51,580000
3,179759	563,334249	28,487	0,103168	22,360000	51,585000
3,181735	565,520473	28,587	0,104038	22,360000	51,585000
3,183743	567,090825	28,687	0,104663	22,360000	51,585000
3,185748	569,583759	28,787	0,105655	22,360000	51,585000
3,187759	571,046149	28,887	0,106237	22,360000	51,585000
3,189780	573,639683	28,987	0,107270	22,360000	51,585000
3,191757	576,273702	29,087	0,108318	22,360000	51,585000
3,193760	577,229409	29,187	0,108698	22,360000	51,585000
3,195720	578,992374	29,287	0,109400	22,360000	51,585000
3,197785	580,761473	29,387	0,110104	22,360000	51,585000
3,199814	582,872860	29,488	0,110944	22,360000	51,585000
3,201779	584,460388	29,590	0,111576	22,360000	51,585000
3,203684	586,969270	29,690	0,112575	22,360000	51,585000
3,205830	588,880683	29,790	0,113335	22,360000	51,585000
3,207738	590,692721	29,891	0,114057	22,360000	51,585000
3,209802	592,778345	29,991	0,114887	22,360000	51,585000
3,211777	596,759432	30,091	0,116471	22,360000	51,585000
3,213785	597,042831	30,191	0,116584	22,360000	51,585000
3,215763	600,350385	30,291	0,117900	22,360000	51,585000
3,217788	601,039867	30,391	0,118175	22,360000	51,585000
3,219818	604,554756	30,492	0,119574	22,350000	51,580000
3,221724	604,713018	30,592	0,119637	22,350000	51,580000
3,223697	606,882067	30,692	0,120500	22,350000	51,580000
3,225798	609,259677	30,792	0,121446	22,350000	51,580000
3,227780	610,937991	30,893	0,122114	22,350000	51,580000
3,229728	615,217199	30,993	0,123817	22,350000	51,580000
3,231745	614,710515	31,093	0,123616	22,350000	51,580000
3,233792	618,898938	31,193	0,125283	22,350000	51,580000
3,235760	621,026274	31,293	0,126129	22,350000	51,580000
3,237781	621,417635	31,393	0,126285	22,350000	51,580000
3,239722	622,780651	31,493	0,126828	22,350000	51,580000
3,241737	626,445214	31,593	0,128286	22,350000	51,580000
3,243768	626,769099	31,693	0,128415	22,350000	51,580000
3,245786	630,974698	31,793	0,130089	22,350000	51,580000
3,247768	633,068909	31,893	0,130922	22,350000	51,580000
3,249812	635,055159	31,993	0,131713	22,350000	51,580000
3,251789	636,867197	32,093	0,132434	22,350000	51,580000
3,253787	637,032820	32,194	0,132500	22,350000	51,580000
3,255777	640,947658	32,295	0,134058	22,350000	51,580000
3,257754	642,875020	32,397	0,134825	22,350000	51,580000
3,259763	643,141243	32,497	0,134931	22,350000	51,580000
3,261794	645,360592	32,597	0,135814	22,350000	51,580000
3,263755	646,706433	32,697	0,136350	22,350000	51,580000
3,265710	648,884069	32,797	0,137217	22,350000	51,580000
3,267721	651,035941	32,897	0,138073	22,350000	51,580000
3,269736	654,875942	32,997	0,139602	22,350000	51,580000
3,271790	655,183878	33,097	0,139724	22,350000	51,580000
3,273775	658,681592	33,197	0,141116	22,350000	51,580000
3,275817	658,872978	33,298	0,141192	22,350000	51,580000
3,277785	662,820941	33,398	0,142764	22,350000	51,580000
3,279797	664,956864	33,499	0,143614	22,350000	51,580000
3,281744	664,782654	33,599	0,143544	22,350000	51,580000
3,283680	668,630015	33,699	0,145076	22,350000	51,580000
3,285760	670,167242	33,799	0,145687	22,350000	51,580000
3,287792	670,666565	33,899	0,145886	22,350000	51,580000
3,289716	674,322540	33,999	0,147341	22,350000	51,580000
3,291842	676,898899	34,099	0,148367	22,350000	51,580000
3,293736	677,987103	34,199	0,148800	22,350000	51,580000
3,295776	679,442133	34,300	0,149379	22,350000	51,580000
3,297751	680,705775	34,400	0,149882	22,350000	51,580000
3,299742	682,674849	34,500	0,150666	22,360000	51,600000
3,301735	685,051233	34,600	0,151611	22,360000	51,600000
3,303756	687,287757	34,700	0,152501	22,360000	51,600000
3,305779	689,730390	34,801	0,153474	22,360000	51,600000
3,307772	691,758352	34,901	0,154281	22,360000	51,600000
3,309743	692,804845	35,002	0,154697	22,360000	51,600000
3,311785	695,938187	35,102	0,155944	22,360000	51,600000
3,313763	698,032398	35,202	0,156778	22,360000	51,600000
3,315768	699,745063	35,302	0,157459	22,360000	51,600000
3,317743	700,692182	35,402	0,157836	22,360000	51,600000
3,319760	702,737319	35,502	0,158650	22,360000	51,600000
3,321707	705,778649	35,602	0,159861	22,360000	51,600000
3,323766	706,966228	35,702	0,160333	22,360000	51,600000
3,325798	708,927940	35,803	0,161114	22,360000	51,600000
3,327666	711,122752	35,903	0,161988	22,360000	51,600000
3,329698	712,517666	36,004	0,162543	22,360000	51,600000
3,331777	714,695303	36,105	0,163410	22,360000	51,600000
3,333706	716,864351	36,205	0,164273	22,360000	51,600000
3,335735	720,812314	36,306	0,165844	22,360000	51,600000
3,337745	723,205873	36,406	0,166797	22,360000	51,600000
3,339744	722,948237	36,506	0,166694	22,360000	51,600000
3,341725	724,943075	36,607	0,167488	22,360000	51,600000
3,343753	728,308289	36,707	0,168828	22,360000	51,600000
3,345721	729,147446	36,807	0,169162	22,360000	51,600000
3,347820	730,785274	36,908	0,169813	22,360000	51,600000
3,349696	732,547012	37,009	0,170515	22,360000	51,600000
3,351765	734,848559	37,110	0,171431	22,360000	51,600000
3,353735	736,519512	37,210	0,172096	22,360000	51,600000
3,355704	738,688560	37,310	0,172959	22,360000	51,600000
3,357665	742,669647	37,410	0,174543	22,360000	51,600000
3,359725	744,814159	37,510	0,175397	22,360000	51,600000
3,361750	746,833533	37,610	0,176201	22,360000	51,600000
3,363777	748,162198	37,711	0,176729	22,360000	51,600000
3,365730	750,696844	37,812	0,177738	22,360000	51,600000
3,367774	751,079617	37,912	0,177891	22,360000	51,600000
3,369798	752,775106	38,012	0,178565	22,360000	51,600000
3,371790	754,561381	38,112	0,179276	22,360000	51,600000
3,373741	756,721842	38,213	0,180136	22,360000	51,600000
3,375746	760,744641	38,313	0,181737	22,360000	51,600000
3,377776	762,224207	38,413	0,182326	22,360000	51,600000
3,379744	764,758853	38,513	0,183335	22,360000	51,570000
3,381757	766,727927	38,614	0,184119	22,360000	51,570000
3,383783	768,174368	38,714	0,184694	22,360000	51,570000
3,385767	770,517627	38,815	0,185627	22,360000	51,570000
3,387705	772,587302	38,915	0,186451	22,360000	51,570000
3,389688	774,340452	39,016	0,187148	22,360000	51,570000
3,391714	774,632440	39,116	0,187265	22,360000	51,570000
3,393789	776,568389	39,216	0,188035	22,360000	51,570000
3,395748	779,618306	39,316	0,189249	22,360000	51,570000
3,397785	781,089284	39,416	0,189834	22,360000	51,570000
3,399701	783,199444	39,517	0,190674	22,360000	51,570000
3,401772	784,537924	39,617	0,191207	22,360000	51,570000
3,403734	786,574474	39,718	0,192018	22,360000	51,570000
3,405729	790,139663	39,818	0,193437	22,360000	51,570000
3,407780	791,403306	39,918	0,193939	22,360000	51,570000
3,409718	793,156456	40,018	0,194637	22,360000	51,570000
3,411796	795,332865	40,118	0,195503	22,360000	51,570000
3,413757	796,314335	40,218	0,195894	22,360000	51,570000
3,415736	800,370260	40,318	0,197508	22,360000	51,570000
3,417745	801,084279	40,418	0,197792	22,360000	51,570000
3,419752	802,854605	40,519	0,198497	22,350000	51,555000
3,421712	804,550094	40,619	0,199172	22,350000	51,555000
3,423769	808,256370	40,719	0,200647	22,350000	51,555000
3,425737	808,231833	40,819	0,200637	22,350000	51,555000
3,427809	811,631399	40,919	0,201990	22,350000	51,555000
3,429701	812,794441	41,019	0,202453	22,350000	51,555000
3,431767	814,497291	41,119	0,203131	22,350000	51,555000
3,433752	817,082237	41,219	0,204160	22,350000	51,555000
3,435723	818,977701	41,319	0,204914	22,350000	51,555000
3,437744	820,431503	41,419	0,205493	22,350000	51,555000
3,439709	823,166124	41,519	0,206581	22,350000	51,555000
3,441750	824,943811	41,619	0,207289	22,350000	51,555000
3,443730	827,944655	41,719	0,208483	22,350000	51,555000
3,445739	828,418214	41,819	0,208671	22,350000	51,555000
3,447675	830,902560	41,919	0,209660	22,350000	51,555000
3,449727	832,274164	42,020	0,210206	22,350000	51,555000
3,451766	834,643187	42,120	0,211149	22,350000	51,555000
3,453708	837,052695	42,220	0,212108	22,350000	51,555000
3,455713	838,847558	42,320	0,212822	22,350000	51,555000
3,457687	840,527098	42,421	0,213491	22,350000	51,555000
3,459701	842,878946	42,521	0,214427	22,350000	51,555000
3,461749	844,623508	42,621	0,215121	22,350000	51,555000
3,463722	846,717719	42,722	0,215955	22,350000	51,555000
3,465706	848,388672	42,823	0,216620	22,350000	51,555000
3,467749	850,599433	42,924	0,217500	22,350000	51,555000
3,469746	852,594270	43,024	0,218293	22,350000	51,555000
3,471760	854,156034	43,124	0,218915	22,350000	51,555000
3,473761	858,643805	43,225	0,220701	22,350000	51,555000
3,475678	860,788317	43,325	0,221555	22,350000	51,555000
3,477677	862,242119	43,427	0,222133	22,350000	51,555000
3,479733	864,303205	43,527	0,222954	22,350000	51,555000
3,481681	866,381468	43,627	0,223781	22,350000	51,555000
3,483720	866,106656	43,727	0,223671	22,350000	51,555000
3,485772	868,458503	43,827	0,224607	22,350000	51,555000
3,487722	870,212881	43,928	0,225306	22,350000	51,555000
3,489670	872,439591	44,028	0,226192	22,350000	51,555000
3,491692	874,234454	44,128	0,226906	22,350000	51,555000
3,493696	878,314914	44,229	0,228530	22,350000	51,555000
3,495736	880,301164	44,329	0,229321	22,350000	51,555000
3,497734	882,287414	44,429	0,230111	22,350000	51,555000
3,499711	884,273663	44,529	0,230902	22,360000	51,570000
3,501737	884,473638	44,629	0,230981	22,360000	51,570000
3,503690	886,077114	44,730	0,231620	22,360000	51,570000
3,505793	888,371300	44,831	0,232533	22,360000	51,570000
3,507750	890,514585	44,931	0,233386	22,360000	51,570000
3,509714	892,227250	45,031	0,234067	22,360000	51,570000
3,511762	895,393717	45,132	0,235328	22,360000	51,570000
3,513673	897,637602	45,232	0,236221	22,360000	51,570000
3,515720	899,540427	45,332	0,236978	22,360000	51,570000
3,517731	900,978280	45,432	0,237550	22,360000	51,570000
3,519742	904,045373	45,532	0,238771	22,360000	51,570000
3,521719	904,693143	45,633	0,239029	22,360000	51,570000
3,523725	906,230371	45,733	0,239641	22,360000	51,570000
3,525732	909,546512	45,833	0,240960	22,360000	51,570000
3,527646	911,266538	45,933	0,241645	22,360000	51,570000
3,529712	913,527599	46,033	0,242545	22,360000	51,570000
3,531679	915,313874	46,133	0,243256	22,360000	51,570000
3,533689	918,189581	46,233	0,244400	22,360000	51,570000
3,535706	918,563766	46,333	0,244549	22,360000	51,570000
3,537704	920,781888	46,433	0,245432	22,360000	51,570000
3,539661	922,752189	46,533	0,246216	22,360000	51,570000
3,541680	924,439090	46,634	0,246888	22,360000	51,570000
3,543725	926,575014	46,734	0,247738	22,360000	51,570000
3,545635	928,037404	46,835	0,248320	22,360000	51,570000
3,547694	930,089903	46,936	0,249137	22,360000	51,570000
3,549712	932,725149	47,036	0,250186	22,360000	51,570000
3,551728	934,927322	47,136	0,251062	22,360000	51,570000
3,553723	936,422837	47,237	0,251657	22,360000	51,570000
3,555756	940,602672	47,337	0,253321	22,360000	51,570000
3,557734	942,348461	47,437	0,254016	22,360000	51,570000
3,559708	942,357049	47,537	0,254019	22,360000	51,570000
3,561677	944,367835	47,637	0,254819	22,360000	51,570000
3,563653	946,453459	47,737	0,255649	22,360000	51,570000
3,565757	948,274085	47,837	0,256374	22,360000	51,570000
3,567801	950,210035	47,937	0,257145	22,360000	51,570000
3,569690	952,579057	48,037	0,258087	22,360000	51,570000
3,571673	954,050035	48,137	0,258673	22,360000	51,570000
3,573762	956,201908	48,237	0,259529	22,360000	51,570000
3,575722	958,029896	48,337	0,260257	22,360000	51,570000
3,577686	960,158458	48,437	0,261104	22,360000	51,570000
3,579752	962,534842	48,537	0,262050	22,350000	51,605000
3,581755	964,503916	48,637	0,262833	22,350000	51,605000
3,583730	966,565003	48,738	0,263654	22,350000	51,605000
3,585681	970,497016	48,839	0,265219	22,350000	51,605000
3,587650	970,446716	48,939	0,265199	22,350000	51,605000
3,589725	972,466090	49,039	0,266002	22,350000	51,605000
3,591725	974,278129	49,139	0,266724	22,350000	51,605000
3,593742	978,416251	49,240	0,268371	22,350000	51,605000
3,595761	980,153453	49,340	0,269062	22,350000	51,605000
3,597697	980,219702	49,440	0,269088	22,350000	51,605000
3,599684	982,230488	49,540	0,269889	22,350000	51,605000
3,601726	984,233914	49,641	0,270686	22,350000	51,605000
3,603719	986,286413	49,741	0,271503	22,350000	51,605000
3,605700	988,248125	49,842	0,272284	22,350000	51,605000
3,607673	990,292036	49,942	0,273097	22,350000	51,605000
3,609665	992,403423	50,043	0,273938	22,350000	51,605000
3,611624	996,026274	50,143	0,275379	22,350000	51,605000
3,613719	998,137661	50,243	0,276220	22,350000	51,605000
3,615696	999,749725	50,343	0,276861	22,350000	51,605000
3,617702	1002,326084	50,443	0,277887	22,350000	51,605000
3,619693	1002,284371	50,543	0,277870	22,350000	51,605000
3,621713	1004,138122	50,643	0,278608	22,350000	51,605000
3,623682	1006,721842	50,743	0,279636	22,350000	51,605000
3,625709	1008,509344	50,844	0,280348	22,350000	51,605000
3,627738	1010,337331	50,945	0,281075	22,350000	51,605000
3,629689	1013,305051	51,046	0,282256	22,350000	51,605000
3,631696	1016,013907	51,146	0,283334	22,350000	51,605000
3,633774	1018,348579	51,246	0,284264	22,350000	51,605000
3,635780	1019,803608	51,346	0,284843	22,350000	51,605000
3,637714	1022,122330	51,446	0,285766	22,350000	51,605000
3,639681	1023,908606	51,547	0,286477	22,350000	51,605000
3,641737	1025,936568	51,647	0,287284	22,350000	51,605000
3,643689	1028,138741	51,747	0,288160	22,350000	51,605000
3,645741	1030,274664	51,847	0,289010	22,350000	51,605000
3,647720	1030,166703	51,947	0,288967	22,350000	51,605000
3,649663	1031,919853	52,048	0,289665	22,350000	51,605000
3,651652	1034,072953	52,148	0,290522	22,350000	51,605000
3,653692	1036,915535	52,248	0,291653	22,350000	51,605000
3,655664	1038,087164	52,348	0,292120	22,350000	51,605000
3,657713	1042,092788	52,449	0,293714	22,350000	51,605000
3,659650	1043,139280	52,549	0,294130	22,340000	51,580000
3,661693	1044,934143	52,649	0,294845	22,340000	51,580000
3,663668	1045,499715	52,749	0,295070	22,340000	51,580000
3,665629	1047,884687	52,849	0,296019	22,340000	51,580000
3,667677	1050,793518	52,949	0,297177	22,340000	51,580000
3,669622	1052,372458	53,050	0,297805	22,340000	51,580000
3,671660	1055,107078	53,150	0,298894	22,340000	51,580000
3,673704	1057,699386	53,250	0,299925	22,340000	51,580000
3,675605	1058,090747	53,351	0,300081	22,340000	51,580000
3,677695	1060,599629	53,451	0,301080	22,340000	51,580000
3,679674	1061,946696	53,551	0,301616	22,340000	51,580000
3,681706	1064,340256	53,651	0,302568	22,340000	51,580000
3,683670	1067,755771	53,751	0,303928	22,340000	51,580000
3,685671	1067,863733	53,852	0,303971	22,340000	51,580000
3,687661	1070,057318	53,952	0,304844	22,340000	51,580000
3,689681	1072,069331	54,052	0,305645	22,340000	51,580000
3,691707	1074,212616	54,152	0,306498	22,340000	51,580000
3,693647	1076,233217	54,252	0,307302	22,340000	51,580000
3,695664	1077,894355	54,352	0,307963	22,340000	51,580000
3,697721	1079,946853	54,452	0,308780	22,340000	51,580000
3,699697	1083,894816	54,553	0,310351	22,340000	51,580000
3,701676	1083,703429	54,654	0,310275	22,340000	51,580000
3,703692	1087,609679	54,754	0,311830	22,340000	51,580000
3,705721	1089,512504	54,855	0,312587	22,340000	51,580000
3,707614	1089,613105	54,956	0,312627	22,340000	51,580000
3,709693	1091,441092	55,056	0,313354	22,340000	51,580000
3,711690	1093,269080	55,157	0,314082	22,340000	51,580000
3,713685	1095,878563	55,257	0,315121	22,340000	51,580000
3,715693	1097,208454	55,357	0,315650	22,340000	51,580000
3,717682	1099,551714	55,458	0,316583	22,340000	51,580000
3,719692	1101,588264	55,559	0,317393	22,340000	51,580000
3,721688	1105,618424	55,659	0,318997	22,340000	51,580000
3,723673	1106,316495	55,760	0,319275	22,340000	51,580000
3,725677	1107,496712	55,861	0,319745	22,340000	51,580000
3,727643	1109,449837	55,961	0,320522	22,340000	51,580000
3,729613	1113,513122	56,061	0,322139	22,340000	51,580000
3,731632	1115,201250	56,161	0,322811	22,340000	51,580000
3,733686	1117,461085	56,261	0,323710	22,340000	51,580000
3,735681	1119,189698	56,361	0,324398	22,340000	51,580000
3,737697	1121,101111	56,462	0,325159	22,350000	51,555000
3,739700	1123,195322	56,562	0,325993	22,350000	51,555000
3,741694	1125,007361	56,662	0,326714	22,350000	51,555000
3,743693	1127,251246	56,763	0,327607	22,350000	51,555000
3,745647	1129,528257	56,863	0,328513	22,350000	51,555000
3,747642	1131,248282	56,963	0,329198	22,350000	51,555000
3,749735	1132,080078	57,063	0,329529	22,350000	51,555000
3,751707	1133,782928	57,163	0,330207	22,350000	51,555000
3,753733	1136,277089	57,263	0,331199	22,350000	51,555000
3,755697	1139,010482	57,364	0,332287	22,350000	51,555000
3,757652	1139,701192	57,464	0,332562	22,350000	51,555000
3,759696	1142,974393	57,564	0,333865	22,350000	51,555000
3,761684	1144,603633	57,664	0,334513	22,350000	51,555000
3,763755	1146,124912	57,765	0,335119	22,350000	51,555000
3,765704	1147,321078	57,865	0,335595	22,350000	51,555000
3,767634	1150,553794	57,965	0,336881	22,350000	51,555000
3,769656	1151,725424	58,065	0,337348	22,350000	51,555000
3,771680	1153,737437	58,165	0,338148	22,350000	51,555000
3,773661	1156,164121	58,265	0,339114	22,350000	51,555000
3,775725	1157,135777	58,366	0,339501	22,350000	51,555000
3,777710	1159,812736	58,466	0,340566	22,350000	51,555000
3,779736	1161,141400	58,567	0,341095	22,350000	51,555000
3,781700	1163,983982	58,667	0,342227	22,350000	51,555000
3,783704	1166,128494	58,767	0,343080	22,350000	51,555000
3,785670	1169,053274	58,868	0,344244	22,350000	51,555000
3,787682	1169,610258	58,968	0,344466	22,350000	51,555000
3,789687	1171,554795	59,068	0,345240	22,350000	51,555000
3,791703	1173,483384	59,168	0,346007	22,350000	51,555000
3,793691	1176,018030	59,268	0,347016	22,350000	51,555000
3,795717	1177,821480	59,368	0,347734	22,350000	51,555000
3,797679	1179,658056	59,468	0,348465	22,350000	51,555000
3,799642	1181,403845	59,569	0,349160	22,350000	51,555000
3,801698	1185,292920	59,670	0,350708	22,350000	51,555000
3,803705	1185,308869	59,770	0,350714	22,350000	51,555000
3,805709	1189,340256	59,870	0,352318	22,350000	51,555000
3,807706	1189,498518	59,970	0,352381	22,350000	51,555000
3,809680	1191,218544	60,071	0,353066	22,350000	51,555000
3,811640	1193,021995	60,171	0,353784	22,350000	51,555000
3,813662	1195,157918	60,271	0,354634	22,350000	51,555000
3,815666	1197,475414	60,371	0,355556	22,350000	51,555000
3,817671	1201,365715	60,471	0,357104	22,360000	51,570000
3,819640	1203,160578	60,572	0,357819	22,360000	51,570000
3,821687	1205,503838	60,672	0,358751	22,360000	51,570000
3,823654	1204,922317	60,773	0,358520	22,360000	51,570000
3,825695	1207,007940	60,873	0,359350	22,360000	51,570000
3,827687	1209,061666	60,973	0,360167	22,360000	51,570000
3,829674	1210,931366	61,073	0,360912	22,360000	51,570000
3,831730	1213,182612	61,174	0,361808	22,360000	51,570000
3,833675	1214,970114	61,274	0,362519	22,360000	51,570000
3,835669	1218,934026	61,374	0,364097	22,360000	51,570000
3,837656	1221,120250	61,474	0,364967	22,360000	51,570000
3,839683	1223,305247	61,575	0,365836	22,360000	51,570000
3,841696	1225,491471	61,675	0,366707	22,360000	51,570000
3,843650	1226,953861	61,775	0,367289	22,360000	51,570000
3,845641	1228,964647	61,875	0,368089	22,360000	51,570000
3,847727	1230,867472	61,976	0,368846	22,360000	51,570000
3,849701	1233,485543	62,076	0,369888	22,360000	51,570000
3,851646	1233,494131	62,177	0,369892	22,360000	51,570000
3,853634	1235,123371	62,277	0,370540	22,360000	51,570000
3,855667	1237,076496	62,377	0,371317	22,360000	51,570000
3,857683	1239,029621	62,477	0,372095	22,350000	51,555000
3,859650	1241,132420	62,578	0,372932	22,350000	51,555000
3,861625	1245,129456	62,678	0,374522	22,350000	51,555000
3,863688	1246,882606	62,778	0,375220	22,350000	51,555000
3,865677	1248,960869	62,879	0,376047	22,350000	51,555000
3,867655	1250,165623	62,980	0,376527	22,350000	51,555000
3,869732	1252,209534	63,081	0,377340	22,350000	51,555000
3,871681	1253,772525	63,181	0,377962	22,350000	51,555000
3,873720	1256,289995	63,282	0,378964	22,350000	51,555000
3,875656	1258,110621	63,383	0,379689	22,350000	51,555000
3,877681	1260,761817	63,483	0,380744	22,350000	51,555000
3,879733	1261,592386	63,584	0,381075	22,350000	51,555000
3,881644	1263,038827	63,685	0,381650	22,350000	51,555000
3,883636	1265,357549	63,786	0,382573	22,350000	51,555000
3,885714	1267,077575	63,887	0,383258	22,350000	51,555000
3,887704	1269,038061	63,987	0,384038	22,350000	51,555000
3,889646	1271,149448	64,088	0,384878	22,350000	51,555000
3,891668	1273,078037	64,188	0,385646	22,350000	51,555000
3,893654	1274,939149	64,288	0,386387	22,350000	51,555000
3,895655	1278,820862	64,388	0,387932	22,350000	51,555000
3,897688	1280,922434	64,488	0,388768	22,350000	51,555000
3,899714	1281,097872	64,590	0,388838	22,350000	51,555000
3,901690	1284,596812	64,691	0,390230	22,350000	51,555000
3,903683	1284,729311	64,792	0,390283	22,350000	51,555000
3,905717	1287,197707	64,892	0,391266	22,350000	51,555000
3,907734	1288,701810	64,993	0,391864	22,350000	51,555000
3,909639	1290,928520	65,094	0,392750	22,350000	51,555000
3,911655	1294,735396	65,194	0,394266	22,350000	51,555000
3,913758	1296,913032	65,294	0,395132	22,350000	51,555000
3,915701	1298,666182	65,394	0,395830	22,350000	51,555000
3,917643	1300,843819	65,494	0,396697	22,350000	51,555000
3,919670	1302,779768	65,594	0,397467	22,350000	51,555000
3,921620	1304,931641	65,694	0,398324	22,350000	51,555000
3,923672	1306,976778	65,794	0,399138	22,350000	51,555000
3,925624	1306,461507	65,894	0,398933	22,350000	51,555000
3,927648	1311,081776	65,994	0,400771	22,350000	51,555000
3,929641	1310,924741	66,094	0,400709	22,350000	51,555000
3,931660	1313,068026	66,194	0,401562	22,350000	51,555000
3,933688	1316,126531	66,331	0,402779	22,350000	51,555000
3,935664	1317,049113	66,432	0,403146	22,350000	51,555000
3,937632	1319,059899	66,532	0,403947	22,350000	51,555000
3,939707	1320,938187	66,632	0,404694	22,350000	51,555000
3,941701	1324,637102	66,733	0,406167	22,350000	51,555000
3,943630	1326,863811	66,833	0,407053	22,350000	51,555000
3,945644	1327,728732	66,934	0,407397	22,350000	51,555000
3,947650	1330,287914	67,034	0,408416	22,350000	51,555000
3,949636	1330,745524	67,134	0,408598	22,350000	51,555000
3,951662	1332,739135	67,234	0,409391	22,350000	51,555000
3,953661	1334,385551	67,334	0,410046	22,350000	51,555000
3,955679	1336,770523	67,434	0,410996	22,350000	51,555000
3,957717	1340,095252	67,534	0,412319	22,350000	51,555000
3,959639	1341,681552	67,634	0,412950	22,350000	51,555000
3,961667	1344,008863	67,734	0,413876	22,350000	51,555000
3,963677	1346,709132	67,834	0,414951	22,350000	51,555000
3,965612	1347,798563	67,934	0,415385	22,350000	51,555000
3,967627	1348,562883	68,034	0,415689	22,350000	51,555000
3,969631	1350,681631	68,135	0,416532	22,350000	51,555000
3,971632	1352,643344	68,236	0,417313	22,350000	51,555000
3,973648	1355,842935	68,336	0,418586	22,350000	51,555000
3,975628	1358,461006	68,436	0,419628	22,350000	51,555000
3,977620	1359,225326	68,536	0,419933	22,350000	51,580000
3,979670	1361,319537	68,637	0,420766	22,350000	51,580000
3,981615	1364,104458	68,737	0,421875	22,350000	51,580000
3,983654	1365,757008	68,838	0,422532	22,350000	51,580000
3,985644	1367,843858	68,938	0,423363	22,350000	51,580000
3,987675	1369,671846	69,038	0,424090	22,350000	51,580000
3,989693	1371,566082	69,138	0,424844	22,350000	51,580000
3,991666	1373,785431	69,238	0,425728	22,350000	51,580000
3,993695	1374,384128	69,338	0,425966	22,350000	51,580000
3,995593	1378,772525	69,438	0,427712	22,350000	51,580000
3,997627	1379,279209	69,538	0,427914	22,350000	51,580000
3,999662	1382,386787	69,638	0,429151	22,350000	51,580000
4,001662	1383,267657	69,738	0,429501	22,350000	51,580000
4,003624	1385,993689	69,838	0,430586	22,350000	51,580000
4,005646	1387,365293	69,938	0,431132	22,350000	51,580000
4,007693	1389,327006	70,038	0,431913	22,350000	51,580000
4,009697	1392,093524	70,138	0,433014	22,350000	51,580000
4,011647	1392,925320	70,238	0,433345	22,350000	51,580000
4,013641	1396,365372	70,339	0,434714	22,350000	51,580000
4,015634	1396,664720	70,439	0,434833	22,350000	51,580000
4,017661	1398,800644	70,539	0,435684	22,350000	51,595000
4,019593	1401,077654	70,639	0,436590	22,350000	51,595000
4,021706	1404,634255	70,739	0,438005	22,350000	51,595000
4,023661	1404,352083	70,839	0,437893	22,350000	51,595000
4,025676	1407,135777	70,939	0,439001	22,350000	51,595000
4,027646	1409,106077	71,040	0,439785	22,350000	51,595000
4,029663	1410,909528	71,141	0,440503	22,350000	51,595000
4,031680	1412,438167	71,241	0,441111	22,350000	51,595000
4,033659	1414,382705	71,342	0,441885	22,350000	51,595000
4,035631	1416,252405	71,443	0,442629	22,350000	51,595000
4,037656	1418,189581	71,544	0,443400	22,350000	51,595000
4,039683	1420,308329	71,645	0,444244	22,350000	51,595000
4,041633	1422,428304	71,746	0,445087	22,350000	51,595000
4,043594	1424,405965	71,846	0,445875	22,350000	51,595000
4,045656	1426,433927	71,946	0,446682	22,350000	51,595000
4,047628	1428,420177	72,046	0,447472	22,350000	51,595000
4,049717	1430,272701	72,147	0,448209	22,350000	51,595000
4,051691	1433,547130	72,247	0,449513	22,350000	51,595000
4,053630	1435,126070	72,347	0,450141	22,350000	51,595000
4,055639	1438,517048	72,447	0,451491	22,350000	51,595000
4,057648	1438,101150	72,548	0,451325	22,350000	51,595000
4,059728	1442,141126	72,649	0,452933	22,350000	51,595000
4,061636	1444,218161	72,749	0,453760	22,350000	51,595000
4,063649	1444,218161	72,849	0,453760	22,350000	51,595000
4,065642	1445,979899	72,949	0,454461	22,350000	51,595000
4,067643	1448,373459	73,049	0,455414	22,350000	51,595000
4,069679	1451,573051	73,150	0,456687	22,350000	51,595000
4,071746	1454,274547	73,250	0,457762	22,350000	51,595000
4,073645	1456,003160	73,351	0,458450	22,350000	51,595000
4,075656	1455,820362	73,451	0,458377	22,350000	51,595000
4,077654	1458,097372	73,551	0,459284	22,350000	51,595000
4,079695	1461,337449	73,652	0,460573	22,350000	51,595000
4,081673	1462,999814	73,753	0,461235	22,350000	51,595000
4,083626	1464,595929	73,853	0,461870	22,350000	51,595000
4,085715	1467,961144	73,953	0,463209	22,350000	51,595000
4,087698	1469,632096	74,053	0,463875	22,350000	51,595000
4,089673	1471,717719	74,154	0,464705	22,350000	51,595000
4,091682	1472,881988	74,254	0,465168	22,350000	51,595000
4,093641	1474,094103	74,354	0,465650	22,350000	51,595000
4,095653	1476,014104	74,454	0,466415	22,350000	51,595000
4,097657	1480,244239	74,554	0,468098	22,350000	51,595000
4,099696	1481,923779	74,654	0,468767	22,350000	51,595000
4,101634	1483,619268	74,754	0,469441	22,350000	51,595000
4,103659	1484,392176	74,854	0,469749	22,350000	51,595000
4,105638	1486,759972	74,954	0,470691	22,350000	51,595000
4,107678	1489,320381	75,054	0,471710	22,350000	51,595000
4,109688	1491,846439	75,155	0,472716	22,350000	51,595000
4,111616	1492,619347	75,255	0,473023	22,350000	51,595000
4,113671	1496,167360	75,356	0,474436	22,350000	51,595000
4,115726	1497,197904	75,456	0,474846	22,350000	51,595000
4,115608	1498,045648	75,556	0,475183	22,350000	51,595000
4,115627	1497,813776	75,656	0,475091	22,350000	51,595000
4,115674	1498,005163	75,757	0,475167	22,350000	51,595000
4,115610	1497,822364	75,857	0,475094	22,350000	51,595000
4,115666	1497,855488	75,957	0,475107	22,350000	51,595000
4,115627	1497,713175	76,058	0,475051	22,350000	51,595000
4,115694	1497,937686	76,159	0,475140	22,350000	51,595000
4,115691	1497,763476	76,259	0,475071	22,350000	51,595000
4,115645	1497,538964	76,360	0,474981	22,350000	51,595000
4,115654	1497,754888	76,460	0,475067	22,360000	51,560000
4,115644	1497,705814	76,560	0,475048	22,360000	51,560000
4,115617	1497,446952	76,661	0,474945	22,360000	51,560000
4,115713	1497,265380	76,761	0,474873	22,360000	51,560000
4,115601	1497,697226	76,861	0,475044	22,360000	51,560000
4,115638	1497,256792	76,961	0,474869	22,360000	51,560000
4,115659	1497,805188	77,062	0,475087	22,360000	51,560000
4,115673	1497,646926	77,162	0,475024	22,360000	51,560000
4,115589	1497,314453	77,262	0,474892	22,360000	51,560000
4,115598	1497,622389	77,362	0,475015	22,360000	51,560000
4,115579	1497,439591	77,462	0,474942	22,360000	51,560000
4,115672	1497,239616	77,562	0,474862	22,360000	51,560000
4,115641	1497,613801	77,662	0,475011	22,360000	51,560000
4,115613	1497,231028	77,763	0,474859	22,360000	51,560000
4,115646	1497,289916	77,863	0,474882	22,360000	51,560000
4,115692	1497,281329	77,963	0,474879	22,360000	51,560000
4,115596	1497,422415	78,063	0,474935	22,360000	51,560000
4,115599	1497,272741	78,163	0,474875	22,360000	51,560000
4,115620	1497,089942	78,263	0,474803	22,360000	51,560000
4,115642	1496,699808	78,363	0,474647	22,360000	51,560000
4,115600	1496,990568	78,463	0,474763	22,350000	51,555000
4,115685	1496,823718	78,563	0,474697	22,350000	51,555000
4,115618	1497,006517	78,663	0,474770	22,350000	51,555000
4,115629	1497,373341	78,763	0,474916	22,350000	51,555000
4,115597	1496,999156	78,863	0,474767	22,350000	51,555000
4,115644	1496,748881	78,963	0,474667	22,350000	51,555000
4,115639	1496,849482	79,063	0,474707	22,350000	51,555000
4,115630	1496,981980	79,164	0,474760	22,350000	51,555000
4,115660	1496,932907	79,266	0,474740	22,350000	51,555000
4,115576	1496,882606	79,366	0,474720	22,350000	51,555000
4,115636	1497,231028	79,467	0,474859	22,350000	51,555000
4,115642	1496,624971	79,568	0,474618	22,350000	51,555000
4,115630	1496,716983	79,668	0,474654	22,350000	51,555000
4,115631	1496,649507	79,769	0,474627	22,350000	51,555000
4,115666	1496,741520	79,870	0,474664	22,350000	51,555000
4,115670	1496,508421	79,971	0,474571	22,350000	51,555000
4,115650	1496,391871	80,071	0,474525	22,350000	51,555000
4,115693	1496,517009	80,171	0,474575	22,350000	51,555000
4,115620	1496,334210	80,272	0,474502	22,350000	51,555000
4,115663	1496,624971	80,373	0,474618	22,350000	51,555000
4,115647	1496,325622	80,473	0,474499	22,350000	51,565000
4,115654	1496,292498	80,573	0,474485	22,350000	51,565000
4,115641	1496,317034	80,674	0,474495	22,350000	51,565000
4,115689	1496,259373	80,774	0,474472	22,350000	51,565000
4,115617	1496,417635	80,874	0,474535	22,350000	51,565000
4,115693	1496,442172	80,974	0,474545	22,350000	51,565000
4,115599	1496,292498	81,075	0,474485	22,350000	51,565000
4,115621	1496,250785	81,175	0,474469	22,350000	51,565000
4,115645	1496,483884	81,275	0,474562	22,350000	51,565000
4,115661	1496,334210	81,375	0,474502	22,350000	51,565000
4,115680	1496,175948	81,475	0,474439	22,350000	51,565000
4,115661	1496,018913	81,576	0,474376	22,350000	51,565000
4,115618	1496,424996	81,676	0,474538	22,350000	51,565000
4,115650	1496,043450	81,776	0,474386	22,350000	51,565000
4,115619	1496,259373	81,877	0,474472	22,350000	51,565000
4,115678	1496,367335	81,977	0,474515	22,350000	51,565000
4,115655	1496,358747	82,077	0,474512	22,350000	51,565000
4,115623	1496,276549	82,177	0,474479	22,350000	51,565000
4,115654	1495,868012	82,278	0,474316	22,350000	51,565000
4,115667	1496,092523	82,378	0,474406	22,350000	51,565000
4,115655	1495,918312	82,478	0,474336	22,350000	51,540000
4,115669	1496,259373	82,578	0,474472	22,350000	51,540000
4,115652	1495,951437	82,678	0,474350	22,350000	51,540000
4,115605	1495,477878	82,778	0,474161	22,350000	51,540000
4,115634	1496,026274	82,878	0,474379	22,350000	51,540000
4,115589	1496,043450	82,979	0,474386	22,350000	51,540000
4,115589	1496,092523	83,080	0,474406	22,350000	51,540000
4,115716	1496,043450	83,180	0,474386	22,350000	51,540000
4,115639	1495,843475	83,280	0,474307	22,350000	51,540000
4,115582	1496,118287	83,380	0,474416	22,350000	51,540000
4,115637	1496,134236	83,480	0,474422	22,350000	51,540000
4,115679	1495,744101	83,580	0,474267	22,350000	51,540000
4,115661	1495,984561	83,680	0,474363	22,350000	51,540000
4,115664	1495,843475	83,781	0,474307	22,350000	51,540000
4,115598	1495,827526	83,881	0,474300	22,350000	51,540000
4,115618	1495,785814	83,981	0,474284	22,350000	51,540000
4,115668	1496,134236	84,081	0,474422	22,350000	51,540000
4,115662	1496,034862	84,182	0,474383	22,350000	51,540000
4,115622	1495,836114	84,283	0,474304	22,350000	51,540000
4,115611	1496,092523	84,384	0,474406	22,350000	51,540000
4,115623	1495,926900	84,484	0,474340	22,360000	51,570000
4,115685	1495,801763	84,585	0,474290	22,360000	51,570000
4,115605	1495,636140	84,685	0,474224	22,360000	51,570000
4,115657	1495,660676	84,785	0,474234	22,360000	51,570000
4,115638	1495,909724	84,886	0,474333	22,360000	51,570000
4,115609	1495,719565	84,987	0,474257	22,360000	51,570000
4,115666	1495,752689	85,087	0,474271	22,360000	51,570000
4,115662	1495,752689	85,188	0,474271	22,360000	51,570000
4,115620	1495,611603	85,288	0,474214	22,360000	51,570000
4,115654	1495,444753	85,388	0,474148	22,360000	51,570000
4,115681	1495,603015	85,488	0,474211	22,360000	51,570000
4,113663	1495,594427	85,588	0,474208	22,360000	51,570000
4,111646	1493,425379	85,689	0,473344	22,360000	51,570000
4,109672	1490,582797	85,789	0,472213	22,360000	51,570000
4,107628	1488,505761	85,889	0,471386	22,360000	51,570000
4,105705	1486,194400	85,989	0,470466	22,360000	51,570000
4,103629	1484,749185	86,089	0,469891	22,360000	51,570000
4,101608	1482,679511	86,189	0,469067	22,360000	51,570000
4,099598	1481,225709	86,289	0,468489	22,360000	51,570000
4,097639	1478,358590	86,389	0,467348	22,360000	51,570000
4,095648	1476,861848	86,490	0,466752	22,360000	51,570000
4,093648	1475,016685	86,590	0,466018	22,360000	51,570000
4,091615	1472,483266	86,690	0,465009	22,360000	51,570000
4,089677	1469,424761	86,790	0,463792	22,360000	51,570000
4,087707	1468,718102	86,890	0,463511	22,360000	51,570000
4,085655	1466,773565	86,990	0,462737	22,360000	51,570000
4,083632	1464,562804	87,090	0,461857	22,360000	51,570000
4,081575	1462,244082	87,190	0,460934	22,360000	51,570000
4,079616	1460,324081	87,290	0,460170	22,360000	51,570000
4,077653	1458,487506	87,391	0,459439	22,360000	51,570000
4,075624	1454,340796	87,492	0,457789	22,360000	51,570000
4,073625	1453,982559	87,593	0,457646	22,360000	51,570000
4,071671	1450,716718	87,693	0,456346	22,360000	51,570000
4,069629	1450,476258	87,794	0,456250	22,360000	51,570000
4,067693	1448,448296	87,895	0,455443	22,360000	51,570000
4,065707	1446,295197	87,995	0,454586	22,360000	51,570000
4,063627	1444,101612	88,095	0,453713	22,360000	51,570000
4,061654	1442,223324	88,196	0,452966	22,360000	51,570000
4,059642	1438,068026	88,297	0,451312	22,360000	51,570000
4,057673	1437,902403	88,397	0,451246	22,360000	51,570000
4,055562	1435,857265	88,497	0,450432	22,350000	51,580000
4,053666	1434,004740	88,597	0,449695	22,350000	51,580000
4,051678	1431,935066	88,698	0,448871	22,350000	51,580000
4,049727	1427,729468	88,798	0,447197	22,350000	51,580000
4,047657	1425,560419	88,898	0,446334	22,350000	51,580000
4,045662	1425,876943	88,999	0,446460	22,350000	51,580000
4,043645	1423,840393	89,099	0,445649	22,350000	51,580000
4,041588	1421,937569	89,200	0,444892	22,350000	51,580000
4,039648	1418,014143	89,300	0,443331	22,350000	51,580000
4,037629	1417,507459	89,400	0,443129	22,350000	51,580000
4,035681	1415,928520	89,500	0,442500	22,350000	51,580000
4,033653	1412,579254	89,600	0,441167	22,350000	51,580000
4,031630	1410,112084	89,700	0,440186	22,350000	51,580000
4,029605	1407,327163	89,801	0,439077	22,350000	51,580000
4,027628	1406,886729	89,901	0,438902	22,350000	51,580000
4,025682	1403,687137	90,001	0,437628	22,350000	51,580000
4,023607	1402,449258	90,101	0,437136	22,350000	51,580000
4,021696	1401,484964	90,201	0,436752	22,350000	51,580000
4,019655	1399,490126	90,301	0,435958	22,350000	51,580000
4,017684	1397,454803	90,401	0,435148	22,350000	51,580000
4,015714	1392,958445	90,502	0,433358	22,350000	51,540000
4,013655	1391,653090	90,602	0,432839	22,350000	51,540000
4,011662	1391,029856	90,703	0,432591	22,350000	51,540000
4,009659	1389,626354	90,803	0,432032	22,350000	51,540000
4,007650	1387,440130	90,903	0,431162	22,350000	51,540000
4,005616	1384,872360	91,003	0,430140	22,350000	51,540000
4,003675	1382,745024	91,103	0,429293	22,350000	51,540000
4,001685	1380,384589	91,203	0,428354	22,350000	51,540000
3,999587	1378,863311	91,303	0,427749	22,350000	51,540000
3,997622	1375,066249	91,403	0,426237	22,350000	51,540000
3,995693	1374,923936	91,503	0,426181	22,350000	51,540000
3,993634	1372,446952	91,603	0,425195	22,350000	51,540000
3,991616	1369,398261	91,703	0,423981	22,350000	51,540000
3,989661	1367,262337	91,803	0,423131	22,350000	51,540000
3,987627	1365,591385	91,903	0,422466	22,350000	51,540000
3,985705	1363,272662	92,003	0,421543	22,350000	51,540000
3,983640	1363,156113	92,103	0,421497	22,350000	51,540000
3,981661	1361,020189	92,203	0,420647	22,350000	51,540000
3,979693	1357,712635	92,304	0,419331	22,350000	51,540000
3,977715	1356,607255	92,404	0,418891	22,350000	51,540000
3,975650	1354,446795	92,504	0,418031	22,350000	51,565000
3,973680	1352,601631	92,604	0,417296	22,350000	51,565000
3,971638	1350,707394	92,704	0,416542	22,350000	51,565000
3,969712	1348,512582	92,804	0,415669	22,350000	51,565000
3,967687	1346,219624	92,904	0,414756	22,350000	51,565000
3,965638	1343,842013	93,004	0,413810	22,350000	51,565000
3,963682	1341,890115	93,104	0,413033	22,350000	51,565000
3,961714	1340,493974	93,204	0,412478	22,350000	51,565000
3,959677	1338,673347	93,304	0,411753	22,350000	51,565000
3,957657	1335,889653	93,405	0,410645	22,350000	51,565000
3,955641	1332,564924	93,505	0,409322	22,350000	51,565000
3,953667	1331,925742	93,605	0,409067	22,350000	51,565000
3,951611	1330,270738	93,706	0,408409	22,350000	51,565000
3,949640	1328,517588	93,807	0,407711	22,350000	51,565000
3,947630	1326,414789	93,908	0,406874	22,350000	51,565000
3,945682	1322,259491	94,009	0,405220	22,350000	51,565000
3,943704	1320,589765	94,109	0,404556	22,350000	51,565000
3,941678	1320,523516	94,209	0,404529	22,350000	51,565000
3,939698	1317,996231	94,309	0,403523	22,350000	51,565000
3,937659	1314,796639	94,409	0,402250	22,350000	51,565000
3,935715	1312,453380	94,509	0,401317	22,350000	51,580000
3,933715	1310,791016	94,609	0,400656	22,350000	51,580000
3,931640	1308,131232	94,710	0,399597	22,350000	51,580000
3,929670	1306,527756	94,812	0,398959	22,350000	51,580000
3,927677	1304,342759	94,912	0,398089	22,350000	51,580000
3,925703	1302,231372	95,012	0,397249	22,350000	51,580000
3,923612	1300,319959	95,112	0,396488	22,350000	51,580000
3,921671	1298,499333	95,212	0,395764	22,350000	51,580000
3,919647	1298,117786	95,312	0,395612	22,350000	51,580000
3,917662	1295,922974	95,412	0,394738	22,350000	51,580000
3,915619	1293,870475	95,513	0,393921	22,350000	51,580000
3,913687	1291,659715	95,614	0,393042	22,350000	51,580000
3,911619	1289,748302	95,714	0,392281	22,350000	51,580000
3,909666	1287,878602	95,814	0,391537	22,350000	51,580000
3,907673	1286,075151	95,914	0,390819	22,350000	51,580000
3,905710	1283,058358	96,014	0,389618	22,350000	51,580000
3,903672	1279,950779	96,115	0,388381	22,350000	51,580000
3,901690	1278,563226	96,215	0,387829	22,350000	51,580000
3,899651	1275,687520	96,315	0,386685	22,350000	51,580000
3,897738	1274,258254	96,415	0,386116	22,350000	51,580000
3,895679	1271,980017	96,516	0,385209	22,350000	51,580000
3,893696	1271,615647	96,616	0,385064	22,350000	51,580000
3,891644	1268,315454	96,717	0,383750	22,350000	51,580000
3,889696	1268,008745	96,817	0,383628	22,350000	51,580000
3,887665	1264,576054	96,917	0,382262	22,350000	51,580000
3,885600	1262,929638	97,017	0,381607	22,350000	51,580000
3,883691	1260,220782	97,117	0,380529	22,350000	51,580000
3,881657	1258,949778	97,218	0,380023	22,350000	51,580000
3,879721	1256,514506	97,318	0,379054	22,350000	51,580000
3,877685	1253,713637	97,418	0,377939	22,350000	51,580000
3,875713	1253,165240	97,519	0,377721	22,350000	51,580000
3,873677	1250,938531	97,619	0,376834	22,350000	51,580000
3,871720	1248,520434	97,719	0,375872	22,350000	51,580000
3,869652	1246,142823	97,820	0,374926	22,350000	51,580000
3,867654	1244,971194	97,920	0,374459	22,350000	51,580000
3,865709	1243,308829	98,020	0,373798	22,350000	51,580000
3,863701	1240,857608	98,120	0,372822	22,350000	51,580000
3,861711	1238,838234	98,220	0,372019	22,350000	51,580000
3,859627	1236,277825	98,320	0,371000	22,350000	51,580000
3,857676	1234,474374	98,420	0,370282	22,350000	51,580000
3,855650	1232,613262	98,520	0,369541	22,350000	51,580000
3,853736	1231,001197	98,621	0,368899	22,350000	51,580000
3,851643	1228,341414	98,721	0,367841	22,350000	51,580000
3,849633	1227,112123	98,821	0,367352	22,350000	51,580000
3,847688	1225,233835	98,921	0,366604	22,350000	51,580000
3,845676	1222,441553	99,021	0,365493	22,350000	51,580000
3,843718	1220,330166	99,121	0,364652	22,350000	51,580000
3,841721	1218,767176	99,221	0,364030	22,350000	51,580000
3,839712	1216,399380	99,321	0,363088	22,350000	51,580000
3,837677	1214,479379	99,421	0,362324	22,350000	51,580000
3,835693	1212,875903	99,521	0,361686	22,350000	51,580000
3,833775	1210,706855	99,621	0,360822	22,350000	51,580000
3,831621	1208,579519	99,721	0,359976	22,350000	51,580000
3,829703	1207,216502	99,822	0,359433	22,350000	51,580000
3,827681	1205,030278	99,923	0,358563	22,350000	51,580000
3,825690	1202,695607	100,023	0,357634	22,350000	51,580000
3,823755	1200,716718	100,124	0,356846	22,350000	51,580000
3,821638	1198,888731	100,224	0,356119	22,350000	51,580000
3,819693	1196,893893	100,325	0,355325	22,350000	51,580000
3,817718	1195,057318	100,425	0,354594	22,350000	51,580000
3,815720	1193,046531	100,526	0,353793	22,350000	51,555000
3,813601	1190,844359	100,626	0,352917	22,350000	51,555000
3,811700	1188,891234	100,726	0,352140	22,350000	51,555000
3,809730	1186,680473	100,827	0,351260	22,350000	51,555000
3,807697	1184,927322	100,927	0,350562	22,350000	51,555000
3,805681	1182,758274	101,027	0,349699	22,350000	51,555000
3,803673	1180,646887	101,128	0,348858	22,350000	51,555000
3,801766	1176,898899	101,228	0,347367	22,350000	51,555000
3,799694	1174,771563	101,328	0,346520	22,350000	51,555000
3,797742	1172,536265	101,428	0,345630	22,350000	51,555000
3,795670	1170,940150	101,529	0,344995	22,350000	51,555000
3,793766	1168,654552	101,629	0,344085	22,350000	51,555000
3,791719	1166,676890	101,729	0,343298	22,350000	51,555000
3,789653	1164,540967	101,830	0,342448	22,350000	51,555000
3,787681	1162,671266	101,930	0,341704	22,350000	51,555000
3,785674	1160,460506	102,031	0,340824	22,350000	51,555000
3,783685	1158,482844	102,131	0,340037	22,350000	51,555000
3,781712	1156,463470	102,231	0,339233	22,350000	51,555000
3,779660	1154,660019	102,331	0,338516	22,350000	51,555000
3,777669	1154,767981	102,431	0,338559	22,350000	51,555000
3,775704	1152,041948	102,531	0,337474	22,350000	51,555000
3,773703	1150,662983	102,631	0,336925	22,350000	51,555000
3,771634	1148,335673	102,731	0,335999	22,350000	51,555000
3,769679	1144,678470	102,832	0,334543	22,350000	51,555000
3,767685	1142,500834	102,932	0,333676	22,350000	51,555000
3,765721	1140,331786	103,032	0,332813	22,350000	51,555000
3,763712	1138,595811	103,132	0,332122	22,350000	51,555000
3,761701	1137,083121	103,233	0,331520	22,350000	51,555000
3,759689	1135,112820	103,333	0,330736	22,350000	51,555000
3,757643	1132,985484	103,433	0,329889	22,350000	51,555000
3,755702	1130,534263	103,533	0,328914	22,350000	51,555000
3,753649	1128,389751	103,633	0,328060	22,350000	51,555000
3,751725	1126,645189	103,733	0,327366	22,350000	51,555000
3,749712	1124,359591	103,833	0,326456	22,350000	51,555000
3,747671	1122,123067	103,933	0,325566	22,350000	51,555000
3,745702	1120,303667	104,033	0,324842	22,350000	51,555000
3,743720	1119,971194	104,133	0,324709	22,350000	51,555000
3,741727	1116,505378	104,234	0,323330	22,350000	51,555000
3,739730	1115,133774	104,334	0,322784	22,350000	51,555000
3,737733	1114,012445	104,434	0,322338	22,350000	51,555000
3,735665	1111,112202	104,535	0,321184	22,350000	51,580000
3,733669	1108,502719	104,635	0,320145	22,350000	51,580000
3,731731	1107,837773	104,735	0,319880	22,350000	51,580000
3,729760	1105,195165	104,835	0,318829	22,350000	51,580000
3,727710	1103,591689	104,936	0,318190	22,350000	51,580000
3,725724	1101,621388	105,036	0,317406	22,350000	51,580000
3,723685	1099,078154	105,136	0,316394	22,350000	51,580000
3,721703	1097,574052	105,236	0,315795	22,350000	51,580000
3,719627	1094,856607	105,336	0,314714	22,350000	51,580000
3,717704	1093,127993	105,436	0,314026	22,350000	51,580000
3,715689	1089,862153	105,536	0,312726	22,350000	51,580000
3,713706	1089,404542	105,636	0,312544	22,350000	51,580000
3,711630	1087,592504	105,736	0,311823	22,350000	51,580000
3,709662	1085,681091	105,837	0,311062	22,350000	51,580000
3,707746	1081,950279	105,937	0,309577	22,350000	51,580000
3,705716	1081,966228	106,037	0,309583	22,350000	51,580000
3,703684	1079,979978	106,137	0,308793	22,350000	51,580000
3,701699	1077,288297	106,237	0,307722	22,350000	51,580000
3,699706	1075,526559	106,338	0,307021	22,350000	51,580000
3,697641	1071,761395	106,438	0,305522	22,350000	51,580000
3,695747	1072,001855	106,538	0,305618	22,350000	51,555000
3,693755	1069,367835	106,639	0,304569	22,350000	51,555000
3,691675	1067,938570	106,740	0,304000	22,350000	51,555000
3,689734	1063,534224	106,840	0,302248	22,350000	51,555000
3,687632	1061,614223	106,941	0,301483	22,350000	51,555000
3,685734	1059,669686	107,041	0,300709	22,350000	51,555000
3,683670	1057,350964	107,141	0,299787	22,350000	51,555000
3,681667	1057,657673	107,242	0,299909	22,350000	51,555000
3,679708	1053,536727	107,342	0,298269	22,350000	51,555000
3,677691	1051,566426	107,442	0,297484	22,350000	51,555000
3,675752	1049,663601	107,543	0,296727	22,350000	51,555000
3,673719	1049,888112	107,644	0,296816	22,350000	51,555000
3,671696	1047,503141	107,744	0,295867	22,350000	51,555000
3,669683	1045,483766	107,844	0,295063	22,350000	51,555000
3,667691	1043,471753	107,944	0,294263	22,350000	51,555000
3,665722	1041,635178	108,045	0,293532	22,350000	51,555000
3,663682	1039,433005	108,146	0,292655	22,350000	51,555000
3,661709	1036,092327	108,247	0,291326	22,350000	51,555000
3,659696	1034,304825	108,347	0,290614	22,350000	51,555000
3,657678	1031,413169	108,447	0,289463	22,350000	51,555000
3,655705	1029,493169	108,547	0,288699	22,350000	51,580000
3,653699	1027,374421	108,647	0,287856	22,350000	51,580000
3,651709	1026,335290	108,747	0,287442	22,350000	51,580000
3,649661	1023,435046	108,847	0,286288	22,350000	51,580000
3,647680	1021,715020	108,947	0,285604	22,350000	51,580000
3,645729	1021,074611	109,047	0,285349	22,350000	51,580000
3,643683	1019,537384	109,147	0,284737	22,350000	51,580000
3,641688	1017,243198	109,247	0,283824	22,350000	51,580000
3,639761	1015,282712	109,347	0,283043	22,350000	51,580000
3,637729	1013,171325	109,448	0,282203	22,350000	51,580000
3,635637	1009,373037	109,549	0,280691	22,350000	51,580000
3,633687	1007,860347	109,649	0,280089	22,350000	51,580000
3,631663	1005,616461	109,749	0,279196	22,350000	51,580000
3,629704	1004,428883	109,850	0,278724	22,350000	51,580000
3,627727	1001,760512	109,950	0,277662	22,350000	51,580000
3,625731	1001,353202	110,050	0,277500	22,350000	51,580000
3,623746	998,228447	110,150	0,276256	22,350000	51,580000
3,621629	995,361328	110,250	0,275115	22,350000	51,580000
3,619709	994,913533	110,350	0,274937	22,350000	51,580000
3,617725	993,242580	110,450	0,274271	22,350000	51,580000
3,615661	990,915270	110,550	0,273345	22,350000	51,580000
3,613678	987,017608	110,650	0,271794	22,350000	51,580000
3,611676	985,920815	110,750	0,271357	22,350000	51,580000
3,609684	983,710054	110,850	0,270478	22,350000	51,580000
3,607731	981,840354	110,950	0,269733	22,350000	51,580000
3,605711	980,285951	111,050	0,269115	22,350000	51,580000
3,603740	977,385708	111,150	0,267960	22,350000	51,580000
3,601708	976,339216	111,251	0,267544	22,350000	51,580000
3,599713	974,335790	111,351	0,266747	22,350000	51,580000
3,597708	971,926282	111,451	0,265788	22,350000	51,580000
3,595727	968,767176	111,551	0,264530	22,350000	51,580000
3,593743	968,385629	111,651	0,264378	22,350000	51,580000
3,591711	966,507341	111,751	0,263631	22,350000	51,580000
3,589737	964,829028	111,851	0,262963	22,350000	51,580000
3,587753	963,116363	111,951	0,262281	22,350000	51,580000
3,585679	959,676311	112,051	0,260912	22,350000	51,580000
3,583683	959,401500	112,151	0,260803	22,350000	51,580000
3,581706	956,560144	112,252	0,259672	22,350000	51,580000
3,579698	954,781230	112,352	0,258964	22,350000	51,580000
3,577746	952,661255	112,452	0,258120	22,350000	51,580000
3,575725	950,775607	112,552	0,257370	22,350000	51,580000
3,573694	948,432347	112,652	0,256437	22,350000	51,580000
3,571699	946,810468	112,753	0,255792	22,350000	51,580000
3,569716	944,616883	112,853	0,254918	22,350000	51,580000
3,567771	942,647809	112,953	0,254135	22,350000	51,580000
3,565766	940,511886	113,053	0,253285	22,350000	51,580000
3,563662	938,908409	113,154	0,252646	22,350000	51,580000
3,561695	936,539386	113,254	0,251704	22,350000	51,580000
3,559781	934,436587	113,354	0,250867	22,350000	51,580000
3,557725	932,974197	113,454	0,250285	22,350000	51,580000
3,555684	929,050771	113,554	0,248723	22,350000	51,580000
3,553716	926,658439	113,655	0,247771	22,350000	51,580000
3,551701	924,987486	113,756	0,247106	22,350000	51,580000
3,549759	922,842975	113,857	0,246252	22,350000	51,580000
3,547750	923,042949	113,957	0,246332	22,350000	51,580000
3,545729	920,873901	114,057	0,245469	22,350000	51,580000
3,543748	918,971076	114,157	0,244711	22,350000	51,580000
3,541697	917,092788	114,257	0,243964	22,350000	51,580000
3,539717	915,082002	114,357	0,243164	22,350000	51,580000
3,537761	910,768442	114,457	0,241447	22,350000	51,595000
3,535725	908,756429	114,557	0,240646	22,350000	51,595000
3,533782	906,978741	114,657	0,239938	22,350000	51,595000
3,531729	904,675968	114,757	0,239022	22,350000	51,595000
3,529767	904,651431	114,857	0,239012	22,350000	51,595000
3,527691	902,748606	114,957	0,238255	22,350000	51,595000
3,525704	898,783468	115,057	0,236677	22,350000	51,595000
3,523707	896,798445	115,157	0,235887	22,350000	51,595000
3,521727	894,736132	115,258	0,235066	22,350000	51,595000
3,519748	892,676272	115,358	0,234246	22,350000	51,595000
3,517740	890,872821	115,458	0,233528	22,350000	51,595000
3,515758	890,556297	115,558	0,233402	22,350000	51,595000
3,513648	886,874558	115,659	0,231937	22,350000	51,595000
3,511690	884,473638	115,760	0,230981	22,350000	51,595000
3,509721	883,035784	115,860	0,230409	22,350000	51,595000
3,507705	882,653011	115,960	0,230257	22,350000	51,595000
3,505773	880,609100	116,060	0,229443	22,350000	51,595000
3,503737	878,647387	116,160	0,228663	22,350000	51,595000
3,501757	876,835349	116,260	0,227941	22,350000	51,595000
3,499762	874,766901	116,361	0,227118	22,350000	51,595000
3,497651	871,741520	116,461	0,225914	22,360000	51,600000
3,495777	869,074376	116,562	0,224853	22,360000	51,600000
3,493736	867,120024	116,663	0,224075	22,360000	51,600000
3,491718	864,644266	116,763	0,223089	22,360000	51,600000
3,489742	864,943615	116,864	0,223208	22,360000	51,600000
3,487693	861,826221	116,964	0,221968	22,360000	51,600000
3,485753	860,887690	117,064	0,221594	22,360000	51,600000
3,483792	858,485543	117,164	0,220638	22,360000	51,600000
3,481724	855,909185	117,264	0,219613	22,360000	51,600000
3,479754	852,918155	117,364	0,218422	22,360000	51,600000
3,477703	851,504839	117,464	0,217860	22,360000	51,600000
3,475769	848,371496	117,564	0,216613	22,360000	51,600000
3,473641	846,966767	117,664	0,216054	22,360000	51,600000
3,471753	846,228211	117,765	0,215760	22,360000	51,600000
3,469737	843,377041	117,866	0,214625	22,360000	51,600000
3,467734	841,565003	117,967	0,213904	22,360000	51,600000
3,465721	839,554216	118,067	0,213104	22,360000	51,600000
3,463733	838,798485	118,168	0,212803	22,360000	51,600000
3,461764	836,114165	118,268	0,211734	22,360000	51,600000
3,459738	834,634599	118,368	0,211146	22,360000	51,600000
3,457732	832,107314	118,468	0,210140	22,350000	51,555000
3,455739	830,421639	118,569	0,209469	22,350000	51,555000
3,453776	828,277128	118,669	0,208615	22,350000	51,555000
3,451747	824,570852	118,770	0,207140	22,350000	51,555000
3,449788	822,866775	118,870	0,206462	22,350000	51,555000
3,447736	822,342916	118,970	0,206253	22,350000	51,555000
3,445821	820,781152	119,071	0,205632	22,350000	51,555000
3,443749	818,345880	119,172	0,204663	22,350000	51,555000
3,441747	814,523055	119,273	0,203141	22,350000	51,555000
3,439671	812,660716	119,373	0,202400	22,350000	51,555000
3,437746	810,359169	119,474	0,201484	22,350000	51,555000
3,435712	808,987565	119,574	0,200938	22,350000	51,555000
3,433661	808,729929	119,674	0,200835	22,350000	51,555000
3,431763	806,436970	119,775	0,199923	22,350000	51,555000
3,429762	804,459308	119,875	0,199136	22,350000	51,555000
3,427758	800,029199	119,975	0,197373	22,350000	51,555000
3,425718	800,286835	120,076	0,197475	22,350000	51,555000
3,423802	798,483384	120,176	0,196757	22,350000	51,555000
3,421759	796,589147	120,276	0,196003	22,350000	51,555000
3,419718	792,242462	120,377	0,194273	22,350000	51,555000
3,417705	790,529797	120,477	0,193592	22,350000	51,565000
3,415731	788,294500	120,577	0,192702	22,350000	51,565000
3,413767	786,482461	120,677	0,191981	22,350000	51,565000
3,411726	786,250589	120,777	0,191889	22,350000	51,565000
3,409779	783,540505	120,877	0,190810	22,350000	51,565000
3,407775	782,617924	120,978	0,190443	22,350000	51,565000
3,405771	778,579175	121,078	0,188835	22,350000	51,565000
3,403754	776,202791	121,178	0,187890	22,350000	51,565000
3,401737	776,394178	121,278	0,187966	22,350000	51,565000
3,399715	772,529640	121,379	0,186428	22,350000	51,565000
3,397758	772,578714	121,479	0,186447	22,350000	51,565000
3,395710	770,726190	121,580	0,185710	22,350000	51,565000
3,393777	766,462930	121,680	0,184013	22,350000	51,565000
3,391815	764,917115	121,780	0,183398	22,350000	51,565000
3,389788	763,063364	121,880	0,182660	22,350000	51,565000
3,387723	759,997497	121,980	0,181440	22,350000	51,565000
3,385707	758,600130	122,080	0,180884	22,350000	51,565000
3,383738	757,154915	122,181	0,180309	22,350000	51,565000
3,381752	756,173445	122,281	0,179918	22,350000	51,565000
3,379784	752,783694	122,381	0,178569	22,350000	51,565000
3,377709	751,387553	122,481	0,178013	22,350000	51,565000
3,375772	748,419834	122,581	0,176832	22,350000	51,565000
3,373712	746,250785	122,681	0,175969	22,350000	51,565000
3,371793	745,893776	122,781	0,175827	22,350000	51,565000
3,369760	742,453724	122,881	0,174458	22,350000	51,565000
3,367741	742,194861	122,982	0,174354	22,350000	51,565000
3,365712	738,963372	123,083	0,173068	22,350000	51,565000
3,363796	736,145326	123,185	0,171947	22,350000	51,565000
3,361780	736,128151	123,286	0,171940	22,350000	51,565000
3,359777	732,480763	123,386	0,170488	22,350000	51,565000
3,357758	732,031741	123,486	0,170310	22,350000	51,565000
3,355763	729,695842	123,586	0,169380	22,350000	51,565000
3,353704	727,867855	123,686	0,168652	22,350000	51,565000
3,351792	725,806768	123,786	0,167832	22,350000	51,565000
3,349753	724,252365	123,887	0,167213	22,350000	51,565000
3,347778	720,197668	123,987	0,165600	22,350000	51,565000
3,345737	719,964569	124,087	0,165507	22,350000	51,565000
3,343779	717,828645	124,187	0,164657	22,350000	51,565000
3,341765	716,141744	124,287	0,163985	22,350000	51,565000
3,339760	712,045334	124,387	0,162355	22,350000	51,565000
3,337783	710,308132	124,487	0,161664	22,350000	51,580000
3,335775	709,825985	124,587	0,161472	22,350000	51,580000
3,333718	708,071608	124,687	0,160773	22,350000	51,580000
3,331740	706,177371	124,788	0,160020	22,350000	51,580000
3,329747	704,091748	124,888	0,159189	22,350000	51,580000
3,327746	702,337370	124,988	0,158491	22,350000	51,580000
3,325789	700,143785	125,088	0,157618	22,350000	51,580000
3,323743	695,997075	125,188	0,155968	22,350000	51,580000
3,321688	695,905062	125,288	0,155931	22,350000	51,580000
3,319801	691,965688	125,388	0,154363	22,350000	51,580000
3,317814	690,055502	125,488	0,153603	22,350000	51,580000
3,315785	687,994415	125,588	0,152783	22,350000	51,580000
3,313745	688,068026	125,688	0,152812	22,350000	51,580000
3,311819	686,323463	125,788	0,152118	22,350000	51,580000
3,309789	684,095526	125,888	0,151231	22,350000	51,580000
3,307762	680,032241	125,989	0,149614	22,350000	51,580000
3,305755	679,932867	126,089	0,149574	22,350000	51,580000
3,303756	677,979742	126,189	0,148797	22,350000	51,580000
3,301819	675,976317	126,289	0,148000	22,350000	51,580000
3,299735	671,554795	126,390	0,146240	22,350000	51,580000
3,297727	672,078655	126,491	0,146448	22,350000	51,595000
3,295781	668,247242	126,591	0,144923	22,350000	51,595000
3,293767	665,945695	126,691	0,144007	22,350000	51,595000
3,291744	665,688059	126,792	0,143905	22,350000	51,595000
3,289751	664,258794	126,893	0,143336	22,350000	51,595000
3,287754	662,246781	126,993	0,142535	22,350000	51,595000
3,285777	658,798141	127,094	0,141163	22,350000	51,595000
3,283824	656,272083	127,194	0,140157	22,350000	51,595000
3,281777	654,385207	127,294	0,139406	22,350000	51,595000
3,279784	652,548632	127,394	0,138675	22,350000	51,595000
3,277782	652,174446	127,494	0,138526	22,350000	51,595000
3,275833	648,210535	127,594	0,136949	22,350000	51,595000
3,273785	646,448797	127,695	0,136248	22,350000	51,595000
3,271796	644,047876	127,795	0,135292	22,350000	51,595000
3,269779	642,251786	127,895	0,134577	22,350000	51,595000
3,267795	642,335211	127,996	0,134610	22,350000	51,595000
3,265819	638,046188	128,096	0,132903	22,350000	51,595000
3,263773	636,459887	128,197	0,132272	22,350000	51,595000
3,261766	634,839235	128,297	0,131627	22,350000	51,595000
3,259791	632,054315	128,397	0,130519	22,350000	51,595000
3,257810	631,547631	128,497	0,130317	22,350000	51,620000
3,255813	629,860729	128,598	0,129646	22,350000	51,620000
3,253809	626,935949	128,698	0,128481	22,350000	51,620000
3,251822	624,002581	128,799	0,127314	22,350000	51,620000
3,249801	622,688639	128,899	0,126791	22,350000	51,620000
3,247761	621,766057	128,999	0,126424	22,350000	51,620000
3,245770	618,898938	129,099	0,125283	22,350000	51,620000
3,243776	617,960408	129,200	0,124909	22,350000	51,620000
3,241764	615,250324	129,300	0,123831	22,350000	51,620000
3,239808	613,954784	129,401	0,123315	22,350000	51,620000
3,237756	611,477799	129,501	0,122329	22,350000	51,620000
3,235837	608,194783	129,602	0,121022	22,350000	51,620000
3,233800	608,186195	129,702	0,121019	22,350000	51,620000
3,231793	605,851523	129,802	0,120090	22,350000	51,620000
3,229859	603,807612	129,902	0,119276	22,350000	51,620000
3,227841	600,366334	130,003	0,117907	22,350000	51,620000
3,225783	599,835113	130,103	0,117695	22,350000	51,620000
3,223759	598,122448	130,204	0,117014	22,350000	51,620000
3,221804	594,141361	130,304	0,115429	22,350000	51,620000
3,219803	594,175713	130,405	0,115443	22,350000	51,620000
3,217813	590,161501	130,505	0,113845	22,350000	51,595000
3,215856	587,999814	130,606	0,112985	22,350000	51,595000
3,213840	586,147289	130,706	0,112248	22,350000	51,595000
3,211798	584,136503	130,806	0,111447	22,350000	51,595000
3,209819	583,911992	130,907	0,111358	22,350000	51,595000
3,207816	582,025116	131,007	0,110607	22,350000	51,595000
3,205797	579,964029	131,107	0,109787	22,350000	51,595000
3,203745	576,780386	131,207	0,108520	22,350000	51,595000
3,201762	576,498214	131,307	0,108407	22,350000	51,595000
3,199822	573,913268	131,407	0,107378	22,350000	51,595000
3,197835	571,968730	131,507	0,106604	22,350000	51,595000
3,195743	567,780308	131,607	0,104938	22,350000	51,595000
3,193809	565,919196	131,707	0,104197	22,350000	51,595000
3,191695	564,174633	131,807	0,103502	22,350000	51,595000
3,189831	561,863271	131,907	0,102583	22,350000	51,595000
3,187760	561,871859	132,007	0,102586	22,350000	51,595000
3,185788	560,092945	132,107	0,101878	22,350000	51,595000
3,183819	555,963411	132,207	0,100234	22,350000	51,595000
3,181808	556,038248	132,307	0,100264	22,350000	51,595000
3,179752	554,276510	132,407	0,099563	22,350000	51,595000
3,177852	552,065749	132,507	0,098683	22,350000	51,580000
3,175779	549,987486	132,607	0,097856	22,350000	51,580000
3,173810	547,760777	132,707	0,096970	22,350000	51,580000
3,171790	545,924201	132,808	0,096239	22,350000	51,580000
3,169788	544,011562	132,909	0,095478	22,350000	51,580000
3,167842	542,125913	133,009	0,094727	22,350000	51,580000
3,165801	539,815778	133,110	0,093808	22,350000	51,580000
3,163792	537,488468	133,210	0,092881	22,350000	51,580000
3,161780	534,247164	133,311	0,091591	22,350000	51,580000
3,159837	532,252326	133,411	0,090797	22,350000	51,580000
3,157781	532,044991	133,511	0,090715	22,350000	51,580000
3,155801	530,457463	133,612	0,090083	22,350000	51,580000
3,153769	526,460427	133,712	0,088492	22,350000	51,580000
3,151754	525,812657	133,812	0,088234	22,350000	51,580000
3,149795	524,183417	133,912	0,087586	22,350000	51,580000
3,147824	519,920157	134,012	0,085889	22,350000	51,580000
3,145841	517,808770	134,112	0,085049	22,350000	51,580000
3,143890	515,897358	134,212	0,084288	22,350000	51,580000
3,141796	514,219044	134,312	0,083620	22,350000	51,580000
3,139781	513,827683	134,412	0,083464	22,350000	51,580000
3,137780	512,058584	134,512	0,082760	22,350000	51,580000
3,135784	509,116628	134,612	0,081589	22,350000	51,580000
3,133850	507,362251	134,712	0,080891	22,350000	51,580000
3,131811	505,849560	134,812	0,080289	22,350000	51,580000
3,129790	502,376384	134,912	0,078907	22,350000	51,580000
3,127856	500,264997	135,012	0,078066	22,350000	51,580000
3,125829	499,051655	135,113	0,077583	22,350000	51,580000
3,123847	497,456766	135,214	0,076949	22,350000	51,580000
3,121792	496,034862	135,314	0,076383	22,350000	51,580000
3,119828	493,284293	135,414	0,075288	22,350000	51,580000
3,117783	491,547091	135,515	0,074597	22,350000	51,580000
3,115805	489,635678	135,616	0,073836	22,350000	51,580000
3,113811	487,283831	135,716	0,072900	22,350000	51,580000
3,111791	485,239920	135,816	0,072086	22,350000	51,580000
3,109798	483,568968	135,918	0,071421	22,350000	51,580000
3,107816	480,294539	136,018	0,070118	22,350000	51,580000
3,105816	479,871280	136,118	0,069950	22,350000	51,580000
3,103826	478,083778	136,219	0,069238	22,350000	51,580000
3,101798	474,053618	136,319	0,067634	22,350000	51,580000
3,099788	472,117668	136,419	0,066864	22,350000	51,580000
3,097806	471,668646	136,519	0,066685	22,360000	51,585000
3,095765	469,898320	136,619	0,065980	22,360000	51,585000
3,093802	467,562421	136,720	0,065051	22,360000	51,585000
3,091816	463,989871	136,820	0,063629	22,360000	51,585000
3,089808	463,981283	136,920	0,063625	22,360000	51,585000
3,087798	461,836772	137,020	0,062772	22,360000	51,585000
3,085747	459,843161	137,120	0,061979	22,360000	51,585000
3,083810	456,750304	137,220	0,060748	22,360000	51,585000
3,081798	455,970036	137,320	0,060437	22,360000	51,585000
3,079840	454,332208	137,420	0,059785	22,360000	51,585000
3,077825	449,811312	137,521	0,057986	22,360000	51,585000
3,075836	448,855606	137,622	0,057605	22,360000	51,585000
3,073784	448,481421	137,722	0,057457	22,360000	51,585000
3,071784	446,080500	137,822	0,056501	22,360000	51,585000
3,069805	443,328704	137,922	0,055406	22,360000	51,585000
3,067791	441,766940	138,022	0,054784	22,360000	51,585000
3,065787	440,080039	138,122	0,054113	22,360000	51,585000
3,063791	438,085201	138,222	0,053319	22,360000	51,585000
3,061852	434,237840	138,322	0,051788	22,360000	51,585000
3,059818	434,419412	138,422	0,051860	22,360000	51,585000
3,057768	430,680011	138,523	0,050372	22,350000	51,595000
3,055806	428,061941	138,624	0,049330	22,350000	51,595000
3,053783	426,042566	138,724	0,048526	22,350000	51,595000
3,051816	424,613301	138,824	0,047957	22,350000	51,595000
3,049826	422,087243	138,924	0,046952	22,350000	51,595000
3,047820	419,876482	139,024	0,046072	22,350000	51,595000
3,045813	417,907408	139,125	0,045288	22,350000	51,595000
3,043829	417,682897	139,225	0,045199	22,350000	51,595000
3,041800	416,153031	139,325	0,044590	22,350000	51,595000
3,039813	414,225669	139,425	0,043823	22,350000	51,595000
3,037837	412,288493	139,526	0,043052	22,350000	51,595000
3,035829	410,086320	139,626	0,042175	22,350000	51,595000
3,033812	408,241157	139,726	0,041441	22,350000	51,595000
3,031843	406,155534	139,827	0,040611	22,350000	51,595000
3,029788	403,363252	139,927	0,039500	22,350000	51,595000
3,027811	400,812657	140,027	0,038484	22,350000	51,595000
3,025803	398,260835	140,128	0,037469	22,350000	51,595000
3,023845	396,140861	140,228	0,036625	22,350000	51,595000
3,021823	394,396298	140,328	0,035931	22,350000	51,595000
3,019837	393,000157	140,428	0,035375	22,350000	51,595000
3,017848	390,847058	140,529	0,034518	22,350000	51,595000
3,015788	389,152795	140,629	0,033844	22,350000	51,595000
3,013793	386,942034	140,729	0,032964	22,350000	51,595000
3,011894	385,561842	140,830	0,032415	22,350000	51,595000
3,009810	384,290839	140,930	0,031909	22,350000	51,595000
3,007834	382,130378	141,031	0,031049	22,350000	51,595000
3,005844	380,109777	141,131	0,030245	22,350000	51,595000
3,003866	376,046492	141,232	0,028627	22,350000	51,595000
3,001837	375,381546	141,332	0,028363	22,350000	51,595000
2,999832	373,778070	141,433	0,027725	22,350000	51,595000
2,997865	371,999156	141,533	0,027017	22,350000	51,595000
2,995829	370,079156	141,633	0,026252	22,350000	51,595000
2,993830	367,859807	141,733	0,025369	22,350000	51,595000
2,991835	365,982746	141,835	0,024622	22,350000	51,595000
2,989812	364,054158	141,935	0,023854	22,350000	51,595000
2,987855	362,466630	142,035	0,023223	22,350000	51,595000
2,985804	360,031358	142,135	0,022253	22,350000	51,595000
2,983843	358,568968	142,235	0,021671	22,350000	51,595000
2,981809	356,483344	142,335	0,020841	22,350000	51,595000
2,979778	352,277746	142,435	0,019167	22,350000	51,595000
2,977888	352,261797	142,536	0,019161	22,360000	51,570000
2,975803	350,374921	142,637	0,018410	22,360000	51,570000
2,973817	348,397260	142,737	0,017623	22,360000	51,570000
2,971851	344,541310	142,837	0,016088	22,360000	51,570000
2,969825	342,588185	142,937	0,015311	22,360000	51,570000
2,967837	340,568811	143,037	0,014507	22,360000	51,570000
2,965875	340,435086	143,137	0,014454	22,360000	51,570000
2,963826	338,490548	143,238	0,013680	22,360000	51,570000
2,961875	336,554599	143,338	0,012910	22,360000	51,570000
2,959786	334,385551	143,438	0,012046	22,360000	51,570000
2,957830	332,631173	143,538	0,011348	22,360000	51,570000
2,955838	330,279326	143,638	0,010412	22,360000	51,570000
2,953839	326,482265	143,738	0,008901	22,360000	51,570000
2,951804	324,287453	143,838	0,008027	22,360000	51,570000
2,949818	322,210417	143,938	0,007201	22,360000	51,570000
2,947821	322,276667	144,038	0,007227	22,360000	51,570000
2,945780	320,314954	144,138	0,006446	22,360000	51,570000
2,943869	318,553215	144,239	0,005745	22,360000	51,570000
2,941880	315,919196	144,340	0,004697	22,360000	51,570000
2,939838	314,489930	144,440	0,004128	22,360000	51,570000
2,937821	312,279169	144,540	0,003248	22,360000	51,570000
2,935826	310,641341	144,640	0,002596	22,360000	51,570000
2,933787	306,303245	144,740	0,000870	22,360000	51,570000
2,931768	306,337596	144,841	0,000883	22,360000	51,570000
2,929813	302,189659	144,942	-0,000768	22,360000	51,570000
2,927826	300,229173	145,042	-0,001548	22,360000	51,570000
2,925834	298,582758	145,143	-0,002203	22,360000	51,570000
2,923873	296,497134	145,243	-0,003033	22,360000	51,570000
2,921883	294,510885	145,343	-0,003824	22,360000	51,570000
2,919869	293,480341	145,443	-0,004234	22,360000	51,570000
2,917816	292,841159	145,543	-0,004488	22,360000	51,570000
2,915852	290,414475	145,643	-0,005454	22,360000	51,570000
2,913814	287,321618	145,743	-0,006685	22,360000	51,570000
2,911871	285,427381	145,843	-0,007439	22,360000	51,570000
2,909837	282,809310	145,943	-0,008481	22,360000	51,570000
2,907844	281,023035	146,043	-0,009192	22,360000	51,570000
2,905822	278,786511	146,144	-0,010082	22,360000	51,570000
2,903800	277,665181	146,245	-0,010528	22,360000	51,570000
2,901840	275,637219	146,346	-0,011335	22,360000	51,570000
2,899865	273,210535	146,446	-0,012301	22,360000	51,570000
2,897901	270,684477	146,547	-0,013307	22,350000	51,595000
2,895820	269,512847	146,647	-0,013773	22,350000	51,595000
2,893807	267,460349	146,747	-0,014590	22,350000	51,595000
2,891812	264,593230	146,848	-0,015731	22,350000	51,595000
2,889850	263,512386	146,948	-0,016161	22,350000	51,595000
2,887831	262,764015	147,048	-0,016459	22,350000	51,595000
2,885917	260,686980	147,149	-0,017286	22,350000	51,595000
2,883831	258,027197	147,250	-0,018344	22,350000	51,595000
2,881836	256,655592	147,350	-0,018890	22,350000	51,595000
2,879832	254,312333	147,450	-0,019823	22,350000	51,595000
2,877881	252,160461	147,550	-0,020679	22,350000	51,595000
2,875801	250,315297	147,650	-0,021414	22,350000	51,595000
2,873824	248,170786	147,750	-0,022267	22,350000	51,595000
2,871848	246,783233	147,850	-0,022819	22,350000	51,595000
2,869862	245,021494	147,950	-0,023521	22,350000	51,595000
2,867868	242,486848	148,050	-0,024529	22,350000	51,595000
2,865873	240,932445	148,150	-0,025148	22,350000	51,595000
2,863853	238,754809	148,250	-0,026015	22,350000	51,595000
2,861824	236,669186	148,350	-0,026845	22,350000	51,595000
2,859827	234,541850	148,450	-0,027691	22,350000	51,595000
2,857822	232,571549	148,550	-0,028476	22,350000	51,580000
2,855882	230,576712	148,650	-0,029270	22,350000	51,580000
2,853830	228,924162	148,751	-0,029927	22,350000	51,580000
2,851856	227,087586	148,851	-0,030658	22,350000	51,580000
2,849789	224,743100	148,951	-0,031591	22,350000	51,580000
2,847830	222,989950	149,051	-0,032289	22,350000	51,580000
2,845858	218,918077	149,151	-0,033910	22,350000	51,580000
2,843780	218,967150	149,252	-0,033890	22,350000	51,580000
2,841866	217,006664	149,352	-0,034670	22,350000	51,580000
2,839798	215,377424	149,452	-0,035319	22,350000	51,580000
2,837954	213,100414	149,552	-0,036225	22,350000	51,580000
2,835822	211,263839	149,653	-0,036956	22,350000	51,580000
2,833899	209,427263	149,753	-0,037687	22,350000	51,580000
2,831866	206,908566	149,853	-0,038689	22,350000	51,580000
2,829833	205,305090	149,953	-0,039328	22,350000	51,580000
2,827869	200,982942	150,053	-0,041048	22,350000	51,580000
2,825840	201,449140	150,154	-0,040862	22,350000	51,580000
2,823841	199,529140	150,255	-0,041626	22,350000	51,580000
2,821856	197,633676	150,356	-0,042381	22,350000	51,580000
2,819856	195,090442	150,456	-0,043393	22,350000	51,580000
2,817809	193,187618	150,557	-0,044150	22,340000	51,580000
2,815844	189,489930	150,657	-0,045622	22,340000	51,580000
2,813851	187,129495	150,757	-0,046562	22,340000	51,580000
2,811814	185,301508	150,857	-0,047289	22,340000	51,580000
2,809814	183,090747	150,958	-0,048169	22,340000	51,580000
2,807831	181,553520	151,058	-0,048781	22,340000	51,580000
2,805862	181,769443	151,158	-0,048695	22,340000	51,580000
2,803796	179,550094	151,259	-0,049578	22,340000	51,580000
2,801851	177,222784	151,359	-0,050504	22,340000	51,580000
2,799818	174,090668	151,461	-0,051751	22,340000	51,580000
2,797838	172,652815	151,561	-0,052323	22,340000	51,580000
2,795835	170,416290	151,662	-0,053213	22,340000	51,580000
2,793842	167,557760	151,762	-0,054351	22,340000	51,580000
2,791882	166,568929	151,862	-0,054745	22,340000	51,580000
2,789811	165,688059	151,962	-0,055095	22,340000	51,580000
2,787842	161,856647	152,063	-0,056620	22,340000	51,580000
2,785860	160,136621	152,163	-0,057305	22,340000	51,580000
2,783791	158,765016	152,263	-0,057851	22,340000	51,580000
2,781819	157,086703	152,363	-0,058519	22,340000	51,580000
2,779858	154,318958	152,464	-0,059620	22,340000	51,580000
2,777848	152,465207	152,565	-0,060358	22,340000	51,580000
2,775855	150,795481	152,665	-0,061022	22,340000	51,580000
2,773845	148,352848	152,765	-0,061995	22,340000	51,580000
2,771863	146,723608	152,865	-0,062643	22,340000	51,580000
2,769802	145,543391	152,965	-0,063113	22,340000	51,580000
2,767828	142,967032	153,065	-0,064138	22,340000	51,580000
2,765821	140,864233	153,165	-0,064975	22,340000	51,580000
2,763845	138,695185	153,265	-0,065838	22,340000	51,580000
2,761844	137,299044	153,365	-0,066394	22,340000	51,580000
2,759849	135,096871	153,465	-0,067271	22,340000	51,580000
2,757832	133,201407	153,566	-0,068025	22,340000	51,580000
2,755855	131,140321	153,666	-0,068845	22,340000	51,580000
2,753844	128,788474	153,766	-0,069781	22,340000	51,580000
2,751803	127,418096	153,867	-0,070327	22,340000	51,580000
2,749850	125,106735	153,967	-0,071247	22,340000	51,580000
2,747822	123,686057	154,068	-0,071812	22,340000	51,580000
2,745836	121,616383	154,169	-0,072636	22,340000	51,580000
2,743846	119,788395	154,269	-0,073363	22,340000	51,580000
2,741840	117,403423	154,369	-0,074313	22,340000	51,580000
2,739887	113,580598	154,470	-0,075834	22,360000	51,585000
2,737806	114,012445	154,570	-0,075662	22,360000	51,585000
2,735797	112,026195	154,670	-0,076453	22,360000	51,585000
2,733890	107,439051	154,772	-0,078278	22,360000	51,585000
2,731914	107,978859	154,873	-0,078063	22,360000	51,585000
2,729878	105,793862	154,973	-0,078933	22,360000	51,585000
2,727853	103,973235	155,073	-0,079658	22,360000	51,585000
2,725838	101,680276	155,173	-0,080570	22,360000	51,585000
2,723880	99,718564	155,274	-0,081351	22,360000	51,585000
2,721830	98,014486	155,375	-0,082029	22,360000	51,585000
2,719864	96,161962	155,476	-0,082767	22,360000	51,585000
2,717912	94,283674	155,576	-0,083514	22,360000	51,585000
2,715840	89,844977	155,676	-0,085281	22,360000	51,585000
2,713803	88,307750	155,776	-0,085893	22,360000	51,585000
2,711815	86,164465	155,876	-0,086746	22,360000	51,585000
2,709858	84,219928	155,976	-0,087520	22,360000	51,585000
2,707884	84,235877	156,077	-0,087513	22,360000	51,585000
2,705805	81,468132	156,177	-0,088615	22,360000	51,585000
2,703811	80,413052	156,277	-0,089035	22,360000	51,585000
2,701839	77,977780	156,378	-0,090004	22,360000	51,585000
2,699844	75,385472	156,478	-0,091036	22,350000	51,595000
2,697872	73,822482	156,578	-0,091658	22,350000	51,595000
2,695821	70,647427	156,678	-0,092921	22,350000	51,595000
2,693859	68,869739	156,779	-0,093629	22,350000	51,595000
2,691836	66,500716	156,879	-0,094572	22,350000	51,595000
2,689904	65,130339	156,980	-0,095117	22,350000	51,595000
2,687827	63,043489	157,080	-0,095948	22,350000	51,595000
2,685803	61,631399	157,180	-0,096510	22,350000	51,595000
2,683795	60,259795	157,280	-0,097056	22,350000	51,595000
2,681861	57,591424	157,380	-0,098118	22,350000	51,595000
2,679865	55,772024	157,480	-0,098842	22,350000	51,595000
2,677853	54,067947	157,580	-0,099520	22,350000	51,595000
2,675828	50,702732	157,680	-0,100859	22,350000	51,595000
2,673862	48,674770	157,780	-0,101667	22,350000	51,595000
2,671861	46,904444	157,880	-0,102371	22,350000	51,595000
2,669881	45,708278	157,981	-0,102847	22,350000	51,595000
2,667857	43,414092	158,081	-0,103760	22,350000	51,595000
2,665863	41,337056	158,181	-0,104587	22,350000	51,595000
2,663878	39,558142	158,281	-0,105295	22,350000	51,595000
2,661879	37,596429	158,381	-0,106076	22,350000	51,595000
2,659872	35,710780	158,481	-0,106826	22,350000	51,565000
2,657869	34,014064	158,581	-0,107501	22,350000	51,565000
2,655823	32,103879	158,681	-0,108262	22,350000	51,565000
2,653851	29,285833	158,782	-0,109383	22,350000	51,565000
2,651860	27,158498	158,882	-0,110230	22,350000	51,565000
2,649867	25,363635	158,982	-0,110944	22,350000	51,565000
2,647847	23,327085	159,082	-0,111755	22,350000	51,565000
2,645906	22,096567	159,183	-0,112245	22,350000	51,565000
2,643810	19,453959	159,283	-0,113296	22,350000	51,565000
2,641876	17,859071	159,383	-0,113931	22,350000	51,565000
2,639835	15,881409	159,483	-0,114718	22,350000	51,565000
2,637803	13,919696	159,583	-0,115499	22,350000	51,565000
2,635824	11,592386	159,683	-0,116425	22,350000	51,565000
2,633879	9,548475	159,783	-0,117239	22,350000	51,565000
2,631861	7,694724	159,883	-0,117977	22,350000	51,565000
2,629827	5,434889	159,983	-0,118876	22,350000	51,565000
2,627839	3,889074	160,083	-0,119491	22,350000	51,565000
2,625832	1,537227	160,183	-0,120427	22,350000	51,565000
2,623862	-0,449022	160,284	-0,121218	22,350000	51,565000
2,621884	-2,443860	160,384	-0,122012	22,350000	51,565000
2,619896	-3,848589	160,485	-0,122571	22,360000	51,545000
2,617812	-8,585408	160,586	-0,124456	22,360000	51,545000
2,615811	-8,286059	160,687	-0,124337	22,360000	51,545000
