Quasi static measurement routine
Tip parameters (shape,radius, material...) 
05.09.2022

Piezo position[nm]	MEMS displ.[nm]	Time[ms]	Cap [pf]	Temp [°C]	Rh [%]
eoh
1,936037	0,119436	0,223	-0,069232	94,110000	0,000000
1,938039	2,347731	0,323	-0,068303	94,110000	0,000000
1,940034	3,316097	0,423	-0,067899	94,110000	0,000000
1,941999	4,037395	0,523	-0,067598	94,110000	0,000000
1,944003	8,162611	0,623	-0,065878	94,110000	0,000000
1,945995	8,106406	0,723	-0,065901	94,180000	0,000000
1,948038	10,493949	0,823	-0,064906	94,180000	0,000000
1,950023	12,263236	0,923	-0,064168	94,180000	0,000000
1,952035	16,348640	1,023	-0,062464	94,180000	0,000000
1,954032	18,568739	1,123	-0,061539	94,180000	0,000000
1,955988	20,313437	1,223	-0,060811	94,180000	0,000000
1,957962	22,424638	1,323	-0,059931	94,180000	0,000000
1,959984	24,438652	1,423	-0,059091	94,180000	0,000000
1,962009	26,342598	1,523	-0,058297	94,180000	0,000000
1,964059	28,618902	1,623	-0,057348	94,180000	0,000000
1,966000	30,657505	1,724	-0,056498	94,180000	0,000000
1,968014	32,196118	1,825	-0,055856	94,180000	0,000000
1,969979	34,028636	1,925	-0,055092	94,180000	0,000000
1,971999	36,082462	2,025	-0,054235	94,180000	0,000000
1,974009	38,074228	2,125	-0,053405	94,180000	0,000000
1,975984	40,548421	2,225	-0,052373	94,180000	0,000000
1,978033	42,364546	2,325	-0,051616	94,180000	0,000000
1,980028	44,673636	2,425	-0,050653	94,180000	0,000000
1,982054	44,482773	2,525	-0,050732	94,180000	0,000000
1,984030	48,663023	2,625	-0,048989	94,180000	0,000000
1,986090	48,606818	2,725	-0,049013	94,180000	0,000000
1,987991	50,495541	2,826	-0,048225	94,180000	0,000000
1,989954	52,652409	2,927	-0,047326	94,180000	0,000000
1,992047	54,993115	3,027	-0,046350	94,180000	0,000000
1,993998	56,649993	3,127	-0,045659	94,180000	0,000000
1,996014	60,306833	3,227	-0,044134	94,180000	0,000000
1,997978	61,798608	3,327	-0,043512	94,180000	0,000000
2,000025	63,734169	3,428	-0,042705	94,180000	0,000000
2,002025	65,042107	3,528	-0,042159	94,180000	0,000000
2,004012	67,850017	3,629	-0,040988	94,180000	0,000000
2,006012	69,936629	3,729	-0,040118	94,180000	0,000000
2,008010	72,006848	3,829	-0,039255	94,180000	0,000000
2,009963	73,188324	3,930	-0,038762	94,180000	0,000000
2,012000	75,115689	4,030	-0,037958	94,180000	0,000000
2,013986	77,622667	4,130	-0,036913	94,180000	0,000000
2,016013	79,398981	4,230	-0,036172	94,180000	0,000000
2,018007	81,969190	4,330	-0,035101	94,180000	0,000000
2,020024	82,904770	4,430	-0,034710	94,180000	0,000000
2,022061	85,054613	4,531	-0,033814	94,180000	0,000000
2,023966	87,688053	4,631	-0,032716	94,160000	0,000000
2,026044	89,472563	4,731	-0,031972	94,160000	0,000000
2,028025	91,542781	4,831	-0,031108	94,160000	0,000000
2,029999	93,803863	4,931	-0,030166	94,160000	0,000000
2,032028	95,294468	5,031	-0,029544	94,160000	0,000000
2,034002	97,364686	5,131	-0,028681	94,160000	0,000000
2,036061	99,657383	5,231	-0,027725	94,160000	0,000000
2,037986	101,164381	5,331	-0,027096	94,160000	0,000000
2,040020	103,503916	5,431	-0,026121	94,160000	0,000000
2,042050	105,804809	5,531	-0,025161	94,160000	0,000000
2,043961	107,557704	5,631	-0,024430	94,160000	0,000000
2,045990	109,596307	5,731	-0,023580	94,160000	0,000000
2,048052	111,500253	5,831	-0,022786	94,160000	0,000000
2,050000	113,712155	5,931	-0,021864	94,160000	0,000000
2,052055	115,775348	6,031	-0,021003	94,160000	0,000000
2,054008	117,734328	6,131	-0,020187	94,160000	0,000000
2,055998	119,852555	6,232	-0,019303	94,160000	0,000000
2,058015	121,454399	6,333	-0,018635	94,160000	0,000000
2,060004	123,707284	6,433	-0,017696	94,160000	0,000000
2,062008	125,634649	6,534	-0,016892	94,160000	0,000000
2,063949	127,022210	6,635	-0,016313	94,160000	0,000000
2,066022	129,640428	6,735	-0,015222	94,160000	0,000000
2,067993	131,734066	6,836	-0,014349	94,160000	0,000000
2,069968	133,543165	6,937	-0,013594	94,160000	0,000000
2,071976	135,319479	7,037	-0,012854	94,160000	0,000000
2,074002	137,627398	7,137	-0,011891	94,160000	0,000000
2,076060	139,587549	7,238	-0,011074	94,160000	0,000000
2,077984	141,569947	7,338	-0,010247	94,160000	0,000000
2,080024	143,656559	7,439	-0,009377	94,160000	0,000000
2,082005	145,758393	7,539	-0,008500	94,160000	0,000000
2,083964	147,931655	7,639	-0,007594	94,160000	0,000000
2,086019	151,080308	7,739	-0,006281	94,160000	0,000000
2,088005	153,079099	7,840	-0,005448	94,160000	0,000000
2,089970	155,895206	7,940	-0,004273	94,160000	0,000000
2,091981	157,759339	8,040	-0,003496	94,160000	0,000000
2,094044	159,900985	8,141	-0,002603	94,160000	0,000000
2,096024	161,820153	8,241	-0,001803	94,160000	0,000000
2,098045	164,159688	8,341	-0,000827	94,160000	0,000000
2,099967	166,246300	8,441	0,000043	94,160000	0,000000
2,102000	167,507400	8,541	0,000569	94,160000	0,000000
2,104011	170,157234	8,641	0,001674	94,130000	0,000000
2,105991	172,583418	8,741	0,002686	94,130000	0,000000
2,108009	174,043578	8,841	0,003294	94,130000	0,000000
2,110083	174,296500	8,941	0,003400	94,130000	0,000000
2,112042	175,851506	9,041	0,004048	94,130000	0,000000
2,114029	179,413500	9,141	0,005534	94,130000	0,000000
2,116017	180,888883	9,241	0,006149	94,130000	0,000000
2,118022	182,522342	9,341	0,006830	94,130000	0,000000
2,119968	185,401679	9,441	0,008031	94,130000	0,000000
2,122002	188,074931	9,541	0,009146	94,130000	0,000000
2,123997	189,922671	9,641	0,009916	94,130000	0,000000
2,126063	192,120522	9,741	0,010833	94,130000	0,000000
2,128008	193,841802	9,841	0,011550	94,130000	0,000000
2,129947	196,149721	9,941	0,012513	94,130000	0,000000
2,131987	198,092307	10,041	0,013323	94,130000	0,000000
2,134034	200,472825	10,141	0,014315	94,130000	0,000000
2,136003	201,995045	10,241	0,014950	94,130000	0,000000
2,137971	203,224530	10,342	0,015463	94,130000	0,000000
2,139990	205,612073	10,442	0,016458	94,130000	0,000000
2,141931	206,294730	10,542	0,016743	94,130000	0,000000
2,143979	208,491410	10,643	0,017659	94,130000	0,000000
2,145985	210,220886	10,743	0,018380	94,130000	0,000000
2,147989	212,322720	10,843	0,019257	94,130000	0,000000
2,150018	214,590827	10,943	0,020203	94,130000	0,000000
2,151958	218,430334	11,043	0,021804	94,130000	0,000000
2,153974	218,772248	11,143	0,021946	94,130000	0,000000
2,155998	220,968928	11,244	0,022862	94,130000	0,000000
2,158017	222,658592	11,345	0,023567	94,130000	0,000000
2,160003	224,054350	11,445	0,024149	94,130000	0,000000
2,162022	226,910269	11,546	0,025340	94,130000	0,000000
2,163976	230,359853	11,647	0,026778	94,130000	0,000000
2,165949	230,804809	11,748	0,026964	94,130000	0,000000
2,167950	232,652550	11,849	0,027734	94,130000	0,000000
2,170014	234,421838	11,949	0,028472	94,130000	0,000000
2,172015	236,578706	12,049	0,029372	94,130000	0,000000
2,174020	238,744942	12,149	0,030275	94,130000	0,000000
2,175950	240,798767	12,249	0,031131	94,130000	0,000000
2,177970	242,820978	12,349	0,031975	94,130000	0,000000
2,179994	244,779957	12,449	0,032792	94,130000	0,000000
2,181978	248,699088	12,551	0,034426	94,130000	0,000000
2,184016	250,649871	12,651	0,035239	94,130000	0,000000
2,185993	252,537423	12,752	0,036026	94,130000	0,000000
2,187973	254,632232	12,853	0,036900	94,130000	0,000000
2,190002	254,853539	12,953	0,036992	94,180000	0,000000
2,192040	256,551400	13,053	0,037700	94,180000	0,000000
2,194017	259,066575	13,153	0,038749	94,180000	0,000000
2,195990	260,993939	13,253	0,039553	94,180000	0,000000
2,197978	262,801868	13,354	0,040307	94,180000	0,000000
2,200013	264,840471	13,454	0,041157	94,180000	0,000000
2,202026	266,934109	13,554	0,042030	94,180000	0,000000
2,203995	268,774824	13,654	0,042797	94,180000	0,000000
2,205972	270,908273	13,754	0,043687	94,180000	0,000000
2,207998	272,923458	13,854	0,044527	94,180000	0,000000
2,210003	274,905857	13,954	0,045354	94,180000	0,000000
2,212019	277,801587	14,054	0,046562	94,180000	0,000000
2,214032	279,847216	14,155	0,047415	94,180000	0,000000
2,215984	282,862382	14,255	0,048672	94,180000	0,000000
2,218017	285,130489	14,355	0,049618	94,180000	0,000000
2,219970	286,415009	14,456	0,050153	94,180000	0,000000
2,221971	289,064842	14,556	0,051258	94,180000	0,000000
2,223975	290,968787	14,656	0,052052	94,180000	0,000000
2,225998	293,062425	14,756	0,052925	94,180000	0,000000
2,228002	295,204071	14,857	0,053818	94,180000	0,000000
2,229983	296,401941	14,957	0,054318	94,160000	0,000000
2,231973	298,970979	15,057	0,055389	94,160000	0,000000
2,234047	300,970942	15,157	0,056223	94,160000	0,000000
2,236000	301,240258	15,257	0,056335	94,160000	0,000000
2,238024	303,127810	15,357	0,057123	94,160000	0,000000
2,240003	305,142995	15,457	0,057963	94,160000	0,000000
2,241974	307,157009	15,557	0,058803	94,160000	0,000000
2,243982	309,172193	15,657	0,059643	94,160000	0,000000
2,245994	311,226019	15,757	0,060500	94,160000	0,000000
2,248020	314,161561	15,857	0,061724	94,160000	0,000000
2,250037	315,985883	15,957	0,062484	94,160000	0,000000
2,251929	318,905032	16,057	0,063702	94,160000	0,000000
2,254008	321,038482	16,157	0,064591	94,160000	0,000000
2,255971	322,846410	16,257	0,065345	94,160000	0,000000
2,258020	323,401435	16,358	0,065577	94,160000	0,000000
2,260048	326,265550	16,459	0,066771	94,160000	0,000000
2,262031	328,161299	16,559	0,067562	94,160000	0,000000
2,264025	330,294749	16,659	0,068451	94,090000	0,000000
2,265998	333,388367	16,759	0,069741	94,090000	0,000000
2,267967	334,435186	16,859	0,070178	94,090000	0,000000
2,269989	336,362551	16,959	0,070981	94,090000	0,000000
2,271968	338,504197	17,059	0,071875	94,090000	0,000000
2,273972	339,241888	17,159	0,072182	94,090000	0,000000
2,275968	341,463158	17,259	0,073108	94,090000	0,000000
2,277962	343,890513	17,359	0,074121	94,090000	0,000000
2,280085	346,238244	17,459	0,075100	94,090000	0,000000
2,282006	349,363478	17,559	0,076403	94,090000	0,000000
2,284025	349,696024	17,660	0,076542	94,090000	0,000000
2,286079	351,862260	17,760	0,077445	94,090000	0,000000
2,287978	353,615155	17,860	0,078176	94,090000	0,000000
2,289979	355,486314	17,960	0,078956	94,090000	0,000000
2,291983	357,335226	18,061	0,079727	94,090000	0,000000
2,293976	360,753194	18,162	0,081152	94,090000	0,000000
2,296003	361,848022	18,262	0,081609	94,090000	0,000000
2,298019	363,561104	18,362	0,082323	94,090000	0,000000
2,300004	366,116092	18,462	0,083389	94,090000	0,000000
2,301992	367,400611	18,562	0,083924	94,090000	0,000000
2,304047	369,422821	18,662	0,084768	94,090000	0,000000
2,306000	373,405182	18,762	0,086428	94,090000	0,000000
2,307949	373,754122	18,862	0,086574	94,090000	0,000000
2,309964	377,569039	18,962	0,088165	94,090000	0,000000
2,312007	379,306711	19,062	0,088889	94,090000	0,000000
2,314016	379,361745	19,163	0,088912	94,090000	0,000000
2,316007	381,440160	19,263	0,089779	94,090000	0,000000
2,318023	383,739883	19,364	0,090738	94,090000	0,000000
2,319963	385,406128	19,464	0,091433	94,090000	0,000000
2,321991	387,365108	19,564	0,092250	94,090000	0,000000
2,324025	389,601600	19,665	0,093182	94,090000	0,000000
2,326004	391,648400	19,765	0,094036	94,090000	0,000000
2,327990	393,496141	19,865	0,094806	94,090000	0,000000
2,330001	397,589741	19,965	0,096513	94,090000	0,000000
2,331952	399,540524	20,065	0,097327	94,090000	0,000000
2,333995	401,801606	20,165	0,098270	94,090000	0,000000
2,335989	403,903440	20,266	0,099146	94,090000	0,000000
2,338023	403,848406	20,366	0,099123	94,090000	0,000000
2,340068	407,535690	20,466	0,100661	94,090000	0,000000
2,342011	407,345998	20,567	0,100582	94,090000	0,000000
2,344041	409,662114	20,668	0,101547	94,090000	0,000000
2,345973	411,518051	20,768	0,102321	94,090000	0,000000
2,347985	413,905594	20,868	0,103317	94,130000	0,000000
2,350003	415,635070	20,968	0,104038	94,130000	0,000000
2,351978	417,491007	21,068	0,104812	94,130000	0,000000
2,354038	419,664269	21,168	0,105718	94,130000	0,000000
2,356012	421,877342	21,268	0,106641	94,130000	0,000000
2,358009	423,884330	21,368	0,107478	94,130000	0,000000
2,359979	425,780079	21,468	0,108269	94,130000	0,000000
2,361982	427,888939	21,568	0,109148	94,130000	0,000000
2,363967	431,784650	21,668	0,110772	94,130000	0,000000
2,365958	433,394690	21,768	0,111444	94,130000	0,000000
2,367973	435,980122	21,868	0,112522	94,130000	0,000000
2,369988	437,756435	21,968	0,113263	94,130000	0,000000
2,372050	439,771620	22,068	0,114103	94,130000	0,000000
2,373984	441,858232	22,169	0,114973	94,130000	0,000000
2,375946	444,134536	22,269	0,115922	94,130000	0,000000
2,378037	445,435449	22,370	0,116465	94,130000	0,000000
2,379969	445,910849	22,470	0,116663	94,130000	0,000000
2,381991	447,854607	22,570	0,117474	94,130000	0,000000
2,384030	449,805390	22,670	0,118287	94,210000	0,000000
2,385998	452,764351	22,771	0,119521	94,210000	0,000000
2,388008	455,000843	22,871	0,120454	94,210000	0,000000
2,390022	456,706900	22,971	0,121165	94,210000	0,000000
2,392021	459,855553	23,072	0,122478	94,210000	0,000000
2,393987	461,902353	23,172	0,123332	94,210000	0,000000
2,396006	463,908170	23,272	0,124168	94,210000	0,000000
2,397995	465,582612	23,372	0,124866	94,210000	0,000000
2,399984	467,867113	23,472	0,125819	94,210000	0,000000
2,402018	468,184437	23,572	0,125951	94,210000	0,000000
2,403986	470,301493	23,672	0,126834	94,210000	0,000000
2,406025	471,824884	23,772	0,127469	94,210000	0,000000
2,407983	475,219434	23,872	0,128885	94,210000	0,000000
2,409961	475,782655	23,972	0,129120	94,210000	0,000000
2,411979	478,289634	24,072	0,130165	94,210000	0,000000
2,413967	481,827038	24,172	0,131640	94,210000	0,000000
2,416002	481,850457	24,272	0,131650	94,210000	0,000000
2,418026	484,222778	24,373	0,132639	94,210000	0,000000
2,420011	488,077507	24,473	0,134247	94,210000	0,000000
2,422029	488,506070	24,573	0,134425	94,210000	0,000000
2,424016	490,719143	24,673	0,135348	94,210000	0,000000
2,425992	493,422840	24,773	0,136476	94,210000	0,000000
2,428043	495,438025	24,873	0,137316	94,210000	0,000000
2,429985	497,381782	24,973	0,138126	94,210000	0,000000
2,432039	499,412189	25,074	0,138973	94,210000	0,000000
2,433983	500,347769	25,175	0,139363	94,210000	0,000000
2,435990	502,830158	25,275	0,140398	94,210000	0,000000
2,437992	504,797334	25,375	0,141219	94,210000	0,000000
2,439991	506,780903	25,475	0,142046	94,210000	0,000000
2,442023	508,962361	25,575	0,142956	94,210000	0,000000
2,443974	510,627436	25,675	0,143650	94,210000	0,000000
2,445942	512,697654	25,776	0,144513	94,210000	0,000000
2,447976	514,418934	25,877	0,145231	94,210000	0,000000
2,450028	518,464525	25,977	0,146918	94,210000	0,000000
2,452004	518,552346	26,077	0,146955	94,210000	0,000000
2,453949	520,415308	26,178	0,147731	94,210000	0,000000
2,455981	522,247827	26,278	0,148496	94,210000	0,000000
2,458011	524,199781	26,378	0,149310	94,210000	0,000000
2,460006	526,245410	26,479	0,150163	94,210000	0,000000
2,462018	528,212586	26,580	0,150983	94,210000	0,000000
2,464028	530,124728	26,680	0,151780	94,180000	0,000000
2,466004	532,567306	26,781	0,152799	94,180000	0,000000
2,467958	534,368209	26,882	0,153550	94,180000	0,000000
2,470017	536,461846	26,982	0,154423	94,180000	0,000000
2,472011	540,522660	27,082	0,156116	94,180000	0,000000
2,474055	541,435992	27,183	0,156497	94,180000	0,000000
2,476025	544,370363	27,284	0,157721	94,180000	0,000000
2,478006	546,496787	27,385	0,158607	94,180000	0,000000
2,480006	548,542416	27,485	0,159460	94,180000	0,000000
2,481979	550,509592	27,585	0,160281	94,180000	0,000000
2,484016	552,357333	27,685	0,161051	94,180000	0,000000
2,486017	554,317484	27,785	0,161869	94,180000	0,000000
2,487996	556,363113	27,885	0,162722	94,180000	0,000000
2,490004	556,394728	27,985	0,162735	94,180000	0,000000
2,491983	558,727237	28,085	0,163708	94,180000	0,000000
2,493980	560,217841	28,185	0,164329	94,180000	0,000000
2,496038	562,558547	28,285	0,165305	94,180000	0,000000
2,497990	566,286814	28,385	0,166860	94,180000	0,000000
2,500066	566,310233	28,485	0,166870	94,180000	0,000000
2,501984	568,570144	28,585	0,167812	94,180000	0,000000
2,504018	570,831226	28,686	0,168755	94,160000	0,000000
2,505999	574,456450	28,786	0,170267	94,160000	0,000000
2,508011	574,337015	28,886	0,170217	94,160000	0,000000
2,509984	576,701139	28,986	0,171203	94,160000	0,000000
2,511958	579,168306	29,087	0,172231	94,160000	0,000000
2,513973	581,119089	29,187	0,173045	94,160000	0,000000
2,515943	584,498417	29,287	0,174454	94,160000	0,000000
2,518018	586,060449	29,387	0,175105	94,160000	0,000000
2,519956	587,861352	29,488	0,175856	94,160000	0,000000
2,521959	589,597853	29,588	0,176581	94,160000	0,000000
2,524002	592,049798	29,689	0,177603	94,160000	0,000000
2,525962	593,460778	29,789	0,178191	94,160000	0,000000
2,528026	594,618836	29,889	0,178674	94,160000	0,000000
2,530030	597,982942	29,989	0,180077	94,160000	0,000000
2,531968	600,091802	30,089	0,180957	94,160000	0,000000
2,533967	601,749850	30,190	0,181648	94,160000	0,000000
2,536019	603,653796	30,290	0,182442	94,160000	0,000000
2,537975	605,112785	30,391	0,183050	94,160000	0,000000
2,539996	606,850457	30,491	0,183775	94,160000	0,000000
2,542041	608,975710	30,591	0,184661	94,160000	0,000000
2,543974	610,570528	30,692	0,185326	94,110000	0,000000
2,546002	613,544711	30,792	0,186566	94,110000	0,000000
2,547995	614,933444	30,892	0,187146	94,110000	0,000000
2,550014	616,852612	30,992	0,187946	94,110000	0,000000
2,552004	618,731968	31,093	0,188729	94,110000	0,000000
2,553977	620,818580	31,193	0,189600	94,110000	0,000000
2,555978	622,769363	31,294	0,190413	94,110000	0,000000
2,558001	624,975410	31,394	0,191333	94,110000	0,000000
2,559974	626,909800	31,494	0,192140	94,110000	0,000000
2,561963	628,576045	31,595	0,192834	94,110000	0,000000
2,563956	630,978811	31,695	0,193836	94,110000	0,000000
2,565962	634,929556	31,795	0,195484	94,110000	0,000000
2,567990	634,906138	31,895	0,195474	94,110000	0,000000
2,569962	636,896733	31,995	0,196304	94,110000	0,000000
2,572010	638,760866	32,095	0,197082	94,110000	0,000000
2,573969	640,728043	32,195	0,197902	94,110000	0,000000
2,575950	642,520749	32,295	0,198649	94,110000	0,000000
2,577959	644,749045	32,395	0,199579	94,110000	0,000000
2,579998	646,859075	32,495	0,200458	94,110000	0,000000
2,581973	649,120157	32,596	0,201401	94,110000	0,000000
2,583968	650,919889	32,696	0,202152	94,210000	0,000000
2,585938	655,123557	32,796	0,203905	94,210000	0,000000
2,588007	656,844837	32,896	0,204623	94,210000	0,000000
2,589999	659,074303	32,997	0,205552	94,210000	0,000000
2,592030	661,215949	33,097	0,206445	94,210000	0,000000
2,594010	661,516880	33,197	0,206571	94,210000	0,000000
2,595987	662,913810	33,297	0,207153	94,210000	0,000000
2,597995	664,769747	33,397	0,207927	94,210000	0,000000
2,599963	666,943008	33,497	0,208833	94,210000	0,000000
2,601966	670,925369	33,598	0,210494	94,210000	0,000000
2,603959	670,869164	33,699	0,210471	94,210000	0,000000
2,606005	673,027203	33,800	0,211371	94,210000	0,000000
2,607971	674,898363	33,900	0,212151	94,210000	0,000000
2,609984	676,897154	34,001	0,212984	94,210000	0,000000
2,612020	679,023578	34,102	0,213871	94,210000	0,000000
2,614037	682,100804	34,203	0,215154	94,210000	0,000000
2,615973	683,456750	34,304	0,215720	94,210000	0,000000
2,618011	687,279864	34,405	0,217314	94,210000	0,000000
2,619993	688,517545	34,505	0,217830	94,210000	0,000000
2,621955	690,650995	34,605	0,218720	94,210000	0,000000
2,624022	692,634564	34,705	0,219547	94,190000	0,000000
2,625954	694,022126	34,805	0,220125	94,190000	0,000000
2,628010	694,839441	34,905	0,220466	94,190000	0,000000
2,629907	697,140335	35,005	0,221426	94,190000	0,000000
2,631968	698,940067	35,106	0,222176	94,190000	0,000000
2,633982	702,795966	35,206	0,223784	94,190000	0,000000
2,636012	703,818195	35,306	0,224210	94,190000	0,000000
2,637987	705,674133	35,406	0,224984	94,190000	0,000000
2,640010	707,165908	35,506	0,225606	94,190000	0,000000
2,641941	708,910606	35,607	0,226334	94,190000	0,000000
2,643992	711,750131	35,707	0,227518	94,190000	0,000000
2,646017	714,042828	35,807	0,228474	94,190000	0,000000
2,648008	715,898765	35,907	0,229248	94,190000	0,000000
2,649990	718,397548	36,008	0,230290	94,190000	0,000000
2,651932	719,444366	36,109	0,230727	94,190000	0,000000
2,654033	721,316697	36,209	0,231507	94,190000	0,000000
2,655991	723,363497	36,309	0,232361	94,190000	0,000000
2,657952	727,098790	36,410	0,233918	94,190000	0,000000
2,659965	727,376302	36,510	0,234034	94,190000	0,000000
2,662018	729,288444	36,610	0,234832	94,190000	0,000000
2,664015	731,231031	36,711	0,235642	94,080000	0,000000
2,666015	734,872649	36,812	0,237160	94,080000	0,000000
2,667947	735,316434	36,913	0,237345	94,080000	0,000000
2,669947	736,831628	37,013	0,237977	94,080000	0,000000
2,672046	739,337436	37,113	0,239022	94,080000	0,000000
2,673991	742,090312	37,213	0,240170	94,080000	0,000000
2,675941	745,017658	37,313	0,241391	94,080000	0,000000
2,677962	745,048102	37,413	0,241403	94,080000	0,000000
2,679947	747,182723	37,513	0,242293	94,080000	0,000000
2,681970	749,181514	37,613	0,243127	94,080000	0,000000
2,684031	753,313755	37,714	0,244850	94,080000	0,000000
2,685947	752,949593	37,815	0,244698	94,080000	0,000000
2,687996	756,320725	37,915	0,246104	94,080000	0,000000
2,690006	759,255096	38,015	0,247328	94,080000	0,000000
2,691954	761,166067	38,115	0,248125	94,080000	0,000000
2,693958	763,244483	38,216	0,248991	94,080000	0,000000
2,695974	763,030201	38,316	0,248902	94,080000	0,000000
2,697932	766,354495	38,417	0,250288	94,080000	0,000000
2,699916	769,146011	38,517	0,251452	94,080000	0,000000
2,702006	769,019550	38,618	0,251399	94,080000	0,000000
2,704024	771,398897	38,718	0,252392	94,170000	0,000000
2,705965	773,239611	38,818	0,253159	94,170000	0,000000
2,707993	775,610761	38,918	0,254148	94,170000	0,000000
2,710026	777,252417	39,018	0,254833	94,170000	0,000000
2,711971	779,211397	39,118	0,255649	94,170000	0,000000
2,713963	782,607117	39,218	0,257065	94,170000	0,000000
2,715975	785,208942	39,318	0,258150	94,170000	0,000000
2,718014	787,207734	39,419	0,258984	94,170000	0,000000
2,719978	789,245166	39,519	0,259833	94,170000	0,000000
2,722011	789,713542	39,619	0,260029	94,170000	0,000000
2,723989	791,133890	39,719	0,260621	94,170000	0,000000
2,725996	793,219331	39,820	0,261491	94,170000	0,000000
2,727972	795,249738	39,920	0,262337	94,170000	0,000000
2,729995	796,821137	40,020	0,262993	94,170000	0,000000
2,731973	799,223902	40,120	0,263995	94,170000	0,000000
2,734015	801,508403	40,220	0,264947	94,170000	0,000000
2,735982	803,277690	40,321	0,265685	94,170000	0,000000
2,738022	805,712071	40,421	0,266700	94,170000	0,000000
2,739971	807,275274	40,522	0,267352	94,170000	0,000000
2,741946	809,329099	40,623	0,268208	94,170000	0,000000
2,743982	812,605384	40,723	0,269575	94,110000	0,000000
2,746006	815,047962	40,823	0,270593	94,110000	0,000000
2,747965	815,667388	40,923	0,270852	94,110000	0,000000
2,749974	817,769222	41,024	0,271728	94,110000	0,000000
2,751968	819,070135	41,124	0,272271	94,110000	0,000000
2,753968	821,504515	41,224	0,273286	94,110000	0,000000
2,755975	823,463495	41,325	0,274103	94,110000	0,000000
2,757975	825,669542	41,425	0,275022	94,110000	0,000000
2,759962	827,628522	41,525	0,275839	94,110000	0,000000
2,761986	829,564083	41,625	0,276646	94,110000	0,000000
2,763952	831,888396	41,725	0,277616	94,110000	0,000000
2,765990	833,982033	41,825	0,278489	94,110000	0,000000
2,767961	835,337980	41,925	0,279054	94,110000	0,000000
2,769983	837,725523	42,025	0,280050	94,110000	0,000000
2,771959	839,652887	42,125	0,280854	94,110000	0,000000
2,773998	841,588448	42,225	0,281661	94,110000	0,000000
2,775972	843,952572	42,325	0,282646	94,110000	0,000000
2,777991	847,315507	42,425	0,284049	94,110000	0,000000
2,779956	847,672643	42,525	0,284198	94,110000	0,000000
2,781951	849,631623	42,625	0,285015	94,110000	0,000000
2,784037	851,527372	42,725	0,285805	94,110000	0,000000
2,785957	853,471129	42,825	0,286616	94,110000	0,000000
2,788044	856,000356	42,925	0,287670	94,160000	0,000000
2,789953	857,658405	43,025	0,288362	94,160000	0,000000
2,791966	859,442914	43,125	0,289106	94,160000	0,000000
2,793950	861,394868	43,226	0,289920	94,160000	0,000000
2,795953	863,520121	43,326	0,290806	94,160000	0,000000
2,797962	865,892442	43,426	0,291795	94,160000	0,000000
2,799914	869,612513	43,526	0,293347	94,160000	0,000000
2,801975	871,626527	43,626	0,294187	94,160000	0,000000
2,804010	873,799788	43,726	0,295093	94,160000	0,000000
2,806019	873,625318	43,826	0,295020	94,160000	0,000000
2,807958	875,371187	43,927	0,295748	94,160000	0,000000
2,809966	877,092467	44,027	0,296466	94,160000	0,000000
2,811911	879,432001	44,128	0,297441	94,160000	0,000000
2,813960	881,304332	44,228	0,298222	94,160000	0,000000
2,815997	883,278533	44,328	0,299045	94,160000	0,000000
2,817935	885,659051	44,429	0,300038	94,160000	0,000000
2,819992	887,609834	44,529	0,300852	94,160000	0,000000
2,821960	889,632044	44,629	0,301695	94,160000	0,000000
2,823996	891,472759	44,729	0,302462	94,140000	0,000000
2,826012	893,740867	44,829	0,303408	94,140000	0,000000
2,827951	895,312266	44,930	0,304063	94,140000	0,000000
2,829937	899,595558	45,030	0,305850	94,140000	0,000000
2,831946	900,047540	45,131	0,306038	94,140000	0,000000
2,833960	902,696202	45,231	0,307143	94,140000	0,000000
2,835965	905,750009	45,331	0,308416	94,140000	0,000000
2,837979	907,788613	45,431	0,309266	94,140000	0,000000
2,839969	909,390456	45,531	0,309934	94,140000	0,000000
2,841967	911,493461	45,632	0,310811	94,140000	0,000000
2,843924	911,453650	45,732	0,310794	94,140000	0,000000
2,845947	913,578903	45,833	0,311681	94,140000	0,000000
2,847941	915,728745	45,933	0,312577	94,140000	0,000000
2,849970	918,932432	46,033	0,313913	94,140000	0,000000
2,851924	919,734525	46,133	0,314248	94,140000	0,000000
2,853927	921,867974	46,234	0,315137	94,140000	0,000000
2,855965	923,969809	46,334	0,316014	94,140000	0,000000
2,857940	927,143051	46,434	0,317337	94,140000	0,000000
2,859968	928,427570	46,534	0,317873	94,140000	0,000000
2,861962	931,592617	46,635	0,319192	94,140000	0,000000
2,863929	933,147623	46,736	0,319841	94,140000	0,000000
2,865939	934,796304	46,837	0,320528	94,140000	0,000000
2,867929	935,970755	46,938	0,321018	94,140000	0,000000
2,869961	939,238843	47,038	0,322381	94,140000	0,000000
2,871997	941,396882	47,138	0,323281	94,140000	0,000000
2,873968	942,570163	47,239	0,323770	94,140000	0,000000
2,875926	944,807826	47,339	0,324703	94,140000	0,000000
2,877976	946,861651	47,439	0,325560	94,140000	0,000000
2,879962	947,868658	47,539	0,325979	94,140000	0,000000
2,881952	949,661365	47,640	0,326727	94,140000	0,000000
2,883976	952,326420	47,741	0,327838	94,140000	0,000000
2,885944	954,040674	47,841	0,328553	94,140000	0,000000
2,887956	955,951645	47,942	0,329350	94,140000	0,000000
2,890007	959,005452	48,042	0,330624	94,140000	0,000000
2,891943	960,211518	48,143	0,331126	94,140000	0,000000
2,893995	962,035840	48,243	0,331887	94,140000	0,000000
2,895935	964,018239	48,343	0,332714	94,140000	0,000000
2,897948	966,048645	48,443	0,333561	94,140000	0,000000
2,899988	967,769925	48,543	0,334278	94,140000	0,000000
2,901927	969,301512	48,644	0,334917	94,140000	0,000000
2,903981	971,934952	48,745	0,336015	94,140000	0,000000
2,905962	973,933744	48,846	0,336849	94,140000	0,000000
2,907959	975,939561	48,947	0,337685	94,140000	0,000000
2,909949	977,788472	49,047	0,338456	94,140000	0,000000
2,911992	979,755649	49,147	0,339276	94,140000	0,000000
2,913938	984,015522	49,247	0,341053	94,140000	0,000000
2,915936	985,838673	49,347	0,341813	94,140000	0,000000
2,918005	988,044720	49,447	0,342733	94,140000	0,000000
2,919941	989,947495	49,547	0,343526	94,140000	0,000000
2,921966	989,812837	49,647	0,343470	94,140000	0,000000
2,923948	991,954483	49,747	0,344363	94,140000	0,000000
2,925956	993,905266	49,847	0,345177	94,140000	0,000000
2,927975	995,579708	49,948	0,345875	94,140000	0,000000
2,929985	997,895824	50,048	0,346841	94,140000	0,000000
2,931957	999,942624	50,148	0,347694	94,140000	0,000000
2,933969	1002,036262	50,248	0,348567	94,140000	0,000000
2,935927	1003,978848	50,348	0,349377	94,140000	0,000000
2,935904	1005,914409	50,449	0,350185	94,140000	0,000000
2,935998	1005,613478	50,549	0,350059	94,140000	0,000000
2,935953	1005,962418	50,649	0,350205	94,120000	0,000000
2,935925	1005,994033	50,749	0,350218	94,120000	0,000000
2,935897	1005,899187	50,850	0,350178	94,120000	0,000000
2,935957	1005,994033	50,950	0,350218	94,120000	0,000000
2,935914	1005,819563	51,051	0,350145	94,120000	0,000000
2,935925	1005,875768	51,151	0,350168	94,120000	0,000000
2,935944	1005,748136	51,251	0,350115	94,120000	0,000000
2,935948	1005,764529	51,351	0,350122	94,120000	0,000000
2,933963	1005,867572	51,451	0,350165	94,120000	0,000000
2,931962	1003,884002	51,551	0,349338	94,120000	0,000000
2,929897	1001,813783	51,651	0,348475	94,120000	0,000000
2,927955	999,823188	51,751	0,347645	94,120000	0,000000
2,925992	997,538688	51,851	0,346692	94,120000	0,000000
2,924019	994,675744	51,951	0,345498	94,120000	0,000000
2,921963	993,175772	52,052	0,344873	94,120000	0,000000
2,919929	989,812837	52,152	0,343470	94,120000	0,000000
2,917940	989,360855	52,253	0,343282	94,120000	0,000000
2,915945	986,291826	52,353	0,342002	94,120000	0,000000
2,913972	984,371487	52,454	0,341201	94,120000	0,000000
2,911946	981,746244	52,554	0,340106	94,120000	0,000000
2,909956	980,390297	52,655	0,339541	94,120000	0,000000
2,907951	979,167838	52,756	0,339031	94,120000	0,000000
2,905939	977,026192	52,857	0,338138	94,120000	0,000000
2,903918	974,884545	52,957	0,337245	94,120000	0,000000
2,901918	972,664447	53,057	0,336319	94,120000	0,000000
2,899977	971,180868	53,157	0,335701	94,120000	0,000000
2,897999	968,572017	53,257	0,334613	94,120000	0,000000
2,895980	966,826148	53,357	0,333885	94,120000	0,000000
2,893924	964,350785	53,457	0,332853	94,120000	0,000000
2,891949	962,574472	53,557	0,332112	94,120000	0,000000
2,889972	961,147098	53,657	0,331517	94,120000	0,000000
2,887909	958,696324	53,757	0,330495	94,120000	0,000000
2,885954	955,197561	53,857	0,329036	94,120000	0,000000
2,883983	954,642536	53,957	0,328804	94,120000	0,000000
2,881999	952,984487	54,058	0,328113	94,120000	0,000000
2,879911	950,867431	54,158	0,327230	94,120000	0,000000
2,877921	948,908451	54,258	0,326413	94,120000	0,000000
2,875938	947,075933	54,358	0,325649	94,120000	0,000000
2,873955	944,489330	54,458	0,324570	94,120000	0,000000
2,871938	942,713017	54,559	0,323830	94,120000	0,000000
2,869953	940,737644	54,659	0,323006	94,120000	0,000000
2,867936	938,977724	54,760	0,322272	94,120000	0,000000
2,865986	934,741269	54,860	0,320505	94,130000	0,000000
2,863986	934,551577	54,961	0,320426	94,130000	0,000000
2,861960	932,624213	55,061	0,319623	94,130000	0,000000
2,859996	930,823310	55,161	0,318872	94,130000	0,000000
2,857935	926,794112	55,261	0,317191	94,130000	0,000000
2,855897	926,912376	55,361	0,317241	94,130000	0,000000
2,853995	924,406568	55,461	0,316196	94,130000	0,000000
2,851985	922,494426	55,562	0,315398	94,130000	0,000000
2,849992	920,733335	55,662	0,314664	94,130000	0,000000
2,847962	916,370419	55,762	0,312845	94,130000	0,000000
2,845978	914,340012	55,863	0,311998	94,130000	0,000000
2,843974	912,500468	55,963	0,311231	94,130000	0,000000
2,841963	910,739377	56,064	0,310497	94,130000	0,000000
2,839948	910,619942	56,164	0,310447	94,130000	0,000000
2,837939	908,232398	56,265	0,309451	94,130000	0,000000
2,836008	904,536917	56,366	0,307910	94,130000	0,000000
2,833982	904,536917	56,466	0,307910	94,130000	0,000000
2,831956	902,490117	56,566	0,307057	94,130000	0,000000
2,830009	900,285241	56,666	0,306137	94,130000	0,000000
2,827992	898,309868	56,767	0,305313	94,130000	0,000000
2,825995	896,533554	56,867	0,304573	94,130000	0,000000
2,823934	894,272473	56,968	0,303630	94,160000	0,000000
2,821959	892,298271	57,068	0,302807	94,160000	0,000000
2,819960	888,721054	57,168	0,301315	94,160000	0,000000
2,817918	887,998586	57,268	0,301014	94,160000	0,000000
2,815912	884,413173	57,368	0,299519	94,160000	0,000000
2,813953	882,374569	57,468	0,298668	94,160000	0,000000
2,811935	880,463598	57,568	0,297872	94,160000	0,000000
2,809974	878,210713	57,668	0,296932	94,160000	0,000000
2,807969	876,489433	57,768	0,296214	94,160000	0,000000
2,805942	874,299779	57,868	0,295301	94,160000	0,000000
2,803978	872,118321	57,968	0,294392	94,160000	0,000000
2,802008	870,286974	58,069	0,293628	94,160000	0,000000
2,799978	868,755386	58,169	0,292989	94,160000	0,000000
2,797927	866,178151	58,269	0,291915	94,160000	0,000000
2,796012	864,734384	58,370	0,291313	94,160000	0,000000
2,793959	862,655969	58,471	0,290446	94,160000	0,000000
2,791959	860,791835	58,571	0,289668	94,160000	0,000000
2,789969	858,824659	58,672	0,288848	94,160000	0,000000
2,787968	857,571755	58,772	0,288326	94,160000	0,000000
2,785983	855,318870	58,872	0,287386	94,160000	0,000000
2,783940	853,122190	58,973	0,286470	94,080000	0,000000
2,781945	851,503953	59,073	0,285795	94,080000	0,000000
2,779932	847,823694	59,173	0,284261	94,080000	0,000000
2,777970	847,767489	59,274	0,284237	94,080000	0,000000
2,775950	845,863544	59,374	0,283443	94,080000	0,000000
2,774019	843,723068	59,474	0,282551	94,080000	0,000000
2,771974	841,367141	59,575	0,281568	94,080000	0,000000
2,770041	839,581460	59,676	0,280824	94,080000	0,000000
2,767935	837,544027	59,776	0,279974	94,080000	0,000000
2,765939	835,671697	59,876	0,279193	94,080000	0,000000
2,764006	833,609675	59,977	0,278333	94,080000	0,000000
2,762006	829,500852	60,078	0,276620	94,080000	0,000000
2,759964	827,359206	60,178	0,275727	94,080000	0,000000
2,757971	825,740970	60,278	0,275052	94,080000	0,000000
2,755992	823,257410	60,378	0,274017	94,080000	0,000000
2,753994	822,520890	60,479	0,273709	94,080000	0,000000
2,752003	819,299638	60,580	0,272366	94,080000	0,000000
2,749940	817,609975	60,680	0,271662	94,080000	0,000000
2,748001	817,380471	60,781	0,271566	94,080000	0,000000
2,745989	815,159201	60,882	0,270640	94,080000	0,000000
2,743919	813,303264	60,982	0,269866	94,080000	0,000000
2,741956	811,018763	61,082	0,268913	94,080000	0,000000
2,739946	809,416920	61,182	0,268245	94,080000	0,000000
2,737958	807,315085	61,283	0,267369	94,080000	0,000000
2,736004	805,363131	61,383	0,266555	94,080000	0,000000
2,734046	803,208605	61,484	0,265656	94,080000	0,000000
2,731998	799,391346	61,584	0,264064	94,080000	0,000000
2,729946	796,963991	61,685	0,263052	94,080000	0,000000
2,727978	795,488609	61,785	0,262437	94,080000	0,000000
2,725971	793,450006	61,885	0,261587	94,080000	0,000000
2,723987	791,308360	61,985	0,260694	94,080000	0,000000
2,721936	789,349380	62,085	0,259877	94,080000	0,000000
2,720021	787,397426	62,185	0,259063	94,080000	0,000000
2,717976	787,096495	62,286	0,258937	94,080000	0,000000
2,715973	784,961874	62,386	0,258047	94,080000	0,000000
2,713972	783,090715	62,487	0,257267	94,080000	0,000000
2,711967	781,138761	62,588	0,256453	94,080000	0,000000
2,709936	777,792219	62,688	0,255058	94,080000	0,000000
2,708019	776,966708	62,789	0,254713	94,080000	0,000000
2,705998	774,786421	62,890	0,253804	94,080000	0,000000
2,703988	773,060458	62,990	0,253084	94,080000	0,000000
2,702040	770,455120	63,090	0,251998	94,080000	0,000000
2,699983	768,646021	63,190	0,251244	94,080000	0,000000
2,697985	766,678844	63,290	0,250423	94,080000	0,000000
2,695960	764,521976	63,390	0,249524	94,080000	0,000000
2,693975	762,626227	63,490	0,248733	94,080000	0,000000
2,691958	760,436573	63,590	0,247820	94,080000	0,000000
2,689993	758,588832	63,690	0,247050	94,080000	0,000000
2,687967	756,399178	63,790	0,246137	94,080000	0,000000
2,685972	754,225916	63,890	0,245230	94,080000	0,000000
2,683953	750,283367	63,990	0,243586	94,080000	0,000000
2,681936	748,911027	64,092	0,243014	94,080000	0,000000
2,679970	748,538669	64,192	0,242859	94,080000	0,000000
2,677940	746,587886	64,292	0,242045	94,080000	0,000000
2,676012	744,707359	64,393	0,241261	94,080000	0,000000
2,673988	742,605525	64,493	0,240385	94,080000	0,000000
2,672062	740,138358	64,593	0,239356	94,080000	0,000000
2,669995	738,092729	64,693	0,238503	94,110000	0,000000
2,667905	736,459270	64,793	0,237822	94,110000	0,000000
2,665997	734,467504	64,893	0,236991	94,110000	0,000000
2,663961	732,151388	64,993	0,236025	94,110000	0,000000
2,661990	730,366878	65,094	0,235281	94,110000	0,000000
2,659950	728,407899	65,196	0,234464	94,110000	0,000000
2,657985	726,345876	65,297	0,233604	94,110000	0,000000
2,655963	722,569601	65,397	0,232030	94,110000	0,000000
2,654036	720,555587	65,497	0,231190	94,110000	0,000000
2,652029	718,199659	65,597	0,230208	94,110000	0,000000
2,650004	716,247705	65,697	0,229394	94,110000	0,000000
2,647991	714,090837	65,798	0,228494	94,110000	0,000000
2,645943	712,449181	65,898	0,227810	94,110000	0,000000
2,643974	710,299339	65,999	0,226913	94,110000	0,000000
2,641981	708,427008	66,099	0,226132	94,110000	0,000000
2,639970	706,586293	66,199	0,225365	94,110000	0,000000
2,637984	704,048870	66,300	0,224307	94,110000	0,000000
2,636035	702,065301	66,400	0,223479	94,110000	0,000000
2,634022	701,787789	66,500	0,223364	94,110000	0,000000
2,632017	700,098125	66,600	0,222659	94,110000	0,000000
2,629973	698,099333	66,700	0,221826	94,130000	0,000000
2,627999	695,974080	66,800	0,220939	94,130000	0,000000
2,625988	693,872246	66,900	0,220063	94,130000	0,000000
2,624000	691,857061	67,000	0,219223	94,130000	0,000000
2,622025	689,810261	67,101	0,218369	94,130000	0,000000
2,619974	685,971926	67,201	0,216769	94,130000	0,000000
2,618006	684,226057	67,302	0,216041	94,130000	0,000000
2,615996	682,180428	67,402	0,215188	94,130000	0,000000
2,614004	680,070397	67,502	0,214308	94,130000	0,000000
2,611935	679,808107	67,603	0,214198	94,130000	0,000000
2,609966	676,239087	67,703	0,212710	94,130000	0,000000
2,608013	674,097441	67,803	0,211817	94,130000	0,000000
2,605971	672,741494	67,903	0,211251	94,130000	0,000000
2,604008	669,608064	68,003	0,209945	94,130000	0,000000
2,601982	668,790749	68,104	0,209604	94,130000	0,000000
2,600011	667,283751	68,205	0,208976	94,130000	0,000000
2,597993	665,761531	68,305	0,208341	94,130000	0,000000
2,595973	662,905613	68,405	0,207150	94,130000	0,000000
2,593954	660,589497	68,505	0,206184	94,130000	0,000000
2,591959	658,876414	68,606	0,205470	94,130000	0,000000
2,589968	657,439673	68,706	0,204871	94,130000	0,000000
2,588014	654,196174	68,806	0,203518	94,130000	0,000000
2,585949	653,275817	68,907	0,203134	94,110000	0,000000
2,583958	651,300444	69,008	0,202311	94,110000	0,000000
2,582000	649,587361	69,108	0,201596	94,110000	0,000000
2,580028	645,352078	69,208	0,199830	94,110000	0,000000
2,577994	645,400086	69,308	0,199850	94,110000	0,000000
2,575992	643,472722	69,408	0,199046	94,110000	0,000000
2,574001	641,291264	69,508	0,198137	94,110000	0,000000
2,571986	637,245672	69,608	0,196450	94,110000	0,000000
2,570027	637,562996	69,708	0,196582	94,110000	0,000000
2,568001	635,238684	69,808	0,195613	94,110000	0,000000
2,565994	633,430755	69,908	0,194859	94,110000	0,000000
2,563974	629,265728	70,008	0,193122	94,110000	0,000000
2,561983	629,297343	70,108	0,193135	94,110000	0,000000
2,559963	626,982398	70,208	0,192170	94,110000	0,000000
2,557990	625,117094	70,309	0,191392	94,110000	0,000000
2,556005	623,325558	70,409	0,190645	94,110000	0,000000
2,553982	621,152297	70,509	0,189739	94,110000	0,000000
2,551970	619,192146	70,610	0,188921	94,160000	0,000000
2,550030	617,399440	70,710	0,188174	94,160000	0,000000
2,547993	613,401857	70,811	0,186507	94,160000	0,000000
2,545963	613,330429	70,911	0,186477	94,160000	0,000000
2,543986	611,220399	71,012	0,185597	94,160000	0,000000
2,541975	609,309427	71,112	0,184800	94,160000	0,000000
2,539992	605,105759	71,212	0,183047	94,160000	0,000000
2,538032	605,129178	71,313	0,183057	94,160000	0,000000
2,535922	603,035540	71,414	0,182184	94,160000	0,000000
2,533953	601,274449	71,514	0,181450	94,160000	0,000000
2,532062	597,300285	71,615	0,179792	94,160000	0,000000
2,530046	596,967738	71,716	0,179654	94,160000	0,000000
2,528021	593,794496	71,816	0,178331	94,160000	0,000000
2,525945	592,913950	71,916	0,177963	94,160000	0,000000
2,524018	589,099033	72,016	0,176373	94,160000	0,000000
2,521998	586,957387	72,116	0,175479	94,160000	0,000000
2,519998	584,973818	72,216	0,174652	94,160000	0,000000
2,517991	583,277128	72,317	0,173945	94,160000	0,000000
2,515983	581,205739	72,417	0,173081	94,160000	0,000000
2,513971	578,977443	72,517	0,172152	94,160000	0,000000
2,511940	577,264360	72,617	0,171437	94,160000	0,000000
2,509936	575,185945	72,717	0,170571	94,160000	0,000000
2,508029	573,456469	72,817	0,169850	94,160000	0,000000
2,505989	571,188362	72,917	0,168904	94,160000	0,000000
2,503953	569,204792	73,017	0,168077	94,160000	0,000000
2,501964	567,262206	73,118	0,167267	94,160000	0,000000
2,500015	565,152175	73,218	0,166387	94,160000	0,000000
2,497986	563,367665	73,318	0,165643	94,160000	0,000000
2,495989	561,432104	73,419	0,164835	94,160000	0,000000
2,493951	559,647594	73,519	0,164091	94,160000	0,000000
2,491957	557,346701	73,619	0,163132	94,160000	0,000000
2,489965	556,736642	73,719	0,162877	94,160000	0,000000
2,488009	553,555203	73,819	0,161551	94,160000	0,000000
2,486009	551,945163	73,920	0,160879	94,160000	0,000000
2,483987	548,701664	74,020	0,159527	94,160000	0,000000
2,482001	547,440563	74,120	0,159001	94,160000	0,000000
2,479953	546,741513	74,220	0,158709	94,160000	0,000000
2,477980	543,481621	74,320	0,157350	94,160000	0,000000
2,475970	541,577675	74,420	0,156556	94,160000	0,000000
2,473985	539,587080	74,520	0,155726	94,160000	0,000000
2,472029	537,540280	74,620	0,154873	94,160000	0,000000
2,470009	535,803779	74,720	0,154148	94,160000	0,000000
2,467910	534,304978	74,822	0,153523	94,160000	0,000000
2,465996	532,052093	74,922	0,152584	94,160000	0,000000
2,464054	530,196156	75,023	0,151810	94,160000	0,000000
2,462011	528,443261	75,123	0,151079	94,160000	0,000000
2,459985	524,723190	75,224	0,149528	94,160000	0,000000
2,458020	524,389473	75,325	0,149389	94,160000	0,000000
2,455986	522,898868	75,425	0,148767	94,160000	0,000000
2,454000	520,606171	75,525	0,147811	94,160000	0,000000
2,451965	516,410700	75,625	0,146062	94,160000	0,000000
2,450001	516,688212	75,725	0,146177	94,160000	0,000000
2,447979	514,418934	75,826	0,145231	94,160000	0,000000
2,446025	512,619202	75,926	0,144480	94,160000	0,000000
2,444031	508,502183	76,027	0,142764	94,160000	0,000000
2,441966	506,598237	76,127	0,141970	94,160000	0,000000
2,440039	504,416779	76,227	0,141060	94,160000	0,000000
2,437994	502,481218	76,327	0,140253	94,160000	0,000000
2,436009	500,435589	76,428	0,139400	94,160000	0,000000
2,433979	498,420404	76,528	0,138560	94,160000	0,000000
2,431998	496,286955	76,628	0,137670	94,140000	0,000000
2,429984	494,128916	76,729	0,136770	94,140000	0,000000
2,427980	492,360799	76,830	0,136033	94,140000	0,000000
2,425984	492,432226	76,930	0,136063	94,140000	0,000000
2,424001	490,393623	77,031	0,135212	94,140000	0,000000
2,422036	488,434643	77,131	0,134396	94,140000	0,000000
2,420009	486,324612	77,231	0,133516	94,140000	0,000000
2,418029	484,174770	77,331	0,132619	94,140000	0,000000
2,416055	480,288426	77,431	0,130999	94,140000	0,000000
2,413983	478,613984	77,531	0,130300	94,140000	0,000000
2,411939	476,551962	77,631	0,129440	94,140000	0,000000
2,409964	476,083586	77,731	0,129245	94,140000	0,000000
2,407996	474,458324	77,831	0,128567	94,140000	0,000000
2,406001	472,617609	77,931	0,127800	94,140000	0,000000
2,404016	468,508787	78,032	0,126086	94,140000	0,000000
2,401982	468,255864	78,132	0,125981	94,140000	0,000000
2,400045	466,209064	78,232	0,125127	94,140000	0,000000
2,397977	462,537002	78,332	0,123596	94,140000	0,000000
2,396006	460,181074	78,433	0,122614	94,140000	0,000000
2,394031	458,323966	78,533	0,121839	94,140000	0,000000
2,391988	456,492618	78,633	0,121076	94,140000	0,000000
2,389973	454,731527	78,734	0,120341	94,140000	0,000000
2,387970	452,113309	78,835	0,119250	94,140000	0,000000
2,385961	452,201130	78,935	0,119286	94,140000	0,000000
2,384003	448,750375	79,035	0,117847	94,140000	0,000000
2,381974	447,148531	79,135	0,117179	94,140000	0,000000
2,380023	445,824200	79,235	0,116627	94,140000	0,000000
2,377992	443,506913	79,335	0,115661	94,140000	0,000000
2,375941	440,803217	79,435	0,114533	94,140000	0,000000
2,374026	438,907468	79,535	0,113743	94,140000	0,000000
2,371968	436,717813	79,635	0,112830	94,140000	0,000000
2,370005	435,219012	79,735	0,112205	94,140000	0,000000
2,367980	432,696811	79,835	0,111153	94,140000	0,000000
2,365975	431,601984	79,935	0,110696	94,140000	0,000000
2,364002	428,976740	80,035	0,109602	94,140000	0,000000
2,362026	427,184034	80,135	0,108854	94,140000	0,000000
2,359991	425,168849	80,235	0,108014	94,140000	0,000000
2,357996	423,289493	80,335	0,107230	94,140000	0,000000
2,355995	421,297727	80,435	0,106399	94,140000	0,000000
2,354016	419,553029	80,536	0,105672	94,140000	0,000000
2,351992	417,546041	80,636	0,104835	94,140000	0,000000
2,350007	414,889182	80,736	0,103727	94,140000	0,000000
2,348022	411,850598	80,837	0,102460	94,140000	0,000000
2,346002	410,700736	80,937	0,101980	94,140000	0,000000
2,343928	409,328397	81,037	0,101408	94,140000	0,000000
2,342031	407,012281	81,137	0,100442	94,140000	0,000000
2,340013	405,759377	81,237	0,099920	94,140000	0,000000
2,338020	402,728989	81,337	0,098656	94,140000	0,000000
2,336035	401,627136	81,438	0,098197	94,140000	0,000000
2,333995	399,477293	81,538	0,097300	94,140000	0,000000
2,332012	397,621356	81,638	0,096526	94,140000	0,000000
2,330001	395,971504	81,738	0,095838	94,140000	0,000000
2,327967	391,553554	81,838	0,093996	94,140000	0,000000
2,326007	391,465734	81,939	0,093959	94,140000	0,000000
2,323984	387,959945	82,040	0,092498	94,140000	0,000000
2,321984	387,388527	82,140	0,092259	94,140000	0,000000
2,319997	385,517367	82,241	0,091479	94,140000	0,000000
2,318012	383,478764	82,341	0,090629	94,140000	0,000000
2,315990	381,368733	82,441	0,089749	94,140000	0,000000
2,313991	379,346523	82,541	0,088906	94,140000	0,000000
2,311979	377,490586	82,641	0,088132	94,140000	0,000000
2,309997	375,515213	82,741	0,087308	94,140000	0,000000
2,308013	373,539840	82,841	0,086484	94,140000	0,000000
2,306015	371,525826	82,941	0,085645	94,130000	0,000000
2,303965	369,613684	83,041	0,084847	94,130000	0,000000
2,302024	365,870194	83,142	0,083286	94,130000	0,000000
2,300001	365,599708	83,242	0,083173	94,130000	0,000000
2,297996	363,506070	83,342	0,082300	94,130000	0,000000
2,295998	361,412433	83,442	0,081427	94,130000	0,000000
2,294071	359,960469	83,542	0,080822	94,130000	0,000000
2,291970	357,383234	83,642	0,079747	94,130000	0,000000
2,289974	355,653758	83,742	0,079026	94,130000	0,000000
2,287998	353,940676	83,842	0,078312	94,130000	0,000000
2,286101	351,553132	83,942	0,077316	94,130000	0,000000
2,283999	347,482951	84,042	0,075619	94,130000	0,000000
2,281993	345,420929	84,143	0,074759	94,130000	0,000000
2,279981	343,644616	84,243	0,074018	94,130000	0,000000
2,278011	341,399927	84,344	0,073082	94,130000	0,000000
2,275966	340,662236	84,444	0,072774	94,130000	0,000000
2,273992	337,576814	84,545	0,071488	94,130000	0,000000
2,272035	335,347347	84,645	0,070558	94,130000	0,000000
2,269957	333,793512	84,745	0,069910	94,130000	0,000000
2,268039	333,348556	84,845	0,069725	94,110000	0,000000
2,266001	329,382588	84,945	0,068071	94,110000	0,000000
2,264022	329,470408	85,045	0,068107	94,110000	0,000000
2,262018	327,249138	85,145	0,067181	94,110000	0,000000
2,259982	324,067699	85,246	0,065854	94,110000	0,000000
2,258008	321,339413	85,346	0,064717	94,110000	0,000000
2,255988	319,182545	85,447	0,063817	94,110000	0,000000
2,253988	317,524496	85,547	0,063126	94,110000	0,000000
2,251986	317,405060	85,647	0,063076	94,110000	0,000000
2,250034	315,168568	85,747	0,062144	94,110000	0,000000
2,247976	313,186170	85,847	0,061317	94,110000	0,000000
2,246001	311,170985	85,947	0,060477	94,110000	0,000000
2,244016	309,346663	86,047	0,059716	94,110000	0,000000
2,242029	306,665215	86,148	0,058598	94,110000	0,000000
2,240041	305,356106	86,248	0,058052	94,110000	0,000000
2,238015	303,460357	86,349	0,057261	94,110000	0,000000
2,236009	301,240258	86,449	0,056335	94,110000	0,000000
2,234011	299,153646	86,549	0,055465	94,110000	0,000000
2,231995	296,900761	86,650	0,054526	94,170000	0,000000
2,229990	293,839928	86,751	0,053250	94,170000	0,000000
2,227970	293,411365	86,852	0,053071	94,170000	0,000000
2,225980	290,595258	86,952	0,051896	94,170000	0,000000
2,223990	288,827141	87,053	0,051159	94,170000	0,000000
2,221958	286,399786	87,153	0,050147	94,170000	0,000000
2,220007	285,280369	87,253	0,049680	94,170000	0,000000
2,217995	282,845989	87,353	0,048665	94,170000	0,000000
2,216016	280,330813	87,453	0,047616	94,170000	0,000000
2,213983	279,046294	87,553	0,047081	94,170000	0,000000
2,211984	275,565095	87,653	0,045629	94,170000	0,000000
2,210015	274,754806	87,753	0,045291	94,170000	0,000000
2,207991	272,788800	87,853	0,044471	94,170000	0,000000
2,205962	269,449284	87,953	0,043079	94,170000	0,000000
2,204041	267,211621	88,053	0,042146	94,170000	0,000000
2,201992	266,998511	88,154	0,042057	94,170000	0,000000
2,200026	264,610967	88,255	0,041061	94,170000	0,000000
2,197992	263,230431	88,356	0,040485	94,170000	0,000000
2,196002	259,058378	88,456	0,038746	94,170000	0,000000
2,193969	259,241045	88,556	0,038822	94,170000	0,000000
2,192040	257,146236	88,656	0,037948	94,170000	0,000000
2,189970	255,092410	88,757	0,037092	94,170000	0,000000
2,187975	253,236473	88,857	0,036318	94,170000	0,000000
2,186022	251,062041	88,957	0,035411	94,170000	0,000000
2,183956	247,104270	89,057	0,033761	94,170000	0,000000
2,181997	245,304538	89,157	0,033010	94,170000	0,000000
2,179996	243,812762	89,257	0,032388	94,170000	0,000000
2,177995	243,106687	89,357	0,032094	94,170000	0,000000
2,175997	241,171126	89,457	0,031287	94,170000	0,000000
2,173975	238,640728	89,557	0,030231	94,170000	0,000000
2,171965	236,189954	89,657	0,029209	94,170000	0,000000
2,170015	234,873820	89,757	0,028661	94,170000	0,000000
2,168030	233,127951	89,857	0,027933	94,170000	0,000000
2,166020	231,240398	89,957	0,027146	94,170000	0,000000
2,163973	227,124550	90,058	0,025429	94,170000	0,000000
2,162009	225,124588	90,158	0,024595	94,170000	0,000000
2,159993	223,189027	90,258	0,023788	94,170000	0,000000
2,158023	221,214825	90,358	0,022965	94,170000	0,000000
2,156008	220,294468	90,458	0,022581	94,170000	0,000000
2,153979	219,096598	90,558	0,022082	94,170000	0,000000
2,152020	217,114199	90,659	0,021255	94,170000	0,000000
2,149984	215,281681	90,759	0,020491	94,170000	0,000000
2,148028	213,100223	90,859	0,019581	94,080000	0,000000
2,146035	211,006585	90,959	0,018708	94,080000	0,000000
2,143980	209,197486	91,059	0,017954	94,080000	0,000000
2,142008	207,150686	91,159	0,017100	94,080000	0,000000
2,140028	204,977424	91,260	0,016194	94,080000	0,000000
2,138025	203,216333	91,360	0,015459	94,080000	0,000000
2,135979	199,972834	91,460	0,014107	94,080000	0,000000
2,133998	196,958839	91,561	0,012850	94,080000	0,000000
2,131990	197,093497	91,661	0,012906	94,080000	0,000000
2,129985	193,119333	91,761	0,011249	94,080000	0,000000
2,128009	190,899234	91,862	0,010323	94,080000	0,000000
2,125963	189,113553	91,962	0,009579	94,080000	0,000000
2,123999	186,655754	92,063	0,008554	94,080000	0,000000
2,121969	185,489499	92,163	0,008067	94,080000	0,000000
2,119982	183,108982	92,264	0,007075	94,080000	0,000000
2,118006	181,261241	92,365	0,006304	94,080000	0,000000
2,115997	180,714413	92,465	0,006076	94,080000	0,000000
2,114030	178,961518	92,565	0,005345	94,080000	0,000000
2,111994	175,233251	92,666	0,003791	94,080000	0,000000
2,110050	174,955739	92,766	0,003675	94,080000	0,000000
2,107959	171,084617	92,866	0,002061	94,110000	0,000000
2,105996	170,212268	92,966	0,001697	94,110000	0,000000
2,104006	168,475766	93,066	0,000973	94,110000	0,000000
2,102017	165,516805	93,166	-0,000261	94,110000	0,000000
2,099987	163,707706	93,267	-0,001016	94,110000	0,000000
2,098001	162,280332	93,367	-0,001611	94,110000	0,000000
2,096003	160,130489	93,467	-0,002507	94,110000	0,000000
2,094020	157,591895	93,567	-0,003566	94,110000	0,000000
2,091990	157,290964	93,667	-0,003691	94,110000	0,000000
2,090042	154,951429	93,767	-0,004667	94,110000	0,000000
2,088030	151,000684	93,867	-0,006314	94,110000	0,000000
2,085972	150,279386	93,968	-0,006615	94,110000	0,000000
2,083999	146,883665	94,068	-0,008031	94,110000	0,000000
2,081958	146,288828	94,168	-0,008279	94,110000	0,000000
2,080015	144,489096	94,269	-0,009030	94,110000	0,000000
2,078002	142,505527	94,370	-0,009857	94,110000	0,000000
2,076043	140,712820	94,471	-0,010604	94,110000	0,000000
2,074001	138,595764	94,571	-0,011487	94,110000	0,000000
2,072026	136,493930	94,671	-0,012364	94,110000	0,000000
2,070008	134,573591	94,771	-0,013165	94,110000	0,000000
2,067996	130,901529	94,871	-0,014696	94,120000	0,000000
2,065988	128,672062	94,971	-0,015625	94,120000	0,000000
2,064014	128,497593	95,071	-0,015698	94,120000	0,000000
2,062041	126,887552	95,171	-0,016370	94,120000	0,000000
2,060001	122,683884	95,271	-0,018123	94,120000	0,000000
2,058019	122,763508	95,371	-0,018089	94,120000	0,000000
2,056033	120,487204	95,472	-0,019039	94,120000	0,000000
2,053996	118,757728	95,572	-0,019760	94,120000	0,000000
2,052005	116,092673	95,672	-0,020871	94,120000	0,000000
2,049983	114,934615	95,772	-0,021354	94,120000	0,000000
2,048042	113,038866	95,872	-0,022145	94,120000	0,000000
2,046031	109,081094	95,973	-0,023795	94,120000	0,000000
2,043972	108,906625	96,073	-0,023868	94,120000	0,000000
2,042028	106,843432	96,173	-0,024728	94,120000	0,000000
2,040003	104,630358	96,273	-0,025651	94,120000	0,000000
2,038054	102,814233	96,373	-0,026408	94,120000	0,000000
2,035979	100,934877	96,474	-0,027192	94,120000	0,000000
2,033998	96,849474	96,574	-0,028896	94,120000	0,000000
2,032058	94,707827	96,675	-0,029789	94,140000	0,000000
2,030045	92,906924	96,776	-0,030540	94,140000	0,000000
2,028018	91,939729	96,876	-0,030943	94,140000	0,000000
2,025968	88,822692	96,977	-0,032243	94,140000	0,000000
2,023979	88,576795	97,077	-0,032345	94,140000	0,000000
2,022011	86,617815	97,179	-0,033162	94,140000	0,000000
2,020005	84,745485	97,279	-0,033943	94,140000	0,000000
2,018035	82,658873	97,379	-0,034813	94,140000	0,000000
2,016011	79,256126	97,479	-0,036232	94,140000	0,000000
2,014038	76,829942	97,579	-0,037244	94,140000	0,000000
2,011997	74,640288	97,679	-0,038157	94,140000	0,000000
2,010068	72,673112	97,779	-0,038977	94,140000	0,000000
2,008050	70,935439	97,879	-0,039702	94,140000	0,000000
2,006046	68,429631	97,979	-0,040747	94,140000	0,000000
2,003976	68,690751	98,079	-0,040638	94,140000	0,000000
2,002008	66,858232	98,179	-0,041402	94,140000	0,000000
2,000028	64,859441	98,279	-0,042235	94,140000	0,000000
1,997987	62,742384	98,379	-0,043118	94,140000	0,000000
1,995991	58,799835	98,480	-0,044762	94,140000	0,000000
1,994029	56,943898	98,580	-0,045536	94,140000	0,000000
1,992006	55,103183	98,680	-0,046304	94,140000	0,000000
1,990045	52,866691	98,780	-0,047236	94,140000	0,000000
1,987998	50,947523	98,880	-0,048037	94,140000	0,000000
1,986031	48,750843	98,980	-0,048953	94,140000	0,000000
1,983995	48,821099	99,080	-0,048923	94,140000	0,000000
1,982012	46,695846	99,181	-0,049810	94,140000	0,000000
1,979990	43,324715	99,281	-0,051215	94,140000	0,000000
1,978016	42,642058	99,381	-0,051500	94,140000	0,000000
1,976008	41,008599	99,481	-0,052181	94,140000	0,000000
1,974001	37,923177	99,581	-0,053468	94,140000	0,000000
1,972033	36,662077	99,681	-0,053994	94,140000	0,000000
1,969993	32,957228	99,781	-0,055539	94,140000	0,000000
1,967989	31,212530	99,881	-0,056266	94,140000	0,000000
1,965998	29,642302	99,982	-0,056921	94,140000	0,000000
1,964036	28,198535	100,082	-0,057523	94,140000	0,000000
1,962008	26,952657	100,182	-0,058042	94,140000	0,000000
1,960021	24,716165	100,283	-0,058975	94,140000	0,000000
1,958043	22,946877	100,383	-0,059713	94,140000	0,000000
1,956038	20,496103	100,484	-0,060735	94,140000	0,000000
1,953985	17,815825	100,584	-0,061853	94,140000	0,000000
1,952022	16,403674	100,685	-0,062441	94,130000	0,000000
1,950012	14,278421	100,785	-0,063328	94,130000	0,000000
1,948008	12,683603	100,886	-0,063993	94,130000	0,000000
1,946000	10,724623	100,986	-0,064810	94,130000	0,000000
1,944005	8,257457	101,086	-0,065838	94,130000	0,000000
1,941970	6,631023	101,186	-0,066517	94,130000	0,000000
1,939966	4,545582	101,286	-0,067386	94,130000	0,000000
1,938022	2,673252	101,386	-0,068167	94,130000	0,000000
1,936004	0,634649	101,486	-0,069017	94,130000	0,000000
