Quasi static measurement routine
Tip parameters (shape,radius, material...) 
18.08.2022

Piezo position[nm]	MEMS displ.[nm]	Time[ms]	Cap [pf]	Temp [°C]	Rh [%]
eoh
2,659894	0,008177	0,179	-0,134647	22,440000	56,235000
2,662397	-0,205592	0,229	-0,134736	22,440000	56,235000
2,664964	4,677220	0,279	-0,132695	22,440000	56,235000
2,667464	5,215732	0,330	-0,132470	22,440000	56,235000
2,669904	9,250477	0,381	-0,130784	22,440000	56,235000
2,672393	9,686192	0,431	-0,130602	22,440000	56,235000
2,674896	14,030493	0,481	-0,128786	22,440000	56,235000
2,677446	14,623907	0,531	-0,128538	22,440000	56,235000
2,679921	19,165623	0,581	-0,126639	22,430000	56,250000
2,682469	19,236879	0,648	-0,126609	22,430000	56,250000
2,684888	23,019307	0,702	-0,125028	22,430000	56,250000
2,687415	23,874383	0,752	-0,124671	22,430000	56,250000
2,690019	28,518896	0,802	-0,122729	22,430000	56,250000
2,692414	28,684771	0,852	-0,122660	22,430000	56,250000
2,694911	33,108506	0,902	-0,120811	22,430000	56,250000
2,697385	33,899335	0,952	-0,120480	22,430000	56,250000
2,699970	38,457405	1,002	-0,118575	22,430000	56,250000
2,702390	38,188734	1,052	-0,118688	22,430000	56,250000
2,704913	41,440827	1,105	-0,117328	22,430000	56,250000
2,707382	43,205882	1,156	-0,116590	22,430000	56,250000
2,709893	45,650792	1,207	-0,115568	22,430000	56,250000
2,712440	48,055986	1,257	-0,114563	22,430000	56,250000
2,714920	50,635233	1,307	-0,113485	22,430000	56,250000
2,717408	55,145410	1,357	-0,111600	22,430000	56,250000
2,719892	55,652381	1,407	-0,111388	22,430000	56,250000
2,722453	57,377719	1,475	-0,110667	22,430000	56,250000
2,724922	59,671940	1,525	-0,109708	22,430000	56,250000
2,727477	64,523213	1,576	-0,107680	22,430000	56,250000
2,729956	64,697266	1,627	-0,107607	22,430000	56,250000
2,732371	69,310238	1,677	-0,105679	22,430000	56,250000
2,734955	71,723609	1,728	-0,104670	22,430000	56,250000
2,737338	73,986291	1,778	-0,103724	22,430000	56,250000
2,739929	76,233786	1,841	-0,102785	22,430000	56,250000
2,742377	78,932183	1,891	-0,101657	22,430000	56,250000
2,744927	79,225385	1,941	-0,101534	22,430000	56,250000
2,747435	83,513616	1,991	-0,099742	22,430000	56,250000
2,749938	84,035773	2,041	-0,099523	22,430000	56,250000
2,752454	88,301809	2,091	-0,097740	22,430000	56,250000
2,754939	88,308818	2,141	-0,097737	22,430000	56,250000
2,757391	92,866888	2,191	-0,095832	22,430000	56,250000
2,759914	94,426351	2,241	-0,095180	22,430000	56,250000
2,762405	97,749701	2,293	-0,093791	22,430000	56,250000
2,764922	98,406194	2,343	-0,093517	22,430000	56,250000
2,767488	102,505187	2,393	-0,091803	22,430000	56,250000
2,769921	103,075237	2,443	-0,091565	22,430000	56,250000
2,772438	107,237309	2,493	-0,089825	22,430000	56,250000
2,774915	107,775820	2,543	-0,089600	22,430000	56,250000
2,777402	112,277820	2,593	-0,087718	22,430000	56,250000
2,779911	114,525316	2,644	-0,086779	22,430000	56,250000
2,782430	116,724918	2,694	-0,085859	22,430000	56,250000
2,784898	117,104562	2,745	-0,085701	22,430000	56,250000
2,787400	121,765429	2,795	-0,083752	22,430000	56,250000
2,789910	122,343657	2,845	-0,083511	22,430000	56,250000
2,792358	123,815509	2,895	-0,082896	22,430000	56,250000
2,794919	127,036063	2,945	-0,081549	22,430000	56,250000
2,797467	130,991374	2,996	-0,079896	22,430000	56,250000
2,799877	132,953845	3,046	-0,079076	22,430000	56,250000
2,802448	135,811108	3,097	-0,077881	22,430000	56,250000
2,804893	135,945443	3,147	-0,077825	22,430000	56,250000
2,807440	140,503514	3,197	-0,075920	22,430000	56,250000
2,809844	140,424080	3,247	-0,075953	22,430000	56,250000
2,812407	145,139849	3,297	-0,073982	22,430000	56,250000
2,814876	145,330256	3,348	-0,073902	22,430000	56,250000
2,817352	150,062379	3,398	-0,071924	22,430000	56,250000
2,819903	152,547006	3,448	-0,070886	22,430000	56,250000
2,822411	154,453405	3,499	-0,070089	22,430000	56,250000
2,824849	154,524662	3,550	-0,070059	22,430000	56,250000
2,827410	158,805884	3,600	-0,068270	22,430000	56,250000
2,829929	159,233422	3,650	-0,068091	22,430000	56,250000
2,832408	163,244804	3,700	-0,066414	22,430000	56,250000
2,834939	164,305472	3,750	-0,065971	22,430000	56,250000
2,837405	168,119440	3,800	-0,064376	22,430000	56,250000
2,839892	169,092498	3,850	-0,063970	22,430000	56,250000
2,842395	171,165941	3,900	-0,063103	22,430000	56,250000
2,844877	176,103656	3,950	-0,061039	22,430000	56,250000
2,847357	176,547548	4,000	-0,060854	22,430000	56,250000
2,849905	180,764522	4,050	-0,059091	22,430000	56,250000
2,852341	182,980478	4,100	-0,058165	22,430000	56,250000
2,854868	185,504822	4,151	-0,057109	22,430000	56,250000
2,857377	187,855114	4,201	-0,056127	22,430000	56,250000
2,859865	190,038362	4,268	-0,055214	22,430000	56,250000
2,862401	190,125972	4,319	-0,055178	22,430000	56,250000
2,864938	192,444724	4,370	-0,054208	22,430000	56,250000
2,867412	196,368496	4,420	-0,052568	22,430000	56,250000
2,869924	197,041343	4,471	-0,052287	22,430000	56,250000
2,872353	200,823770	4,521	-0,050706	22,430000	56,250000
2,874864	202,224366	4,572	-0,050121	22,420000	56,250000
2,877416	205,191434	4,622	-0,048880	22,420000	56,250000
2,879902	206,243926	4,672	-0,048440	22,420000	56,250000
2,882426	209,591806	4,722	-0,047041	22,420000	56,250000
2,884900	211,197995	4,772	-0,046370	22,420000	56,250000
2,887403	214,750299	4,823	-0,044885	22,420000	56,250000
2,889899	216,024736	4,874	-0,044352	22,420000	56,250000
2,892360	218,834106	4,924	-0,043178	22,420000	56,250000
2,894938	221,018522	4,974	-0,042265	22,420000	56,250000
2,897425	222,956461	5,024	-0,041455	22,420000	56,250000
2,899944	225,536876	5,074	-0,040376	22,420000	56,250000
2,902348	228,162848	5,124	-0,039278	22,420000	56,250000
2,904891	230,497953	5,174	-0,038302	22,420000	56,250000
2,907415	233,465021	5,224	-0,037062	22,420000	56,250000
2,909877	235,039670	5,275	-0,036404	22,420000	56,250000
2,912443	239,843049	5,325	-0,034396	22,420000	56,250000
2,914913	242,097553	5,375	-0,033454	22,420000	56,250000
2,917430	244,512093	5,425	-0,032444	22,420000	56,250000
2,919869	246,822667	5,475	-0,031479	22,420000	56,250000
2,922459	246,909110	5,526	-0,031442	22,420000	56,250000
2,924906	251,498720	5,577	-0,029524	22,420000	56,250000
2,927456	251,578153	5,628	-0,029491	22,420000	56,250000
2,929903	255,407306	5,678	-0,027890	22,420000	56,250000
2,932437	256,587124	5,728	-0,027397	22,420000	56,250000
2,934904	261,326256	5,778	-0,025416	22,420000	56,250000
2,937434	263,439416	5,841	-0,024533	22,420000	56,250000
2,939915	263,708087	5,891	-0,024420	22,420000	56,250000
2,942383	266,137812	5,941	-0,023405	22,420000	56,250000
2,944869	271,035810	5,991	-0,021357	22,420000	56,250000
2,947388	270,813864	6,041	-0,021450	22,420000	56,250000
2,949884	275,308855	6,091	-0,019571	22,420000	56,250000
2,952426	276,503860	6,142	-0,019072	22,420000	56,250000
2,954900	280,309650	6,192	-0,017481	22,420000	56,250000
2,957466	280,341189	6,243	-0,017468	22,420000	56,250000
2,959886	282,232403	6,294	-0,016677	22,420000	56,250000
2,962439	285,049950	6,344	-0,015500	22,420000	56,250000
2,964851	287,075499	6,394	-0,014653	22,420000	56,250000
2,967423	289,828798	6,444	-0,013502	22,420000	56,250000
2,969906	291,585676	6,494	-0,012768	22,420000	56,250000
2,972439	294,529381	6,544	-0,011537	22,420000	56,250000
2,974932	298,280269	6,594	-0,009969	22,430000	56,250000
2,977391	298,762709	6,645	-0,009768	22,430000	56,250000
2,979914	301,334947	6,697	-0,008692	22,430000	56,250000
2,982433	305,995813	6,747	-0,006744	22,430000	56,250000
2,984890	306,501617	6,797	-0,006533	22,430000	56,250000
2,987381	310,759476	6,847	-0,004753	22,430000	56,250000
2,989883	311,653101	6,897	-0,004379	22,430000	56,250000
2,992406	315,356095	6,947	-0,002832	22,430000	56,250000
2,994889	317,651484	6,997	-0,001872	22,430000	56,250000
2,997394	318,672436	7,051	-0,001445	22,430000	56,250000
2,999908	321,457274	7,101	-0,000281	22,430000	56,250000
3,002400	322,350899	7,151	0,000092	22,430000	56,250000
3,004894	325,524727	7,201	0,001419	22,430000	56,250000
3,007386	327,241888	7,251	0,002137	22,430000	56,250000
3,009868	330,263859	7,301	0,003400	22,430000	56,250000
3,012346	331,917941	7,351	0,004091	22,430000	56,250000
3,014896	333,865225	7,401	0,004905	22,430000	56,250000
3,017388	336,285605	7,451	0,005917	22,430000	56,250000
3,019839	338,960638	7,501	0,007035	22,430000	56,250000
3,022342	343,407736	7,551	0,008894	22,430000	56,250000
3,024916	344,103945	7,602	0,009185	22,430000	56,250000
3,027383	348,535857	7,652	0,011038	22,430000	56,250000
3,029884	348,963395	7,702	0,011216	22,430000	56,250000
3,032373	353,132476	7,753	0,012959	22,430000	56,250000
3,034901	355,680183	7,803	0,014024	22,430000	56,250000
3,037416	357,619290	7,865	0,014834	22,430000	56,250000
3,039832	359,906502	7,917	0,015791	22,430000	56,250000
3,042409	359,977759	7,967	0,015820	22,430000	56,250000
3,044865	363,910876	8,018	0,017464	22,430000	56,250000
3,047387	364,867580	8,068	0,017864	22,430000	56,250000
3,049894	368,855600	8,118	0,019531	22,430000	56,250000
3,052349	369,465367	8,168	0,019786	22,430000	56,250000
3,054862	371,775942	8,222	0,020752	22,430000	56,250000
3,057422	374,086517	8,272	0,021718	22,430000	56,250000
3,059847	377,323424	8,322	0,023071	22,430000	56,250000
3,062371	378,929613	8,373	0,023742	22,430000	56,250000
3,064899	383,724815	8,423	0,025747	22,430000	56,250000
3,067393	384,760952	8,474	0,026180	22,430000	56,250000
3,069869	388,211629	8,525	0,027622	22,430000	56,250000
3,072379	389,310846	8,575	0,028082	22,430000	56,250000
3,074862	393,022017	8,626	0,029633	22,430000	56,250000
3,077395	395,712236	8,676	0,030757	22,430000	56,250000
3,079918	397,699237	8,727	0,031588	22,430000	56,250000
3,082372	398,133784	8,777	0,031770	22,430000	56,250000
3,084852	402,636952	8,827	0,033652	22,430000	56,250000
3,087359	403,752523	8,877	0,034118	22,430000	56,250000
3,089881	404,709227	8,927	0,034518	22,430000	56,250000
3,092419	408,967087	8,977	0,036298	22,430000	56,250000
3,094897	411,047539	9,027	0,037167	22,430000	56,250000
3,097330	413,611599	9,077	0,038239	22,430000	56,250000
3,099855	414,221367	9,128	0,038494	22,430000	56,250000
3,102415	416,112580	9,179	0,039285	22,430000	56,250000
3,104851	421,318967	9,229	0,041461	22,430000	56,250000
3,107350	421,786222	9,279	0,041656	22,430000	56,250000
3,109870	423,756869	9,330	0,042480	22,430000	56,250000
3,112355	426,667866	9,380	0,043697	22,430000	56,250000
3,114865	429,097591	9,433	0,044712	22,430000	56,250000
3,117368	430,917548	9,484	0,045473	22,430000	56,250000
3,119880	434,890382	9,535	0,047134	22,430000	56,250000
3,122363	435,657848	9,585	0,047455	22,430000	56,250000
3,124966	438,094582	9,635	0,048473	22,430000	56,250000
3,127374	440,080415	9,685	0,049303	22,430000	56,250000
3,129869	442,478600	9,736	0,050306	22,430000	56,250000
3,132372	446,902334	9,787	0,052155	22,430000	56,250000
3,134903	447,431500	9,838	0,052376	22,430000	56,250000
3,137385	449,599563	9,888	0,053282	22,430000	56,250000
3,139876	451,886775	9,938	0,054238	22,430000	56,250000
3,142369	456,816313	9,988	0,056299	22,430000	56,250000
3,144923	457,798716	10,038	0,056709	22,430000	56,250000
3,147406	461,540259	10,088	0,058273	22,430000	56,250000
3,149902	461,445640	10,138	0,058234	22,430000	56,250000
3,152393	466,439425	10,188	0,060321	22,430000	56,250000
3,154897	467,190537	10,238	0,060635	22,430000	56,250000
3,157338	470,830452	10,288	0,062157	22,430000	56,250000
3,159924	471,138840	10,338	0,062286	22,430000	56,250000
3,162347	475,665371	10,388	0,064178	22,430000	56,250000
3,164906	475,396699	10,439	0,064065	22,430000	56,250000
3,167368	479,709461	10,489	0,065868	22,430000	56,250000
3,169813	480,120645	10,539	0,066040	22,430000	56,250000
3,172328	484,995281	10,590	0,068078	22,430000	56,235000
3,174863	484,813051	10,640	0,068001	22,430000	56,235000
3,177394	489,386308	10,690	0,069913	22,430000	56,235000
3,179829	489,956358	10,740	0,070151	22,430000	56,235000
3,182407	494,648765	10,790	0,072113	22,430000	56,235000
3,184872	494,822817	10,841	0,072186	22,430000	56,235000
3,187348	496,634597	10,892	0,072943	22,430000	56,235000
3,189878	499,064322	10,942	0,073958	22,430000	56,235000
3,192340	501,383074	10,992	0,074928	22,430000	56,235000
3,194872	503,914427	11,042	0,075986	22,430000	56,235000
3,197362	506,027587	11,093	0,076869	22,430000	56,235000
3,199860	508,765700	11,143	0,078014	22,430000	56,235000
3,202377	510,862506	11,193	0,078890	22,430000	56,235000
3,204825	513,299239	11,243	0,079909	22,430000	56,235000
3,207362	515,523372	11,293	0,080838	22,430000	56,235000
3,209871	517,754514	11,344	0,081771	22,430000	56,235000
3,212339	522,446920	11,395	0,083732	22,430000	56,235000
3,214897	525,002804	11,452	0,084801	22,430000	56,235000
3,217342	527,329732	11,503	0,085773	22,430000	56,235000
3,219895	527,883429	11,553	0,086005	22,430000	56,235000
3,222364	531,982422	11,603	0,087718	22,430000	56,235000
3,224876	532,448509	11,654	0,087913	22,430000	56,235000
3,227376	536,785801	11,704	0,089726	22,430000	56,235000
3,229851	536,911960	11,755	0,089779	22,430000	56,235000
3,232375	541,248084	11,805	0,091591	22,430000	56,235000
3,234841	543,273634	11,856	0,092438	22,430000	56,235000
3,237306	543,273634	11,908	0,092438	22,430000	56,235000
3,239803	546,272241	11,959	0,093691	22,430000	56,235000
3,242385	548,156446	12,009	0,094479	22,430000	56,235000
3,244833	550,585003	12,060	0,095494	22,430000	56,235000
3,247324	555,151250	12,110	0,097403	22,430000	56,235000
3,249830	555,325303	12,160	0,097476	22,430000	56,235000
3,252358	560,001355	12,210	0,099430	22,430000	56,235000
3,254866	560,128682	12,260	0,099483	22,430000	56,235000
3,257334	562,273381	12,310	0,100380	22,430000	56,235000
3,259814	564,923884	12,360	0,101488	22,430000	56,235000
3,262303	567,100123	12,411	0,102397	22,430000	56,235000
3,264848	569,316079	12,462	0,103324	22,430000	56,235000
3,267385	571,658194	12,512	0,104303	22,430000	56,235000
3,269838	574,308697	12,562	0,105411	22,430000	56,235000
3,272347	576,310883	12,613	0,106248	22,430000	56,235000
3,274848	578,550202	12,663	0,107184	22,430000	56,235000
3,277316	580,875963	12,713	0,108156	22,430000	56,235000
3,279828	583,511280	12,763	0,109257	22,430000	56,235000
3,282319	585,830031	12,814	0,110227	22,430000	56,235000
3,284859	588,331013	12,864	0,111272	22,430000	56,235000
3,287337	590,363571	12,915	0,112122	22,430000	56,235000
3,289835	592,579527	12,966	0,113048	22,430000	56,235000
3,292351	597,058164	13,016	0,114920	22,430000	56,235000
3,294864	599,930613	13,067	0,116121	22,430000	56,235000
3,297321	599,962152	13,117	0,116134	22,430000	56,235000
3,299824	601,877897	13,167	0,116935	22,430000	56,235000
3,302311	604,061145	13,218	0,117847	22,430000	56,235000
3,304849	609,063107	13,268	0,119938	22,430000	56,235000
3,307394	609,711423	13,318	0,120209	22,430000	56,235000
3,309851	611,571097	13,368	0,120986	22,430000	56,235000
3,312346	615,472675	13,418	0,122617	22,430000	56,235000
3,314804	616,033381	13,490	0,122852	22,430000	56,235000
3,317370	618,771494	13,541	0,123996	22,430000	56,235000
3,319883	621,065715	13,591	0,124955	22,430000	56,235000
3,322339	623,289847	13,641	0,125885	22,430000	56,235000
3,324818	625,656493	13,692	0,126874	22,430000	56,235000
3,327342	628,283633	13,742	0,127972	22,430000	56,235000
3,329846	630,206386	13,792	0,128776	22,430000	56,235000
3,332357	632,381457	13,842	0,129685	22,430000	56,235000
3,334824	634,945518	13,893	0,130757	22,430000	56,235000
3,337312	639,709181	13,943	0,132748	22,430000	56,235000
3,339837	640,619159	13,994	0,133128	22,430000	56,235000
3,342317	644,472843	14,044	0,134739	22,430000	56,235000
3,344866	645,097796	14,095	0,135000	22,430000	56,235000
3,347303	648,793782	14,146	0,136545	22,430000	56,235000
3,349822	649,972432	14,196	0,137038	22,430000	56,235000
3,352314	653,675426	14,247	0,138586	22,430000	56,235000
3,354842	653,738506	14,297	0,138612	22,430000	56,235000
3,357346	658,463620	14,347	0,140587	22,430000	56,235000
3,359789	658,470628	14,397	0,140590	22,430000	56,235000
3,362359	663,068415	14,447	0,142512	22,430000	56,235000
3,364890	663,076592	14,497	0,142516	22,430000	56,235000
3,367326	667,444257	14,547	0,144341	22,430000	56,235000
3,369817	670,261803	14,598	0,145519	22,420000	56,235000
3,372334	670,016494	14,648	0,145417	22,420000	56,235000
3,374802	672,777970	14,699	0,146571	22,420000	56,235000
3,377305	674,763803	14,749	0,147401	22,420000	56,235000
3,379804	677,130448	14,799	0,148390	22,420000	56,235000
3,382313	679,313696	14,849	0,149303	22,420000	56,235000
3,384813	682,068163	14,899	0,150454	22,420000	56,235000
3,387287	683,997925	14,949	0,151261	22,420000	56,235000
3,389797	688,975357	14,999	0,153341	22,420000	56,235000
3,392342	688,635429	15,050	0,153199	22,420000	56,235000
3,394810	691,159773	15,101	0,154254	22,420000	56,235000
3,397353	693,343021	15,152	0,155167	22,420000	56,235000
3,399769	695,669950	15,202	0,156140	22,420000	56,235000
3,402346	698,408063	15,252	0,157284	22,420000	56,235000
3,404794	700,607665	15,302	0,158204	22,420000	56,235000
3,407307	702,838806	15,352	0,159136	22,420000	56,235000
3,409802	707,872309	15,402	0,161240	22,420000	56,235000
3,412305	709,755345	15,453	0,162027	22,420000	56,235000
3,414795	709,747168	15,503	0,162024	22,420000	56,235000
3,417312	713,814621	15,553	0,163724	22,420000	56,235000
3,419770	714,565733	15,604	0,164038	22,420000	56,235000
3,422287	717,928800	15,655	0,165444	22,420000	56,235000
3,424796	719,511625	15,706	0,166105	22,420000	56,235000
3,427313	722,297632	15,756	0,167270	22,420000	56,235000
3,429821	726,119776	15,807	0,168868	22,420000	56,235000
3,432295	726,759915	15,857	0,169135	22,420000	56,235000
3,434761	728,738739	15,907	0,169962	22,420000	56,235000
3,437334	730,969881	15,958	0,170895	22,420000	56,235000
3,439822	733,288633	16,008	0,171864	22,420000	56,235000
3,442306	735,638924	16,058	0,172847	22,420000	56,235000
3,444758	738,155091	16,108	0,173898	22,420000	56,235000
3,447311	740,417773	16,158	0,174844	22,420000	56,235000
3,449776	745,015560	16,209	0,176766	22,420000	56,235000
3,452277	745,308762	16,259	0,176889	22,420000	56,235000
3,454797	747,326134	16,310	0,177732	22,420000	56,235000
3,457338	749,683435	16,360	0,178717	22,420000	56,235000
3,459780	751,923922	16,410	0,179654	22,420000	56,235000
3,462347	754,415558	16,461	0,180695	22,420000	56,235000
3,464740	756,948079	16,511	0,181754	22,420000	56,235000
3,467254	761,332097	16,562	0,183586	22,420000	56,235000
3,469718	761,909156	16,612	0,183828	22,420000	56,235000
3,472304	766,016326	16,667	0,185544	22,420000	56,235000
3,474811	766,309528	16,717	0,185667	22,420000	56,235000
3,477300	771,111739	16,767	0,187674	22,420000	56,235000
3,479793	770,930678	16,817	0,187599	22,420000	56,235000
3,482338	775,583368	16,867	0,189543	22,420000	56,235000
3,484777	775,346236	16,917	0,189444	22,420000	56,235000
3,487308	780,575985	16,967	0,191630	22,420000	56,235000
3,489804	779,975563	17,018	0,191379	22,420000	56,235000
3,492270	782,586349	17,072	0,192471	22,420000	56,235000
3,494821	785,014905	17,122	0,193486	22,420000	56,235000
3,497257	787,239038	17,173	0,194416	22,420000	56,235000
3,499813	787,239038	17,223	0,194416	22,420000	56,235000
3,502351	793,221068	17,273	0,196916	22,420000	56,235000
3,504776	796,655390	17,324	0,198352	22,420000	56,235000
3,507285	797,335246	17,375	0,198636	22,420000	56,235000
3,509777	801,434239	17,425	0,200349	22,420000	56,235000
3,512306	801,886308	17,476	0,200538	22,420000	56,235000
3,514741	805,960769	17,526	0,202241	22,420000	56,235000
3,517292	806,317051	17,577	0,202390	22,420000	56,235000
3,519817	810,653175	17,627	0,204203	22,420000	56,235000
3,522295	811,040997	17,677	0,204365	22,420000	56,235000
3,524856	815,227600	17,728	0,206115	22,420000	56,235000
3,527263	815,353759	17,779	0,206167	22,420000	56,235000
3,529754	820,180501	17,829	0,208185	22,420000	56,235000
3,532260	820,006448	17,896	0,208112	22,420000	56,235000
3,534808	822,071714	17,946	0,208976	22,420000	56,235000
3,537324	825,459311	17,996	0,210392	22,420000	56,235000
3,539764	826,898456	18,046	0,210993	22,420000	56,235000
3,542283	829,913418	18,096	0,212253	22,420000	56,235000
3,544818	832,089657	18,146	0,213163	22,420000	56,235000
3,547292	836,671090	18,197	0,215078	22,420000	56,235000
3,549827	836,473675	18,247	0,214996	22,420000	56,235000
3,552322	839,013205	18,297	0,216057	22,420000	56,235000
3,554802	841,245514	18,347	0,216990	22,420000	56,235000
3,557254	843,848124	18,397	0,218078	22,420000	56,235000
3,559782	846,024363	18,447	0,218988	22,420000	56,235000
3,562240	848,319752	18,497	0,219947	22,420000	56,235000
3,564810	850,693406	18,547	0,220939	22,430000	56,250000
3,567279	855,211760	18,597	0,222828	22,430000	56,250000
3,569707	856,097208	18,648	0,223198	22,430000	56,250000
3,572308	857,870440	18,698	0,223939	22,430000	56,250000
3,574818	861,581611	18,748	0,225491	22,430000	56,250000
3,577289	862,024335	18,799	0,225676	22,430000	56,250000
3,579795	866,337096	18,849	0,227479	22,430000	56,250000
3,582274	867,349871	18,899	0,227902	22,430000	56,250000
3,584773	871,385784	18,949	0,229589	22,430000	56,250000
3,587293	873,910128	18,999	0,230644	22,430000	56,250000
3,589783	875,325910	19,050	0,231236	22,430000	56,250000
3,592236	876,560631	19,101	0,231752	22,430000	56,250000
3,594734	880,066210	19,151	0,233217	22,430000	56,250000
3,597286	881,078985	19,201	0,233641	22,430000	56,250000
3,599779	884,624280	19,251	0,235123	22,430000	56,250000
3,602221	885,684949	19,301	0,235566	22,430000	56,250000
3,604801	889,229076	19,351	0,237047	22,430000	56,250000
3,607254	892,513877	19,401	0,238420	22,430000	56,250000
3,609731	895,219283	19,451	0,239551	22,430000	56,250000
3,612248	897,513504	19,501	0,240510	22,430000	56,250000
3,614766	897,664193	19,552	0,240573	22,430000	56,250000
3,617286	902,222264	19,602	0,242479	22,430000	56,250000
3,619715	902,427856	19,653	0,242564	22,430000	56,250000
3,622277	907,002280	19,703	0,244477	22,430000	56,250000
3,624755	906,756971	19,753	0,244374	22,430000	56,250000
3,627292	911,076742	19,803	0,246180	22,430000	56,250000
3,629779	911,330228	19,853	0,246286	22,430000	56,250000
3,632272	914,060164	19,903	0,247427	22,430000	56,250000
3,634753	916,781923	19,953	0,248564	22,430000	56,250000
3,637303	918,333209	20,003	0,249213	22,430000	56,250000
3,639796	921,371533	20,053	0,250483	22,430000	56,250000
3,642282	923,247561	20,103	0,251267	22,430000	56,250000
3,644767	925,906241	20,153	0,252378	22,430000	56,250000
3,647267	929,703854	20,204	0,253966	22,430000	56,250000
3,649838	930,416417	20,254	0,254264	22,430000	56,250000
3,652220	935,163726	20,304	0,256248	22,430000	56,250000
3,654750	935,219797	20,354	0,256271	22,430000	56,250000
3,657305	939,532558	20,404	0,258074	22,430000	56,250000
3,659789	939,572275	20,454	0,258091	22,430000	56,250000
3,659781	941,715806	20,504	0,258987	22,430000	56,250000
3,659724	941,604833	20,554	0,258940	22,430000	56,250000
3,659736	941,778886	20,604	0,259013	22,430000	56,250000
3,659757	941,359525	20,655	0,258838	22,430000	56,250000
3,659778	941,375878	20,705	0,258845	22,430000	56,250000
3,659730	941,210003	20,755	0,258775	22,430000	56,250000
3,659739	941,367701	20,805	0,258841	22,430000	56,250000
3,659742	941,233366	20,855	0,258785	22,430000	56,250000
3,659723	941,099030	20,905	0,258729	22,430000	56,250000
3,659737	940,838535	20,956	0,258620	22,430000	56,250000
3,659822	941,225189	21,007	0,258782	22,430000	56,250000
3,659820	941,075667	21,057	0,258719	22,430000	56,250000
3,659798	941,082676	21,107	0,258722	22,430000	56,250000
3,659769	940,988057	21,157	0,258683	22,430000	56,250000
3,659795	941,241543	21,207	0,258789	22,430000	56,250000
3,659811	941,019597	21,258	0,258696	22,430000	56,250000
3,659754	940,814005	21,309	0,258610	22,430000	56,250000
3,659781	940,814005	21,359	0,258610	22,430000	56,250000
3,659746	940,687846	21,409	0,258557	22,430000	56,250000
3,659746	941,153932	21,460	0,258752	22,430000	56,250000
3,659762	940,631775	21,510	0,258534	22,430000	56,250000
3,659813	940,759102	21,560	0,258587	22,430000	56,250000
3,659764	940,671492	21,610	0,258550	22,430000	56,250000
3,659753	940,363104	21,661	0,258421	22,430000	56,250000
3,659768	940,046539	21,711	0,258289	22,430000	56,250000
3,659785	940,474077	21,761	0,258468	22,430000	56,250000
3,659722	940,449546	21,811	0,258458	22,430000	56,250000
3,659774	940,608412	21,871	0,258524	22,430000	56,250000
3,659759	940,212414	21,922	0,258358	22,430000	56,250000
3,659766	940,117795	21,973	0,258319	22,430000	56,250000
3,659743	940,030185	22,023	0,258282	22,430000	56,250000
3,659802	940,117795	22,073	0,258319	22,430000	56,250000
3,659777	939,998645	22,123	0,258269	22,430000	56,250000
3,659747	939,816416	22,173	0,258193	22,430000	56,250000
3,659724	939,920380	22,224	0,258236	22,430000	56,250000
3,659737	940,069901	22,281	0,258299	22,430000	56,250000
3,659767	939,610823	22,332	0,258107	22,430000	56,250000
3,659773	940,141158	22,382	0,258329	22,430000	56,250000
3,659708	939,904026	22,432	0,258229	22,430000	56,250000
3,659822	939,824593	22,482	0,258196	22,430000	56,250000
3,659722	939,849123	22,532	0,258207	22,430000	56,250000
3,659806	939,943743	22,582	0,258246	22,430000	56,235000
3,659746	939,706611	22,632	0,258147	22,430000	56,235000
3,659769	939,880663	22,684	0,258220	22,430000	56,235000
3,659782	939,547744	22,734	0,258081	22,430000	56,235000
3,659814	939,666894	22,784	0,258130	22,430000	56,235000
3,659755	939,524381	22,834	0,258071	22,430000	56,235000
3,659759	939,809407	22,884	0,258190	22,430000	56,235000
3,659722	939,706611	22,934	0,258147	22,430000	56,235000
3,659788	939,706611	22,984	0,258147	22,430000	56,235000
3,659722	939,207816	23,044	0,257938	22,430000	56,235000
3,659796	939,501019	23,094	0,258061	22,430000	56,235000
3,659752	939,326966	23,144	0,257988	22,430000	56,235000
3,659833	939,390046	23,194	0,258015	22,430000	56,235000
3,659755	939,508027	23,245	0,258064	22,430000	56,235000
3,659789	939,453125	23,295	0,258041	22,430000	56,235000
3,659752	939,128383	23,346	0,257905	22,430000	56,235000
3,659775	939,524381	23,397	0,258071	22,430000	56,235000
3,659722	939,262719	23,447	0,257961	22,430000	56,235000
3,659753	939,429762	23,497	0,258031	22,430000	56,235000
3,659724	939,326966	23,548	0,257988	22,430000	56,235000
3,659739	939,231179	23,598	0,257948	22,430000	56,235000
3,659789	939,121374	23,648	0,257902	22,430000	56,235000
3,659723	939,057127	23,698	0,257875	22,430000	56,235000
3,659714	938,939145	23,748	0,257826	22,430000	56,235000
3,659818	938,867888	23,799	0,257796	22,430000	56,235000
3,659782	939,270896	23,849	0,257965	22,430000	56,235000
3,659733	939,088666	23,899	0,257889	22,430000	56,235000
3,659795	939,017410	23,949	0,257859	22,430000	56,235000
3,659774	939,057127	24,002	0,257875	22,430000	56,235000
3,659740	938,693836	24,052	0,257724	22,430000	56,235000
3,659783	938,669305	24,103	0,257713	22,430000	56,235000
3,659714	938,914614	24,153	0,257816	22,430000	56,235000
3,659774	939,065304	24,203	0,257879	22,430000	56,235000
3,659766	939,088666	24,253	0,257889	22,430000	56,235000
3,659722	938,488244	24,303	0,257638	22,430000	56,235000
3,659746	938,654119	24,354	0,257707	22,430000	56,235000
3,659758	938,654119	24,404	0,257707	22,430000	56,235000
3,659788	938,574686	24,454	0,257674	22,430000	56,235000
3,659751	938,606226	24,504	0,257687	22,430000	56,235000
3,659800	938,416988	24,554	0,257608	22,430000	56,260000
3,659797	938,488244	24,604	0,257638	22,430000	56,260000
3,659727	938,511607	24,654	0,257647	22,430000	56,260000
3,659780	938,740561	24,704	0,257743	22,430000	56,260000
3,659764	938,448527	24,754	0,257621	22,430000	56,260000
3,659782	938,526792	24,805	0,257654	22,430000	56,260000
3,659785	938,226581	24,856	0,257528	22,430000	56,260000
3,659749	938,170511	24,906	0,257505	22,430000	56,260000
3,659782	938,440350	24,956	0,257618	22,430000	56,260000
3,659730	938,360917	25,006	0,257584	22,430000	56,260000
3,659716	938,369094	25,057	0,257588	22,430000	56,260000
3,659721	938,400634	25,107	0,257601	22,430000	56,260000
3,659798	938,463713	25,158	0,257627	22,430000	56,260000
3,659840	938,400634	25,208	0,257601	22,430000	56,260000
3,659801	938,360917	25,258	0,257584	22,430000	56,260000
3,659748	938,416988	25,308	0,257608	22,430000	56,260000
3,659721	938,337554	25,358	0,257575	22,430000	56,260000
3,659784	938,107431	25,408	0,257479	22,430000	56,260000
3,659740	938,400634	25,458	0,257601	22,430000	56,260000
3,659769	938,163502	25,508	0,257502	22,430000	56,260000
3,659758	937,997626	25,558	0,257433	22,430000	56,260000
3,659745	938,337554	25,608	0,257575	22,430000	56,260000
3,659735	937,918193	25,658	0,257399	22,430000	56,260000
3,659793	938,203218	25,709	0,257519	22,430000	56,260000
3,659780	938,060706	25,759	0,257459	22,430000	56,260000
3,659823	937,870299	25,809	0,257379	22,430000	56,260000
3,659770	938,170511	25,859	0,257505	22,430000	56,260000
3,659735	938,052529	25,909	0,257456	22,430000	56,260000
3,659709	938,020989	25,960	0,257442	22,430000	56,260000
3,659791	938,084068	26,010	0,257469	22,430000	56,260000
3,659796	937,719610	26,060	0,257316	22,430000	56,260000
3,659816	938,075892	26,111	0,257465	22,430000	56,260000
3,659778	937,901839	26,161	0,257393	22,430000	56,260000
3,659770	937,751149	26,211	0,257330	22,430000	56,260000
3,659768	937,719610	26,261	0,257316	22,430000	56,260000
3,659815	937,775680	26,312	0,257340	22,430000	56,260000
3,659760	937,679893	26,363	0,257300	22,430000	56,260000
3,659757	937,767503	26,413	0,257336	22,430000	56,260000
3,659782	937,910016	26,463	0,257396	22,430000	56,260000
3,659757	937,893662	26,513	0,257389	22,430000	56,260000
3,659783	937,783857	26,564	0,257343	22,430000	56,235000
3,659818	937,522195	26,614	0,257234	22,430000	56,235000
3,659764	937,893662	26,664	0,257389	22,430000	56,235000
3,659777	937,807220	26,715	0,257353	22,430000	56,235000
3,659812	937,450938	26,765	0,257204	22,430000	56,235000
3,659709	937,886653	26,815	0,257386	22,430000	56,235000
3,659772	937,435752	26,866	0,257198	22,430000	56,235000
3,659757	937,387859	26,916	0,257178	22,430000	56,235000
3,659738	937,783857	26,967	0,257343	22,430000	56,235000
3,659723	937,649522	27,017	0,257287	22,430000	56,235000
3,659759	937,624991	27,067	0,257277	22,430000	56,235000
3,659781	937,490655	27,117	0,257221	22,430000	56,235000
3,659784	937,435752	27,167	0,257198	22,430000	56,235000
3,659736	937,396036	27,217	0,257181	22,430000	56,235000
3,659741	937,530372	27,267	0,257237	22,430000	56,235000
3,659748	937,293240	27,317	0,257138	22,430000	56,235000
3,659764	937,316602	27,370	0,257148	22,430000	56,235000
3,659773	937,316602	27,420	0,257148	22,430000	56,235000
3,659789	937,039754	27,471	0,257032	22,430000	56,235000
3,659751	937,134373	27,522	0,257072	22,430000	56,235000
3,659755	937,364496	27,572	0,257168	22,430000	56,235000
3,659692	937,102833	27,622	0,257059	22,430000	56,235000
3,659750	937,213806	27,672	0,257105	22,430000	56,235000
3,659745	937,023400	27,722	0,257025	22,430000	56,235000
3,659782	937,119187	27,773	0,257065	22,430000	56,235000
3,659791	937,205629	27,823	0,257102	22,430000	56,235000
3,659768	936,960321	27,873	0,256999	22,430000	56,235000
3,659780	936,794445	27,924	0,256930	22,430000	56,235000
3,659754	936,802622	27,974	0,256933	22,430000	56,235000
3,659879	937,054940	28,024	0,257039	22,430000	56,235000
3,659761	937,134373	28,074	0,257072	22,430000	56,235000
3,659786	936,746552	28,125	0,256910	22,430000	56,235000
3,659707	936,912427	28,175	0,256979	22,430000	56,235000
3,659786	936,691649	28,225	0,256887	22,430000	56,235000
3,659755	936,699826	28,276	0,256890	22,430000	56,235000
3,659781	936,936958	28,326	0,256989	22,430000	56,235000
3,659781	936,706835	28,376	0,256893	22,430000	56,235000
3,659790	936,595862	28,446	0,256847	22,430000	56,235000
3,659735	936,715012	28,496	0,256896	22,430000	56,235000
3,659822	936,817808	28,546	0,256939	22,430000	56,235000
3,659746	936,635579	28,598	0,256863	22,430000	56,235000
3,659780	936,532783	28,648	0,256820	22,430000	56,235000
3,659740	936,683472	28,698	0,256883	22,430000	56,235000
3,659705	936,786268	28,748	0,256926	22,430000	56,235000
3,659785	936,557313	28,798	0,256831	22,430000	56,235000
3,659745	936,461526	28,849	0,256791	22,430000	56,235000
3,659724	936,572499	28,899	0,256837	22,430000	56,235000
3,659782	936,477880	28,949	0,256797	22,430000	56,235000
3,659734	936,572499	28,999	0,256837	22,430000	56,235000
3,659742	936,509420	29,051	0,256811	22,430000	56,235000
3,659722	936,382093	29,101	0,256757	22,430000	56,235000
3,659728	936,809631	29,151	0,256936	22,430000	56,235000
3,659762	936,651933	29,201	0,256870	22,430000	56,235000
3,659743	936,343544	29,251	0,256741	22,430000	56,235000
3,659746	936,358730	29,302	0,256748	22,430000	56,235000
3,659816	936,486057	29,353	0,256801	22,430000	56,235000
3,659713	936,612216	29,403	0,256854	22,430000	56,235000
3,659759	935,939369	29,456	0,256572	22,430000	56,235000
3,659765	936,414801	29,506	0,256771	22,430000	56,235000
3,659790	936,675295	29,556	0,256880	22,430000	56,235000
3,659785	936,287474	29,606	0,256718	22,430000	56,235000
3,659757	936,280465	29,656	0,256715	22,430000	56,235000
3,659771	936,153138	29,706	0,256662	22,430000	56,235000
3,659698	936,272288	29,756	0,256711	22,430000	56,235000
3,659767	936,358730	29,806	0,256748	22,430000	56,235000
3,659776	936,208041	29,856	0,256685	22,430000	56,235000
3,659755	936,169492	29,906	0,256668	22,430000	56,235000
3,659755	936,192855	29,957	0,256678	22,430000	56,235000
3,659726	935,884467	30,009	0,256549	22,430000	56,235000
3,659862	936,335367	30,060	0,256738	22,430000	56,235000
3,659709	936,208041	30,110	0,256685	22,430000	56,235000
3,659740	936,201032	30,160	0,256682	22,430000	56,235000
3,659822	936,042165	30,210	0,256615	22,430000	56,235000
3,659834	935,821387	30,260	0,256523	22,430000	56,235000
3,659766	936,018802	30,310	0,256605	22,430000	56,235000
3,659731	935,916006	30,360	0,256563	22,430000	56,235000
3,659754	935,979086	30,410	0,256589	22,430000	56,235000
3,659807	935,947546	30,461	0,256576	22,430000	56,235000
3,659777	936,224394	30,511	0,256691	22,430000	56,235000
3,659778	936,146129	30,561	0,256659	22,430000	56,250000
3,657240	933,502635	30,611	0,255554	22,430000	56,250000
3,654764	933,225787	30,661	0,255438	22,430000	56,250000
3,652253	931,231777	30,711	0,254604	22,430000	56,250000
3,649754	926,761317	30,761	0,252736	22,430000	56,250000
3,647253	926,143372	30,811	0,252478	22,430000	56,250000
3,644732	921,918221	30,861	0,250711	22,430000	56,250000
3,642266	921,364524	30,911	0,250480	22,430000	56,250000
3,639755	916,727020	30,961	0,248542	22,430000	56,250000
3,637272	916,458349	31,011	0,248429	22,430000	56,250000
3,634740	913,387317	31,061	0,247146	22,430000	56,250000
3,632226	911,678332	31,112	0,246431	22,430000	56,250000
3,629747	907,856188	31,163	0,244833	22,430000	56,250000
3,627347	906,780334	31,213	0,244384	22,430000	56,250000
3,624787	902,958190	31,263	0,242786	22,430000	56,250000
3,622257	902,048211	31,313	0,242406	22,430000	56,250000
3,619716	898,448013	31,363	0,240901	22,430000	56,250000
3,617229	894,808098	31,413	0,239379	22,430000	56,250000
3,614813	894,816275	31,463	0,239383	22,430000	56,250000
3,612263	890,107515	31,513	0,237415	22,430000	56,250000
3,609758	888,928865	31,563	0,236922	22,430000	56,250000
3,607302	884,995748	31,613	0,235278	22,430000	56,250000
3,604787	884,892952	31,664	0,235235	22,430000	56,250000
3,602282	880,255448	31,714	0,233296	22,430000	56,250000
3,599742	879,424903	31,764	0,232949	22,430000	56,250000
3,597342	875,428706	31,814	0,231279	22,430000	56,250000
3,594744	875,421697	31,865	0,231276	22,430000	56,250000
3,592227	870,633504	31,916	0,229274	22,430000	56,250000
3,589711	870,555239	31,966	0,229242	22,430000	56,250000
3,587227	866,083611	32,016	0,227373	22,430000	56,250000
3,584856	865,609347	32,066	0,227174	22,430000	56,250000
3,582314	861,177435	32,116	0,225322	22,430000	56,250000
3,579774	860,845684	32,166	0,225183	22,430000	56,250000
3,577224	855,821527	32,217	0,223083	22,430000	56,250000
3,574692	856,271260	32,268	0,223271	22,430000	56,250000
3,572263	851,294997	32,319	0,221191	22,430000	56,250000
3,569799	851,159493	32,369	0,221134	22,430000	56,250000
3,567214	849,173660	32,419	0,220304	22,430000	56,250000
3,564794	846,791829	32,469	0,219309	22,430000	56,250000
3,562314	844,394812	32,519	0,218307	22,430000	56,250000
3,559804	841,727955	32,570	0,217192	22,430000	56,250000
3,557319	837,400007	32,620	0,215383	22,430000	56,250000
3,554715	837,114982	32,670	0,215264	22,430000	56,250000
3,552285	832,762504	32,720	0,213444	22,430000	56,250000
3,549705	829,739365	32,770	0,212181	22,430000	56,250000
3,547297	828,204433	32,821	0,211539	22,430000	56,250000
3,544796	827,413605	32,871	0,211208	22,430000	56,250000
3,542371	823,931388	32,922	0,209753	22,430000	56,250000
3,539731	820,505243	32,973	0,208321	22,430000	56,250000
3,537251	817,886280	33,024	0,207226	22,430000	56,250000
3,534795	817,704050	33,074	0,207150	22,430000	56,250000
3,532291	814,475320	33,125	0,205800	22,430000	56,250000
3,529834	813,265130	33,176	0,205294	22,430000	56,250000
3,527276	810,298062	33,226	0,204054	22,430000	56,250000
3,524743	808,121823	33,276	0,203145	22,430000	56,250000
3,522311	805,565939	33,326	0,202076	22,430000	56,250000
3,519811	803,389700	33,376	0,201167	22,430000	56,250000
3,517251	800,563977	33,426	0,199985	22,430000	56,250000
3,514844	796,441621	33,476	0,198262	22,430000	56,250000
3,512298	795,871570	33,526	0,198024	22,430000	56,250000
3,509757	792,010878	33,577	0,196410	22,430000	56,250000
3,507286	791,788932	33,627	0,196317	22,430000	56,250000
3,504810	787,191145	33,677	0,194396	22,430000	56,250000
3,502276	786,882756	33,728	0,194267	22,430000	56,250000
3,499786	782,008121	33,778	0,192229	22,430000	56,250000
3,497292	779,548024	33,828	0,191201	22,430000	56,250000
3,494848	777,086760	33,878	0,190172	22,430000	56,250000
3,492248	777,086760	33,929	0,190172	22,430000	56,250000
3,489767	773,201536	33,979	0,188548	22,430000	56,250000
3,487260	772,109328	34,029	0,188091	22,430000	56,250000
3,484779	768,232282	34,079	0,186471	22,430000	56,250000
3,482282	767,876000	34,130	0,186322	22,430000	56,250000
3,479753	763,120514	34,180	0,184334	22,430000	56,250000
3,477279	760,927921	34,230	0,183417	22,430000	56,250000
3,474739	760,690789	34,298	0,183318	22,430000	56,250000
3,472192	757,723722	34,349	0,182078	22,430000	56,250000
3,469777	755,373430	34,399	0,181096	22,430000	56,250000
3,467255	753,474039	34,449	0,180302	22,430000	56,250000
3,464753	750,871430	34,499	0,179214	22,430000	56,250000
3,462279	748,425351	34,549	0,178191	22,430000	56,235000
3,459750	746,036511	34,599	0,177193	22,430000	56,235000
3,457305	742,333517	34,654	0,175645	22,430000	56,235000
3,454789	741,059080	34,704	0,175112	22,430000	56,235000
3,452291	736,762672	34,754	0,173316	22,430000	56,235000
3,449813	736,651699	34,805	0,173270	22,430000	56,235000
3,447281	731,389242	34,855	0,171070	22,430000	56,235000
3,444755	731,618197	34,906	0,171166	22,430000	56,235000
3,442254	727,369683	34,956	0,169390	22,430000	56,235000
3,439809	727,353329	35,007	0,169383	22,430000	56,235000
3,437270	724,528774	35,065	0,168203	22,430000	56,235000
3,434823	722,012607	35,116	0,167151	22,430000	56,235000
3,432298	719,891270	35,166	0,166264	22,430000	56,235000
3,429773	717,351740	35,216	0,165203	22,430000	56,235000
3,427288	714,906829	35,267	0,164181	22,430000	56,235000
3,424859	712,405848	35,317	0,163135	22,430000	56,235000
3,422272	710,182884	35,367	0,162206	22,430000	56,235000
3,419786	706,660951	35,417	0,160734	22,430000	56,235000
3,417304	703,100469	35,470	0,159246	22,430000	56,235000
3,414793	702,800258	35,520	0,159120	22,430000	56,235000
3,412341	698,305267	35,570	0,157241	22,430000	56,235000
3,409804	698,502682	35,620	0,157324	22,430000	56,235000
3,407326	693,612861	35,670	0,155280	22,430000	56,235000
3,404834	692,354777	35,720	0,154754	22,430000	56,235000
3,402342	690,763775	35,770	0,154089	22,430000	56,235000
3,399769	686,467367	35,821	0,152293	22,430000	56,235000
3,397294	686,301491	35,872	0,152224	22,430000	56,235000
3,394785	684,108898	35,922	0,151307	22,430000	56,235000
3,392258	681,331069	35,973	0,150146	22,430000	56,235000
3,389814	678,474974	36,023	0,148952	22,430000	56,235000
3,387327	676,797529	36,073	0,148251	22,430000	56,235000
3,384858	674,375981	36,123	0,147239	22,430000	56,235000
3,382287	669,778194	36,173	0,145317	22,430000	56,235000
3,379837	667,286558	36,223	0,144275	22,430000	56,235000
3,377307	667,404540	36,273	0,144325	22,430000	56,235000
3,374851	664,508728	36,323	0,143114	22,430000	56,235000
3,372310	662,688771	36,373	0,142354	22,430000	56,235000
3,369831	659,594376	36,423	0,141060	22,430000	56,235000
3,367249	658,027904	36,473	0,140405	22,430000	56,235000
3,364787	654,973226	36,523	0,139128	22,430000	56,250000
3,362247	652,899783	36,573	0,138262	22,430000	56,250000
3,359808	650,479403	36,623	0,137250	22,430000	56,250000
3,357306	646,079031	36,674	0,135411	22,430000	56,250000
3,354734	645,730927	36,725	0,135265	22,430000	56,250000
3,352286	641,797810	36,776	0,133621	22,430000	56,250000
3,349802	641,141317	36,826	0,133347	22,430000	56,250000
3,347330	637,058678	36,877	0,131640	22,430000	56,250000
3,344830	636,196593	36,928	0,131280	22,430000	56,250000
3,342349	632,770447	36,978	0,129848	22,430000	56,250000
3,339809	628,955312	37,028	0,128253	22,430000	56,250000
3,337297	629,374673	37,078	0,128428	22,430000	56,250000
3,334822	626,826966	37,129	0,127363	22,430000	56,250000
3,332322	624,484852	37,179	0,126384	22,430000	56,250000
3,329850	621,983870	37,229	0,125339	22,430000	56,250000
3,327391	619,634747	37,279	0,124357	22,430000	56,250000
3,324859	617,362721	37,329	0,123407	22,430000	56,250000
3,322344	614,949350	37,379	0,122398	22,430000	56,250000
3,319833	610,495243	37,429	0,120537	22,430000	56,250000
3,317341	610,249935	37,490	0,120434	22,430000	56,250000
3,314809	606,111225	37,540	0,118704	22,430000	56,250000
3,312309	605,279512	37,590	0,118356	22,430000	56,250000
3,309823	602,383700	37,641	0,117146	22,430000	56,250000
3,307311	600,825406	37,691	0,116495	22,430000	56,250000
3,304904	597,437808	37,742	0,115079	22,430000	56,250000
3,302363	595,982310	37,792	0,114470	22,430000	56,250000
3,299795	593,815416	37,843	0,113564	22,430000	56,250000
3,297354	589,937201	37,899	0,111943	22,430000	56,250000
3,294849	586,178136	37,950	0,110372	22,430000	56,250000
3,292360	585,782138	38,000	0,110207	22,430000	56,250000
3,289845	581,628243	38,051	0,108470	22,430000	56,250000
3,287301	581,502084	38,101	0,108417	22,430000	56,250000
3,284850	576,778138	38,151	0,106443	22,430000	56,250000
3,282359	574,451209	38,201	0,105470	22,430000	56,250000
3,279794	574,379953	38,264	0,105440	22,430000	56,250000
3,277330	572,472385	38,315	0,104643	22,430000	56,250000
3,274878	569,497140	38,366	0,103399	22,430000	56,250000
3,272367	565,889933	38,417	0,101892	22,430000	56,250000
3,269815	564,978787	38,467	0,101511	22,430000	56,250000
3,267295	562,470797	38,517	0,100462	22,430000	56,250000
3,264839	560,319088	38,567	0,099563	22,430000	56,250000
3,262342	557,841470	38,617	0,098527	22,430000	56,250000
3,259803	553,465629	38,668	0,096698	22,430000	56,250000
3,257368	551,978590	38,719	0,096077	22,430000	56,250000
3,254825	548,203172	38,769	0,094499	22,430000	56,250000
3,252331	548,140092	38,819	0,094472	22,430000	56,250000
3,249863	543,606553	38,869	0,092577	22,430000	56,250000
3,247355	542,229319	38,919	0,092001	22,430000	56,250000
3,244828	541,082209	38,969	0,091522	22,430000	56,250000
3,242321	536,547501	39,019	0,089626	22,430000	56,250000
3,239841	535,622337	39,074	0,089240	22,430000	56,250000
3,237364	531,689219	39,126	0,087596	22,430000	56,250000
3,234800	530,929930	39,177	0,087278	22,430000	56,250000
3,232316	527,036530	39,227	0,085651	22,430000	56,250000
3,229826	526,189631	39,277	0,085297	22,430000	56,250000
3,227275	522,138532	39,327	0,083604	22,430000	56,250000
3,224876	521,402605	39,378	0,083296	22,430000	56,250000
3,222366	517,548922	39,429	0,081685	22,430000	56,250000
3,219854	517,081667	39,479	0,081490	22,430000	56,250000
3,217347	512,698817	39,529	0,079658	22,430000	56,250000
3,214827	512,729188	39,579	0,079670	22,430000	56,250000
3,212364	507,799650	39,630	0,077610	22,430000	56,250000
3,209841	507,879084	39,681	0,077643	22,430000	56,250000
3,207356	503,519597	39,731	0,075821	22,430000	56,250000
3,204873	503,218217	39,782	0,075695	22,430000	56,250000
3,202348	500,085274	39,832	0,074385	22,430000	56,250000
3,199878	498,502448	39,892	0,073724	22,430000	56,250000
3,197367	495,898671	39,942	0,072635	22,430000	56,250000
3,194817	493,841582	39,992	0,071775	22,430000	56,250000
3,192316	491,128000	40,042	0,070641	22,430000	56,250000
3,189930	489,006663	40,092	0,069754	22,430000	56,250000
3,187337	486,490496	40,142	0,068703	22,430000	56,250000
3,184876	484,243001	40,192	0,067763	22,430000	56,250000
3,182387	479,162773	40,242	0,065640	22,430000	56,250000
3,179859	478,910455	40,301	0,065534	22,430000	56,250000
3,177412	474,897905	40,351	0,063857	22,430000	56,250000
3,174858	474,438827	40,401	0,063665	22,430000	56,250000
3,172324	469,991730	40,451	0,061806	22,430000	56,250000
3,169841	469,556015	40,502	0,061624	22,430000	56,250000
3,167321	465,282969	40,553	0,059838	22,420000	56,220000
3,164877	465,141625	40,604	0,059779	22,420000	56,220000
3,162372	460,560192	40,655	0,057864	22,420000	56,220000
3,159822	460,543838	40,706	0,057857	22,420000	56,220000
3,157329	456,595535	40,756	0,056207	22,420000	56,220000
3,154829	455,859609	40,807	0,055899	22,420000	56,220000
3,152350	451,775802	40,857	0,054192	22,420000	56,220000
3,149860	451,104123	40,908	0,053911	22,420000	56,220000
3,147332	447,693163	40,958	0,052485	22,420000	56,220000
3,144839	446,189771	41,008	0,051857	22,420000	56,220000
3,142328	442,082601	41,068	0,050140	22,420000	56,220000
3,139828	440,602572	41,118	0,049521	22,420000	56,220000
3,137426	436,757065	41,169	0,047914	22,420000	56,220000
3,134905	436,472039	41,219	0,047795	22,420000	56,220000
3,132374	432,412764	41,269	0,046098	22,420000	56,220000
3,129812	432,286605	41,319	0,046045	22,420000	56,220000
3,127305	427,403792	41,369	0,044004	22,420000	56,220000
3,124853	424,975235	41,419	0,042989	22,420000	56,220000
3,122375	425,038315	41,469	0,043016	22,420000	56,220000
3,119860	421,841124	41,519	0,041679	22,420000	56,220000
3,117376	420,203396	41,569	0,040995	22,420000	56,220000
3,114906	416,967657	41,619	0,039642	22,420000	56,220000
3,112389	415,534353	41,669	0,039043	22,420000	56,220000
3,109869	412,385055	41,719	0,037727	22,420000	56,220000
3,107354	410,684248	41,770	0,037016	22,420000	56,220000
3,104860	405,690462	41,820	0,034928	22,420000	56,220000
3,102361	405,580658	41,875	0,034882	22,420000	56,220000
3,099864	401,022587	41,925	0,032977	22,420000	56,220000
3,097377	400,333386	41,976	0,032689	22,420000	56,220000
3,094831	398,861534	42,026	0,032074	22,420000	56,220000
3,092411	395,697051	42,077	0,030751	22,420000	56,220000
3,089851	391,455545	42,128	0,028978	22,420000	56,220000
3,087331	392,032605	42,178	0,029219	22,420000	56,220000
3,084807	386,786502	42,229	0,027026	22,420000	56,220000
3,082371	387,111244	42,280	0,027162	22,420000	56,220000
3,079880	384,610263	42,331	0,026117	22,420000	56,220000
3,077374	379,997290	42,381	0,024188	22,420000	56,220000
3,074800	379,072125	42,432	0,023802	22,420000	56,220000
3,072379	375,202088	42,482	0,022184	22,420000	56,220000
3,069869	374,078340	42,532	0,021714	22,420000	56,220000
3,067408	370,526035	42,582	0,020229	22,430000	56,250000
3,064836	369,505084	42,633	0,019803	22,430000	56,250000
3,062444	368,412876	42,684	0,019346	22,430000	56,250000
3,059936	364,322060	42,735	0,017636	22,430000	56,250000
3,057395	363,665567	42,785	0,017362	22,430000	56,250000
3,054830	359,851600	42,835	0,015768	22,430000	56,250000
3,052364	358,790932	42,886	0,015324	22,430000	56,250000
3,049884	355,997916	42,937	0,014157	22,430000	56,250000
3,047365	351,384943	42,987	0,012229	22,430000	56,250000
3,044864	349,461022	43,037	0,011424	22,430000	56,250000
3,042384	348,678370	43,097	0,011097	22,430000	56,250000
3,039893	344,445041	43,147	0,009328	22,430000	56,250000
3,037390	344,072406	43,197	0,009172	22,430000	56,250000
3,034917	339,570406	43,248	0,007290	22,430000	56,250000
3,032367	339,712919	43,298	0,007350	22,430000	56,250000
3,029905	334,719133	43,348	0,005262	22,430000	56,250000
3,027364	334,917716	43,398	0,005345	22,430000	56,250000
3,024854	332,693584	43,460	0,004416	22,430000	56,250000
3,022345	330,177417	43,511	0,003364	22,430000	56,250000
3,019861	327,613356	43,561	0,002292	22,430000	56,250000
3,017349	325,357684	43,611	0,001349	22,430000	56,250000
3,014861	323,474647	43,661	0,000562	22,430000	56,250000
3,012369	320,349880	43,711	-0,000744	22,430000	56,250000
3,009838	318,094208	43,761	-0,001687	22,430000	56,250000
3,007363	315,720554	43,812	-0,002679	22,430000	56,250000
3,004890	312,903007	43,870	-0,003857	22,430000	56,250000
3,002390	311,621561	43,920	-0,004393	22,430000	56,250000
2,999856	307,269083	43,970	-0,006212	22,430000	56,250000
2,997342	307,142924	44,020	-0,006265	22,430000	56,250000
2,994801	302,047510	44,070	-0,008395	22,430000	56,250000
2,992397	302,117599	44,120	-0,008365	22,430000	56,250000
2,989849	297,630785	44,171	-0,010241	22,430000	56,250000
2,987357	294,917202	44,221	-0,011375	22,430000	56,250000
2,984877	294,845946	44,273	-0,011405	22,430000	56,250000
2,982350	292,440752	44,323	-0,012410	22,430000	56,250000
2,979928	288,396662	44,373	-0,014101	22,430000	56,250000
2,977419	287,842965	44,423	-0,014332	22,430000	56,250000
2,974878	285,096675	44,474	-0,015480	22,430000	56,250000
2,972410	283,134205	44,524	-0,016300	22,430000	56,250000
2,969912	279,083106	44,574	-0,017994	22,430000	56,250000
2,967403	277,761943	44,625	-0,018546	22,430000	56,250000
2,964887	274,810061	44,676	-0,019780	22,430000	56,250000
2,962437	273,757570	44,726	-0,020220	22,430000	56,250000
2,959937	270,601263	44,777	-0,021539	22,430000	56,250000
2,957372	269,295286	44,828	-0,022085	22,430000	56,250000
2,954896	266,018662	44,878	-0,023455	22,430000	56,250000
2,952420	264,231413	44,928	-0,024202	22,430000	56,250000
2,949898	261,357796	44,979	-0,025403	22,430000	56,250000
2,947356	257,029848	45,029	-0,027212	22,430000	56,250000
2,944890	256,658381	45,081	-0,027367	22,430000	56,250000
2,942410	252,606114	45,131	-0,029061	22,430000	56,250000
2,939877	252,748626	45,181	-0,029001	22,430000	56,250000
2,937393	247,732646	45,231	-0,031098	22,430000	56,250000
2,934861	247,534063	45,281	-0,031181	22,430000	56,250000
2,932445	242,858011	45,331	-0,033136	22,430000	56,250000
2,929859	242,644242	45,381	-0,033225	22,430000	56,250000
2,927410	238,450630	45,431	-0,034978	22,430000	56,250000
2,924898	238,102525	45,481	-0,035124	22,430000	56,250000
2,922442	234,010541	45,532	-0,036834	22,430000	56,250000
2,919895	233,338863	45,582	-0,037115	22,430000	56,250000
2,917326	229,318135	45,632	-0,038795	22,430000	56,250000
2,914864	229,001570	45,682	-0,038928	22,430000	56,250000
2,912421	224,950471	45,732	-0,040621	22,430000	56,250000
2,909860	224,278792	45,783	-0,040902	22,430000	56,250000
2,907373	220,526736	45,833	-0,042470	22,430000	56,250000
2,904874	216,886822	45,883	-0,043992	22,430000	56,250000
2,902453	216,618150	45,934	-0,044104	22,430000	56,250000
2,899853	212,179230	45,985	-0,045959	22,430000	56,250000
2,897373	211,988823	46,035	-0,046039	22,430000	56,250000
2,894861	207,320948	46,086	-0,047990	22,430000	56,250000
2,892382	207,423744	46,137	-0,047947	22,430000	56,250000
2,889903	202,762878	46,187	-0,049896	22,430000	56,250000
2,887406	201,164866	46,237	-0,050563	22,430000	56,250000
2,884818	200,523559	46,307	-0,050832	22,430000	56,250000
2,882450	197,745729	46,357	-0,051993	22,430000	56,250000
2,879941	195,775082	46,408	-0,052816	22,430000	56,250000
2,877371	193,243729	46,458	-0,053875	22,430000	56,250000
2,874886	191,146924	46,508	-0,054751	22,430000	56,250000
2,872343	188,463713	46,559	-0,055873	22,430000	56,235000
2,869924	186,327190	46,609	-0,056766	22,430000	56,235000
2,867443	181,682678	46,663	-0,058707	22,430000	56,235000
2,864857	181,294856	46,713	-0,058869	22,430000	56,235000
2,862425	177,045174	46,763	-0,060646	22,430000	56,235000
2,859910	177,093068	46,813	-0,060625	22,430000	56,235000
2,857423	172,321228	46,863	-0,062620	22,430000	56,235000
2,854877	172,511635	46,914	-0,062541	22,430000	56,235000
2,852390	167,676716	46,964	-0,064562	22,430000	56,235000
2,849922	167,336788	47,014	-0,064704	22,430000	56,235000
2,847389	165,223628	47,072	-0,065587	22,430000	56,235000
2,844886	162,960947	47,122	-0,066533	22,430000	56,235000
2,842422	159,351404	47,173	-0,068042	22,430000	56,235000
2,839879	158,386523	47,223	-0,068445	22,430000	56,235000
2,837380	155,189332	47,274	-0,069781	22,430000	56,235000
2,834881	153,456985	47,324	-0,070505	22,430000	56,235000
2,832415	150,315864	47,375	-0,071818	22,430000	56,235000
2,829887	146,303314	47,425	-0,073496	22,430000	56,235000
2,827421	146,628056	47,476	-0,073360	22,430000	56,235000
2,824888	144,032456	47,526	-0,074445	22,430000	56,235000
2,822408	141,294342	47,576	-0,075589	22,430000	56,235000
2,819923	139,363412	47,627	-0,076396	22,430000	56,235000
2,817445	136,712909	47,677	-0,077504	22,430000	56,235000
2,814867	132,448041	47,728	-0,079287	22,430000	56,235000
2,812381	132,043866	47,778	-0,079456	22,430000	56,235000
2,809899	127,684379	47,829	-0,081278	22,430000	56,235000
2,807371	125,342264	47,880	-0,082257	22,430000	56,235000
2,804877	124,740674	47,930	-0,082509	22,430000	56,235000
2,802407	120,040090	47,981	-0,084474	22,430000	56,235000
2,799912	120,127701	48,031	-0,084437	22,430000	56,235000
2,797366	116,123327	48,081	-0,086111	22,430000	56,235000
2,794902	113,986805	48,131	-0,087004	22,430000	56,235000
2,792389	113,385214	48,181	-0,087255	22,430000	56,235000
2,789920	108,361057	48,231	-0,089355	22,430000	56,235000
2,787443	108,637906	48,281	-0,089240	22,430000	56,235000
2,784882	104,934911	48,331	-0,090788	22,430000	56,235000
2,782418	103,922137	48,382	-0,091211	22,430000	56,235000
2,779882	100,708592	48,433	-0,092554	22,430000	56,235000
2,777390	99,213377	48,484	-0,093179	22,430000	56,235000
2,774905	96,301211	48,535	-0,094396	22,430000	56,235000
2,772417	94,607413	48,585	-0,095104	22,420000	56,250000
2,769910	89,884635	48,635	-0,097079	22,420000	56,250000
2,767418	87,328751	48,686	-0,098147	22,420000	56,250000
2,764965	87,715404	48,736	-0,097985	22,420000	56,250000
2,762429	82,810397	48,786	-0,100036	22,420000	56,250000
2,759905	82,374682	48,836	-0,100218	22,420000	56,250000
2,757390	78,022204	48,886	-0,102037	22,420000	56,250000
2,754918	77,950948	48,936	-0,102067	22,420000	56,250000
2,752411	75,632196	48,986	-0,103036	22,420000	56,250000
2,749943	70,916427	49,037	-0,105007	22,420000	56,250000
2,747421	71,185098	49,087	-0,104895	22,420000	56,250000
2,744861	68,534596	49,137	-0,106003	22,420000	56,250000
2,742426	66,192481	49,188	-0,106982	22,420000	56,250000
2,739970	61,697490	49,238	-0,108861	22,420000	56,250000
2,737462	60,187089	49,289	-0,109492	22,420000	56,250000
2,734950	56,815846	49,339	-0,110901	22,420000	56,250000
2,732428	55,675744	49,389	-0,111378	22,420000	56,250000
2,729926	52,131616	49,439	-0,112859	22,420000	56,250000
2,727411	52,503084	49,501	-0,112704	22,420000	56,250000
2,724918	48,641223	49,552	-0,114318	22,420000	56,250000
2,722390	47,620271	49,602	-0,114745	22,420000	56,250000
2,719913	44,479151	49,653	-0,116058	22,420000	56,250000
2,717405	42,682556	49,704	-0,116809	22,420000	56,250000
2,714886	40,103310	49,755	-0,117887	22,420000	56,250000
2,712404	38,029867	49,805	-0,118754	22,420000	56,250000
2,709911	33,179762	49,855	-0,120781	22,420000	56,250000
2,707392	32,316509	49,912	-0,121142	22,420000	56,250000
2,704917	28,810930	49,962	-0,122607	22,420000	56,250000
2,702433	28,581975	50,012	-0,122703	22,420000	56,250000
2,699967	23,921109	50,062	-0,124651	22,420000	56,250000
2,697377	24,182771	50,112	-0,124542	22,420000	56,250000
2,694935	19,142260	50,162	-0,126649	22,420000	56,250000
2,692415	19,608347	50,213	-0,126454	22,420000	56,250000
2,689898	14,845853	50,279	-0,128445	22,420000	56,250000
2,687452	13,428903	50,329	-0,129037	22,420000	56,250000
2,684935	9,986403	50,380	-0,130476	22,420000	56,250000
2,682425	9,590404	50,430	-0,130642	22,420000	56,250000
2,679934	5,476226	50,481	-0,132361	22,420000	56,250000
2,677461	5,111767	50,531	-0,132514	22,420000	56,250000
2,674887	0,641307	50,581	-0,134382	22,420000	56,250000
2,672369	-1,985833	50,631	-0,135480	22,420000	56,250000
2,669935	-1,543109	50,682	-0,135295	22,420000	56,250000
2,667409	-5,063874	50,732	-0,136767	22,420000	56,250000
2,664893	-6,321957	50,783	-0,137293	22,420000	56,250000
2,662425	-9,162866	50,833	-0,138480	22,420000	56,250000
2,659920	-11,156876	50,884	-0,139314	22,420000	56,250000
