Quasi static measurement routine
Tip parameters (shape,radius, material...) 
05.09.2022

Piezo position[nm]	MEMS displ.[nm]	Time[ms]	Cap [pf]	Temp [°C]	Rh [%]
eoh
1,935986	-0,024472	0,196	-0,069632	94,160000	0,000000
1,938011	0,339117	0,296	-0,069480	94,160000	0,000000
1,939979	2,447233	0,397	-0,068597	94,160000	0,000000
1,942008	4,230217	0,497	-0,067850	94,160000	0,000000
1,943927	6,503813	0,597	-0,066897	94,160000	0,000000
1,946007	7,783366	0,697	-0,066361	94,160000	0,000000
1,948006	10,040647	0,797	-0,065415	94,160000	0,000000
1,949932	12,077678	0,897	-0,064562	94,160000	0,000000
1,951984	14,374580	0,997	-0,063599	94,160000	0,000000
1,953985	16,648176	1,097	-0,062646	94,160000	0,000000
1,956050	18,147981	1,197	-0,062018	94,160000	0,000000
1,957990	20,342333	1,297	-0,061099	94,160000	0,000000
1,959986	22,293127	1,398	-0,060281	94,160000	0,000000
1,962004	26,089834	1,499	-0,058690	94,160000	0,000000
1,963923	28,236407	1,599	-0,057791	94,160000	0,000000
1,966000	28,221258	1,699	-0,057797	94,160000	0,000000
1,967960	30,217501	1,799	-0,056961	94,160000	0,000000
1,969947	32,436325	1,899	-0,056031	94,160000	0,000000
1,971966	34,511812	2,001	-0,055162	94,160000	0,000000
1,973980	35,791365	2,101	-0,054625	94,160000	0,000000
1,975889	38,215291	2,201	-0,053610	94,160000	0,000000
1,978014	40,282620	2,301	-0,052744	94,160000	0,000000
1,979951	42,327808	2,401	-0,051887	94,160000	0,000000
1,982018	44,285594	2,501	-0,051066	94,160000	0,000000
1,983986	48,374804	2,601	-0,049353	94,160000	0,000000
1,985963	50,308118	2,701	-0,048543	94,160000	0,000000
1,987974	52,439542	2,801	-0,047650	94,160000	0,000000
1,989948	54,137455	2,901	-0,046938	94,160000	0,000000
1,992001	56,379587	3,001	-0,045999	94,160000	0,000000
1,993976	56,371429	3,102	-0,046002	94,160000	0,000000
1,995921	58,344365	3,203	-0,045176	94,160000	0,000000
1,998029	60,492104	3,303	-0,044276	94,160000	0,000000
1,999979	62,529134	3,403	-0,043422	94,160000	0,000000
2,001995	64,541692	3,503	-0,042579	94,160000	0,000000
2,003984	66,428392	3,603	-0,041789	94,160000	0,000000
2,005984	70,343964	3,703	-0,040148	94,160000	0,000000
2,007961	72,435766	3,804	-0,039271	94,160000	0,000000
2,009996	74,448324	3,904	-0,038428	94,160000	0,000000
2,011976	76,295402	4,004	-0,037654	94,160000	0,000000
2,013969	78,355739	4,104	-0,036791	94,160000	0,000000
2,015951	78,348747	4,205	-0,036794	94,160000	0,000000
2,017976	80,708579	4,306	-0,035805	94,160000	0,000000
2,019971	84,371271	4,407	-0,034271	94,160000	0,000000
2,022017	86,605245	4,507	-0,033334	94,110000	0,000000
2,023948	88,176136	4,608	-0,032676	94,110000	0,000000
2,025992	90,196851	4,709	-0,031830	94,110000	0,000000
2,027919	91,246830	4,809	-0,031390	94,110000	0,000000
2,029951	92,834036	4,910	-0,030725	94,110000	0,000000
2,031981	96,607436	5,010	-0,029144	94,110000	0,000000
2,033995	97,120189	5,110	-0,028929	94,110000	0,000000
2,035966	99,812146	5,210	-0,027801	94,110000	0,000000
2,037991	101,581146	5,311	-0,027060	94,110000	0,000000
2,039951	103,159028	5,413	-0,026398	94,110000	0,000000
2,041953	105,211208	5,513	-0,025539	94,110000	0,000000
2,043987	107,319324	5,613	-0,024655	94,110000	0,000000
2,045940	108,772515	5,714	-0,024046	94,110000	0,000000
2,047968	110,856159	5,814	-0,023173	94,110000	0,000000
2,049988	112,956118	5,915	-0,022293	94,110000	0,000000
2,052006	114,945368	6,015	-0,021460	94,110000	0,000000
2,054023	116,823911	6,116	-0,020673	94,110000	0,000000
2,056003	118,742076	6,216	-0,019869	94,110000	0,000000
2,057937	120,992365	6,317	-0,018926	94,110000	0,000000
2,059998	124,694679	6,417	-0,017375	94,110000	0,000000
2,061993	124,820536	6,517	-0,017322	94,170000	0,000000
2,063937	126,865724	6,617	-0,016465	94,170000	0,000000
2,065958	128,909746	6,718	-0,015609	94,170000	0,000000
2,067919	132,210015	6,818	-0,014226	94,170000	0,000000
2,069986	132,636532	6,918	-0,014047	94,170000	0,000000
2,071913	134,837877	7,018	-0,013125	94,170000	0,000000
2,073966	136,795663	7,119	-0,012305	94,170000	0,000000
2,076030	138,793071	7,219	-0,011468	94,170000	0,000000
2,077948	142,756423	7,319	-0,009807	94,170000	0,000000
2,079986	142,875289	7,420	-0,009757	94,170000	0,000000
2,081971	146,987806	7,520	-0,008034	94,170000	0,000000
2,083902	148,479453	7,620	-0,007409	94,170000	0,000000
2,086003	151,131787	7,721	-0,006298	94,170000	0,000000
2,087933	153,074424	7,821	-0,005484	94,170000	0,000000
2,090007	155,244304	7,921	-0,004575	94,170000	0,000000
2,091963	157,289491	8,022	-0,003718	94,170000	0,000000
2,093997	159,002554	8,122	-0,003000	94,170000	0,000000
2,095958	161,039585	8,222	-0,002146	94,170000	0,000000
2,098003	163,288708	8,322	-0,001204	94,170000	0,000000
2,099951	165,269802	8,423	-0,000374	94,170000	0,000000
2,101989	167,227588	8,524	0,000446	94,080000	0,000000
2,103906	168,798479	8,624	0,001104	94,080000	0,000000
2,105967	169,312397	8,724	0,001320	94,080000	0,000000
2,107972	172,816602	8,824	0,002788	94,080000	0,000000
2,109967	173,061325	8,924	0,002891	94,080000	0,000000
2,112047	174,995805	9,024	0,003701	94,080000	0,000000
2,114002	178,287916	9,124	0,005081	94,080000	0,000000
2,115898	181,105730	9,224	0,006261	94,080000	0,000000
2,117921	181,437854	9,324	0,006400	94,080000	0,000000
2,119928	184,705493	9,425	0,007770	94,080000	0,000000
2,121969	186,757673	9,525	0,008629	94,080000	0,000000
2,123941	188,746923	9,625	0,009463	94,080000	0,000000
2,125915	190,633624	9,725	0,010253	94,080000	0,000000
2,127918	193,223029	9,825	0,011338	94,080000	0,000000
2,129971	193,381517	9,926	0,011405	94,080000	0,000000
2,131964	195,299681	10,027	0,012208	94,080000	0,000000
2,133941	198,046409	10,127	0,013359	94,080000	0,000000
2,135997	199,253710	10,227	0,013865	94,080000	0,000000
2,137916	202,033068	10,328	0,015030	94,080000	0,000000
2,140015	204,108555	10,429	0,015899	94,080000	0,000000
2,141978	206,034877	10,529	0,016707	94,160000	0,000000
2,143904	207,527689	10,630	0,017332	94,160000	0,000000
2,146000	209,201130	10,730	0,018033	94,160000	0,000000
2,147938	213,645771	10,830	0,019896	94,160000	0,000000
2,149975	213,723850	10,930	0,019928	94,160000	0,000000
2,151993	215,413606	11,030	0,020636	94,160000	0,000000
2,153982	217,300306	11,130	0,021427	94,160000	0,000000
2,155968	219,304706	11,231	0,022267	94,160000	0,000000
2,157998	221,609767	11,331	0,023232	94,160000	0,000000
2,159908	223,402073	11,432	0,023983	94,160000	0,000000
2,162004	225,257309	11,533	0,024761	94,160000	0,000000
2,163962	229,315054	11,633	0,026461	94,160000	0,000000
2,165977	229,599400	11,733	0,026580	94,160000	0,000000
2,167956	233,348327	11,833	0,028151	94,160000	0,000000
2,170026	233,214312	11,933	0,028095	94,160000	0,000000
2,171982	235,235028	12,033	0,028941	94,160000	0,000000
2,173942	237,248751	12,134	0,029785	94,160000	0,000000
2,175995	238,835956	12,234	0,030450	94,160000	0,000000
2,177991	241,321646	12,334	0,031492	94,160000	0,000000
2,179936	243,272440	12,434	0,032309	94,160000	0,000000
2,181961	245,544871	12,534	0,033261	94,160000	0,000000
2,183945	247,322028	12,634	0,034006	94,160000	0,000000
2,185907	249,420822	12,734	0,034885	94,130000	0,000000
2,187967	252,587075	12,835	0,036212	94,130000	0,000000
2,189999	253,431953	12,935	0,036566	94,130000	0,000000
2,191935	255,523754	13,035	0,037442	94,130000	0,000000
2,194006	259,391548	13,135	0,039063	94,130000	0,000000
2,195984	261,112768	13,235	0,039784	94,130000	0,000000
2,197998	261,546278	13,335	0,039966	94,130000	0,000000
2,199934	263,497073	13,436	0,040783	94,130000	0,000000
2,201996	267,632896	13,537	0,042516	94,130000	0,000000
2,203984	268,177114	13,637	0,042744	94,130000	0,000000
2,205947	271,153416	13,737	0,043991	94,130000	0,000000
2,207955	273,403705	13,837	0,044934	94,130000	0,000000
2,210021	275,472199	13,937	0,045801	94,130000	0,000000
2,211980	275,669143	14,037	0,045883	94,130000	0,000000
2,213957	277,516222	14,137	0,046657	94,130000	0,000000
2,215960	279,394764	14,238	0,047444	94,130000	0,000000
2,217979	281,416645	14,338	0,048292	94,130000	0,000000
2,219981	283,563218	14,439	0,049191	94,130000	0,000000
2,221953	286,499897	14,539	0,050421	94,130000	0,000000
2,223962	289,585742	14,639	0,051714	94,130000	0,000000
2,225967	289,593899	14,739	0,051718	94,130000	0,000000
2,227988	291,268506	14,840	0,052419	94,130000	0,000000
2,229960	293,674952	14,940	0,053428	94,130000	0,000000
2,231963	296,817898	15,040	0,054745	94,130000	0,000000
2,234003	298,987778	15,140	0,055654	94,130000	0,000000
2,235981	300,945564	15,240	0,056474	94,130000	0,000000
2,237967	301,545719	15,341	0,056726	94,130000	0,000000
2,239936	303,503505	15,442	0,057546	94,130000	0,000000
2,241997	305,366898	15,542	0,058327	94,130000	0,000000
2,243938	307,655644	15,642	0,059286	94,130000	0,000000
2,245964	311,081770	15,742	0,060721	94,130000	0,000000
2,247981	313,781884	15,842	0,061853	94,130000	0,000000
2,249975	314,082544	15,943	0,061979	94,130000	0,000000
2,251960	316,710406	16,043	0,063080	94,130000	0,000000
2,253929	317,520324	16,143	0,063419	94,130000	0,000000
2,256014	320,498956	16,243	0,064667	94,130000	0,000000
2,257955	322,600080	16,343	0,065547	94,130000	0,000000
2,259977	324,169805	16,443	0,066205	94,130000	0,000000
2,261902	325,836254	16,544	0,066903	94,130000	0,000000
2,264006	328,291645	16,644	0,067932	94,130000	0,000000
2,265977	330,224959	16,744	0,068742	94,130000	0,000000
2,268024	331,724763	16,844	0,069371	94,130000	0,000000
2,269938	334,322326	16,944	0,070459	94,130000	0,000000
2,271921	336,422285	17,044	0,071339	94,130000	0,000000
2,273995	338,206435	17,144	0,072086	94,130000	0,000000
2,276005	340,156064	17,244	0,072903	94,130000	0,000000
2,277937	342,224558	17,345	0,073770	94,130000	0,000000
2,279939	343,818756	17,445	0,074438	94,130000	0,000000
2,281951	346,305610	17,545	0,075480	94,130000	0,000000
2,284038	348,215618	17,645	0,076280	94,130000	0,000000
2,286017	349,944996	17,745	0,077005	94,130000	0,000000
2,287980	352,036797	17,845	0,077881	94,130000	0,000000
2,289991	353,875718	17,945	0,078652	94,130000	0,000000
2,291901	357,586189	18,045	0,080207	94,130000	0,000000
2,293952	358,232958	18,145	0,080478	94,130000	0,000000
2,295992	360,238524	18,245	0,081318	94,130000	0,000000
2,297970	362,227774	18,346	0,082151	94,130000	0,000000
2,300018	365,819380	18,447	0,083656	94,130000	0,000000
2,301967	366,032639	18,547	0,083746	94,130000	0,000000
2,304005	367,816788	18,647	0,084493	94,130000	0,000000
2,305946	370,121849	18,748	0,085459	94,130000	0,000000
2,307918	373,824163	18,848	0,087010	94,130000	0,000000
2,309963	373,619061	18,948	0,086924	94,130000	0,000000
2,311983	375,750485	19,048	0,087817	94,130000	0,000000
2,313971	377,723421	19,149	0,088644	94,130000	0,000000
2,315958	379,626436	19,249	0,089441	94,130000	0,000000
2,317937	382,018897	19,349	0,090444	94,130000	0,000000
2,319940	383,928904	19,449	0,091244	94,130000	0,000000
2,321959	387,781548	19,549	0,092858	94,130000	0,000000
2,324023	389,731177	19,649	0,093675	94,130000	0,000000
2,325954	389,912972	19,749	0,093751	94,130000	0,000000
2,327964	391,751893	19,850	0,094522	94,130000	0,000000
2,329927	394,245739	19,951	0,095567	94,130000	0,000000
2,331990	397,775582	20,051	0,097046	94,130000	0,000000
2,333972	397,782574	20,151	0,097049	94,130000	0,000000
2,336020	400,056170	20,252	0,098001	94,130000	0,000000
2,337943	401,817012	20,352	0,098739	94,130000	0,000000
2,339976	403,766641	20,452	0,099556	94,130000	0,000000
2,341980	407,808072	20,553	0,101250	94,130000	0,000000
2,343917	410,066518	20,653	0,102196	94,130000	0,000000
2,346004	412,165312	20,753	0,103075	94,110000	0,000000
2,347973	413,973933	20,853	0,103833	94,110000	0,000000
2,350042	416,168286	20,954	0,104752	94,110000	0,000000
2,351982	417,802105	21,055	0,105437	94,110000	0,000000
2,353968	419,712112	21,155	0,106237	94,110000	0,000000
2,355964	421,615127	21,256	0,107035	94,110000	0,000000
2,357997	423,581071	21,357	0,107858	94,110000	0,000000
2,359977	423,991274	21,457	0,108030	94,110000	0,000000
2,362008	426,043454	21,557	0,108890	94,110000	0,000000
2,363911	428,720260	21,657	0,110012	94,110000	0,000000
2,365940	430,929762	21,757	0,110938	94,110000	0,000000
2,367935	432,974950	21,857	0,111794	94,110000	0,000000
2,369936	434,545840	21,958	0,112453	94,110000	0,000000
2,371986	436,179660	22,059	0,113137	94,110000	0,000000
2,373972	438,114139	22,159	0,113948	94,110000	0,000000
2,375980	440,837560	22,259	0,115089	94,110000	0,000000
2,377986	443,505044	22,359	0,116207	94,110000	0,000000
2,379982	444,500252	22,460	0,116624	94,110000	0,000000
2,381922	446,860084	22,560	0,117612	94,180000	0,000000
2,383967	448,296959	22,661	0,118214	94,180000	0,000000
2,385897	449,733834	22,761	0,118816	94,180000	0,000000
2,387966	452,220689	22,862	0,119858	94,180000	0,000000
2,389960	454,328806	22,962	0,120742	94,180000	0,000000
2,391982	456,072168	23,062	0,121472	94,180000	0,000000
2,393961	458,188442	23,162	0,122359	94,180000	0,000000
2,396034	460,083299	23,262	0,123153	94,180000	0,000000
2,397949	462,064393	23,362	0,123983	94,180000	0,000000
2,399995	464,543090	23,462	0,125021	94,180000	0,000000
2,401985	466,247996	23,562	0,125736	94,180000	0,000000
2,403948	470,006246	23,662	0,127311	94,180000	0,000000
2,405974	469,705586	23,762	0,127185	94,180000	0,000000
2,407956	472,334614	23,862	0,128286	94,180000	0,000000
2,409971	474,165377	23,962	0,129053	94,180000	0,000000
2,411973	477,915470	24,062	0,130625	94,180000	0,000000
2,414010	478,184666	24,162	0,130737	94,180000	0,000000
2,415941	480,000280	24,263	0,131498	94,180000	0,000000
2,417932	482,115388	24,364	0,132384	94,180000	0,000000
2,419964	484,033553	24,464	0,133188	94,180000	0,000000
2,421944	485,865481	24,564	0,133956	94,180000	0,000000
2,424002	487,917661	24,665	0,134815	94,180000	0,000000
2,425943	490,356737	24,765	0,135837	94,180000	0,000000
2,427989	492,061642	24,865	0,136552	94,180000	0,000000
2,429987	493,901728	24,965	0,137323	94,180000	0,000000
2,431943	495,906129	25,065	0,138163	94,180000	0,000000
2,433986	498,196040	25,166	0,139122	94,180000	0,000000
2,435943	502,143077	25,266	0,140776	94,180000	0,000000
2,437936	503,927226	25,367	0,141523	94,180000	0,000000
2,439929	506,295216	25,467	0,142516	94,180000	0,000000
2,441987	507,937192	25,567	0,143204	94,180000	0,000000
2,443956	507,952342	25,667	0,143210	94,180000	0,000000
2,445953	510,020836	25,768	0,144077	94,180000	0,000000
2,447983	511,781679	25,869	0,144814	94,180000	0,000000
2,449986	515,973439	25,969	0,146571	94,180000	0,000000
2,451974	518,025619	26,069	0,147431	94,180000	0,000000
2,453975	519,897170	26,170	0,148215	94,180000	0,000000
2,455969	521,870106	26,270	0,149042	94,180000	0,000000
2,457946	524,048143	26,370	0,149954	94,180000	0,000000
2,459946	526,030402	26,471	0,150785	94,170000	0,000000
2,461956	527,814551	26,571	0,151532	94,170000	0,000000
2,463968	529,542764	26,672	0,152256	94,170000	0,000000
2,465916	530,521657	26,773	0,152667	94,170000	0,000000
2,467970	532,029619	26,873	0,153298	94,170000	0,000000
2,469982	533,893012	26,973	0,154079	94,170000	0,000000
2,471997	535,968498	27,073	0,154949	94,170000	0,000000
2,473964	539,741898	27,173	0,156530	94,170000	0,000000
2,475948	540,397990	27,274	0,156805	94,170000	0,000000
2,477954	543,807801	27,374	0,158233	94,170000	0,000000
2,479944	545,544171	27,474	0,158961	94,170000	0,000000
2,481978	547,075440	27,574	0,159603	94,170000	0,000000
2,483960	549,720782	27,674	0,160711	94,170000	0,000000
2,485975	552,159858	27,774	0,161733	94,170000	0,000000
2,487983	553,651505	27,874	0,162358	94,170000	0,000000
2,489998	555,688535	27,974	0,163211	94,170000	0,000000
2,491979	555,862172	28,075	0,163284	94,170000	0,000000
2,493996	558,861780	28,175	0,164541	94,170000	0,000000
2,495948	560,148326	28,275	0,165080	94,170000	0,000000
2,497979	563,329729	28,375	0,166413	94,170000	0,000000
2,499949	564,253850	28,476	0,166800	94,170000	0,000000
2,501964	566,061307	28,576	0,167558	94,160000	0,000000
2,503959	568,414146	28,677	0,168543	94,160000	0,000000
2,505917	570,790293	28,777	0,169539	94,160000	0,000000
2,507966	572,163074	28,878	0,170114	94,160000	0,000000
2,509975	574,327127	28,978	0,171021	94,160000	0,000000
2,511915	576,007561	29,079	0,171725	94,160000	0,000000
2,513963	578,266007	29,179	0,172671	94,160000	0,000000
2,515963	580,508139	29,279	0,173611	94,160000	0,000000
2,518027	582,244509	29,379	0,174338	94,160000	0,000000
2,519993	584,344468	29,479	0,175218	94,160000	0,000000
2,521923	586,160082	29,579	0,175979	94,160000	0,000000
2,523945	588,275190	29,679	0,176865	94,160000	0,000000
2,525921	592,506573	29,780	0,178638	94,160000	0,000000
2,527947	594,132234	29,880	0,179319	94,160000	0,000000
2,529946	596,177422	29,981	0,180176	94,160000	0,000000
2,531914	595,979313	30,081	0,180093	94,160000	0,000000
2,533931	598,087429	30,181	0,180977	94,160000	0,000000
2,535928	600,092995	30,281	0,181817	94,160000	0,000000
2,537937	602,105553	30,382	0,182660	94,160000	0,000000
2,539954	604,094803	30,483	0,183494	94,130000	0,000000
2,541942	606,312463	30,583	0,184423	94,130000	0,000000
2,543923	610,047406	30,683	0,185988	94,130000	0,000000
2,546021	612,193979	30,783	0,186887	94,130000	0,000000
2,548001	614,009593	30,883	0,187648	94,130000	0,000000
2,550004	614,072522	30,983	0,187674	94,130000	0,000000
2,551983	617,917009	31,084	0,189285	94,130000	0,000000
2,553990	619,970354	31,185	0,190146	94,130000	0,000000
2,555942	621,256899	31,285	0,190685	94,130000	0,000000
2,557964	621,777810	31,385	0,190903	94,130000	0,000000
2,559937	623,545644	31,485	0,191644	94,130000	0,000000
2,561915	625,969570	31,585	0,192659	94,130000	0,000000
2,563936	628,251324	31,686	0,193615	94,130000	0,000000
2,565971	629,956229	31,787	0,194330	94,130000	0,000000
2,567943	632,056188	31,888	0,195209	94,130000	0,000000
2,569954	635,482315	31,988	0,196645	94,130000	0,000000
2,571949	636,097619	32,089	0,196903	94,130000	0,000000
2,573952	638,876976	32,189	0,198067	94,130000	0,000000
2,575928	641,615547	32,289	0,199215	94,130000	0,000000
2,577921	642,926564	32,389	0,199764	94,130000	0,000000
2,579956	645,594048	32,489	0,200882	94,130000	0,000000
2,582026	647,647393	32,589	0,201742	94,130000	0,000000
2,583994	648,049439	32,689	0,201911	94,130000	0,000000
2,585918	649,714723	32,789	0,202608	94,130000	0,000000
2,588008	651,664352	32,889	0,203425	94,130000	0,000000
2,589982	654,080120	32,989	0,204437	94,130000	0,000000
2,591980	656,748769	33,089	0,205556	94,130000	0,000000
2,593940	658,832413	33,189	0,206429	94,130000	0,000000
2,595941	661,089695	33,290	0,207375	94,130000	0,000000
2,597974	662,724679	33,390	0,208060	94,130000	0,000000
2,599931	664,272263	33,491	0,208708	94,130000	0,000000
2,601928	666,284821	33,591	0,209551	94,130000	0,000000
2,603911	668,479173	33,691	0,210471	94,130000	0,000000
2,605974	670,721304	33,792	0,211410	94,130000	0,000000
2,607937	672,860885	33,893	0,212307	94,130000	0,000000
2,609929	674,044880	33,993	0,212803	94,130000	0,000000
2,611950	676,665750	34,093	0,213901	94,130000	0,000000
2,613954	678,165554	34,193	0,214529	94,130000	0,000000
2,615939	680,186269	34,293	0,215376	94,130000	0,000000
2,617952	681,583523	34,394	0,215961	94,130000	0,000000
2,619993	683,746411	34,495	0,216868	94,130000	0,000000
2,621988	685,972227	34,595	0,217800	94,130000	0,000000
2,623992	687,733070	34,695	0,218538	94,130000	0,000000
2,626006	689,603455	34,795	0,219322	94,110000	0,000000
2,627955	693,985167	34,896	0,221158	94,110000	0,000000
2,629962	693,890774	34,997	0,221118	94,110000	0,000000
2,631986	697,900740	35,098	0,222798	94,110000	0,000000
2,633933	699,881834	35,199	0,223628	94,110000	0,000000
2,635959	699,827062	35,299	0,223605	94,110000	0,000000
2,637948	701,768534	35,399	0,224419	94,110000	0,000000
2,639969	703,521219	35,499	0,225153	94,110000	0,000000
2,641985	705,945145	35,599	0,226169	94,110000	0,000000
2,643926	709,970260	35,700	0,227855	94,110000	0,000000
2,645911	711,992141	35,800	0,228703	94,110000	0,000000
2,647943	711,848803	35,900	0,228643	94,110000	0,000000
2,649983	713,766967	36,000	0,229446	94,110000	0,000000
2,651935	715,772533	36,100	0,230287	94,110000	0,000000
2,653982	717,778099	36,201	0,231127	94,110000	0,000000
2,655937	719,703256	36,301	0,231934	94,110000	0,000000
2,657919	721,827687	36,402	0,232824	94,110000	0,000000
2,659916	723,706229	36,502	0,233611	94,110000	0,000000
2,661926	725,498536	36,603	0,234362	94,110000	0,000000
2,663956	728,766175	36,703	0,235731	94,110000	0,000000
2,666009	731,750634	36,803	0,236981	94,110000	0,000000
2,667998	731,765783	36,903	0,236988	94,110000	0,000000
2,669969	734,055694	37,003	0,237947	94,110000	0,000000
2,671918	735,965701	37,103	0,238748	94,110000	0,000000
2,673970	737,860559	37,203	0,239542	94,110000	0,000000
2,675949	741,665424	37,303	0,241136	94,110000	0,000000
2,677964	743,788690	37,404	0,242025	94,110000	0,000000
2,679974	744,980842	37,504	0,242525	94,110000	0,000000
2,681948	747,791664	37,604	0,243703	94,110000	0,000000
2,683962	749,630584	37,704	0,244473	94,110000	0,000000
2,685972	751,651300	37,804	0,245320	94,110000	0,000000
2,687929	753,592771	37,904	0,246133	94,110000	0,000000
2,689961	755,669423	38,005	0,247003	94,110000	0,000000
2,691956	757,279935	38,105	0,247678	94,110000	0,000000
2,693933	759,411359	38,205	0,248571	94,110000	0,000000
2,695946	760,871541	38,306	0,249183	94,110000	0,000000
2,697942	762,837485	38,406	0,250007	94,110000	0,000000
2,700028	764,716028	38,507	0,250794	94,110000	0,000000
2,701999	767,005939	38,607	0,251753	94,110000	0,000000
2,703949	769,129205	38,707	0,252643	94,110000	0,000000
2,705888	771,062519	38,807	0,253453	94,110000	0,000000
2,707996	771,639366	38,907	0,253695	94,110000	0,000000
2,709910	774,891856	39,008	0,255058	94,110000	0,000000
2,711970	776,541990	39,108	0,255749	94,110000	0,000000
2,713916	778,389068	39,209	0,256523	94,110000	0,000000
2,715939	780,598570	39,309	0,257449	94,110000	0,000000
2,718017	782,217240	39,410	0,258127	94,110000	0,000000
2,719919	784,120255	39,510	0,258924	94,110000	0,000000
2,721987	786,109506	39,610	0,259758	94,110000	0,000000
2,724005	788,454188	39,710	0,260740	94,110000	0,000000
2,725908	790,245329	39,810	0,261491	94,110000	0,000000
2,727964	791,880314	39,911	0,262176	94,110000	0,000000
2,729919	793,821786	40,011	0,262989	94,110000	0,000000
2,731960	795,921744	40,111	0,263869	94,110000	0,000000
2,733913	797,744350	40,211	0,264633	94,110000	0,000000
2,735958	799,868782	40,311	0,265523	94,110000	0,000000
2,737881	801,408208	40,411	0,266168	94,110000	0,000000
2,739912	803,673646	40,511	0,267117	94,130000	0,000000
2,741928	807,920178	40,611	0,268896	94,130000	0,000000
2,743936	809,641399	40,711	0,269618	94,130000	0,000000
2,745974	809,886122	40,811	0,269720	94,130000	0,000000
2,747894	813,470736	40,912	0,271222	94,130000	0,000000
2,750012	813,856466	41,012	0,271384	94,130000	0,000000
2,751968	815,663923	41,112	0,272141	94,130000	0,000000
2,753959	817,441080	41,212	0,272886	94,130000	0,000000
2,755980	819,398866	41,314	0,273706	94,130000	0,000000
2,757954	821,522132	41,414	0,274596	94,130000	0,000000
2,759931	825,729042	41,515	0,276358	94,130000	0,000000
2,761975	827,521349	41,615	0,277109	94,130000	0,000000
2,763924	827,213697	41,715	0,276980	94,130000	0,000000
2,765939	829,882346	41,815	0,278099	94,130000	0,000000
2,767928	831,570937	41,916	0,278806	94,130000	0,000000
2,769955	833,552031	42,016	0,279636	94,130000	0,000000
2,771932	837,617933	42,117	0,281340	94,130000	0,000000
2,774006	839,449862	42,218	0,282107	94,130000	0,000000
2,775924	841,573128	42,318	0,282997	94,130000	0,000000
2,777943	843,522757	42,418	0,283814	94,130000	0,000000
2,779959	845,685645	42,519	0,284720	94,080000	0,000000
2,781959	847,264693	42,620	0,285382	94,080000	0,000000
2,783939	847,415023	42,720	0,285445	94,080000	0,000000
2,785939	849,372809	42,820	0,286265	94,080000	0,000000
2,787967	851,621933	42,920	0,287208	94,080000	0,000000
2,789956	855,387176	43,021	0,288785	94,080000	0,000000
2,791928	857,250569	43,121	0,289566	94,080000	0,000000
2,793981	857,660772	43,222	0,289738	94,080000	0,000000
2,795912	861,687053	43,322	0,291425	94,080000	0,000000
2,797959	863,391958	43,422	0,292139	94,080000	0,000000
2,799982	865,057242	43,523	0,292837	94,080000	0,000000
2,801935	865,500075	43,623	0,293022	94,080000	0,000000
2,803923	867,481168	43,723	0,293853	94,080000	0,000000
2,805943	869,486734	43,823	0,294693	94,080000	0,000000
2,807947	871,965431	43,923	0,295731	94,080000	0,000000
2,809893	875,604816	44,024	0,297256	94,080000	0,000000
2,811907	875,833225	44,124	0,297352	94,080000	0,000000
2,814013	877,625531	44,225	0,298103	94,080000	0,000000
2,815948	880,396731	44,325	0,299264	94,080000	0,000000
2,817980	882,448911	44,425	0,300124	94,080000	0,000000
2,819919	884,051266	44,526	0,300795	94,110000	0,000000
2,821899	885,590692	44,626	0,301440	94,110000	0,000000
2,823910	887,437770	44,727	0,302214	94,110000	0,000000
2,825975	889,766138	44,827	0,303190	94,110000	0,000000
2,827956	891,447736	44,928	0,303895	94,110000	0,000000
2,829939	893,982371	45,028	0,304957	94,110000	0,000000
2,831976	895,355152	45,128	0,305532	94,110000	0,000000
2,833965	897,455111	45,228	0,306412	94,110000	0,000000
2,835937	899,728707	45,329	0,307364	94,110000	0,000000
2,837909	901,441770	45,429	0,308082	94,110000	0,000000
2,839951	903,794610	45,529	0,309068	94,110000	0,000000
2,841889	907,369900	45,629	0,310566	94,110000	0,000000
2,843952	907,781269	45,729	0,310738	94,110000	0,000000
2,845938	909,580568	45,830	0,311492	94,110000	0,000000
2,847948	912,824899	45,931	0,312852	94,110000	0,000000
2,849834	913,401747	46,031	0,313093	94,110000	0,000000
2,851937	915,541328	46,131	0,313990	94,110000	0,000000
2,854016	919,416114	46,231	0,315613	94,110000	0,000000
2,855910	921,706024	46,332	0,316573	94,110000	0,000000
2,857926	922,487974	46,432	0,316900	94,110000	0,000000
2,859949	923,726740	46,533	0,317419	94,170000	0,000000
2,861926	925,661219	46,633	0,318230	94,170000	0,000000
2,863898	927,871886	46,734	0,319156	94,170000	0,000000
2,865920	929,646713	46,834	0,319900	94,170000	0,000000
2,867977	931,321319	46,934	0,320602	94,170000	0,000000
2,869955	933,618222	47,034	0,321564	94,170000	0,000000
2,871952	935,481615	47,134	0,322345	94,170000	0,000000
2,873913	939,688526	47,234	0,324107	94,170000	0,000000
2,875904	941,456360	47,334	0,324848	94,170000	0,000000
2,877923	942,751063	47,434	0,325391	94,170000	0,000000
2,879925	945,396405	47,534	0,326499	94,170000	0,000000
2,881911	947,377499	47,635	0,327329	94,170000	0,000000
2,883994	949,358592	47,736	0,328159	94,170000	0,000000
2,885915	950,851404	47,837	0,328785	94,170000	0,000000
2,887932	951,585574	47,937	0,329092	94,170000	0,000000
2,889903	953,542195	48,038	0,329912	94,170000	0,000000
2,891892	955,673618	48,138	0,330805	94,170000	0,000000
2,893944	957,189737	48,238	0,331440	94,170000	0,000000
2,895901	959,649789	48,339	0,332471	94,170000	0,000000
2,897893	962,431477	48,439	0,333637	94,130000	0,000000
2,899925	963,734338	48,539	0,334183	94,130000	0,000000
2,901892	967,128999	48,639	0,335605	94,130000	0,000000
2,903889	967,790918	48,739	0,335882	94,130000	0,000000
2,905906	971,430303	48,840	0,337407	94,130000	0,000000
2,907912	972,582833	48,940	0,337890	94,130000	0,000000
2,909955	973,964937	49,040	0,338469	94,130000	0,000000
2,911916	976,529870	49,141	0,339544	94,130000	0,000000
2,913947	979,687966	49,241	0,340867	94,130000	0,000000
2,915947	980,296278	49,341	0,341122	94,130000	0,000000
2,917902	982,087420	49,441	0,341873	94,130000	0,000000
2,919975	984,471724	49,541	0,342872	94,130000	0,000000
2,921962	987,337317	49,642	0,344072	94,130000	0,000000
2,923987	987,385097	49,742	0,344092	94,130000	0,000000
2,925937	990,399855	49,842	0,345355	94,130000	0,000000
2,927924	992,003375	49,942	0,346027	94,130000	0,000000
2,929931	993,700123	50,042	0,346738	94,130000	0,000000
2,931981	995,405029	50,142	0,347453	94,130000	0,000000
2,933932	997,797490	50,242	0,348455	94,130000	0,000000
2,935925	999,289137	50,342	0,349080	94,130000	0,000000
2,935910	1001,380939	50,442	0,349957	94,130000	0,000000
2,935956	1001,562733	50,542	0,350033	94,130000	0,000000
2,935953	1001,341317	50,642	0,349940	94,130000	0,000000
2,935932	1001,736370	50,742	0,350105	94,080000	0,000000
2,935904	1001,207302	50,842	0,349884	94,080000	0,000000
2,935906	1001,262073	50,942	0,349907	94,080000	0,000000
2,935956	1001,104751	51,042	0,349841	94,080000	0,000000
2,935879	1001,041822	51,142	0,349814	94,080000	0,000000
2,935921	1001,380939	51,242	0,349957	94,080000	0,000000
2,935907	1001,048814	51,343	0,349817	94,080000	0,000000
2,933938	1001,136215	51,444	0,349854	94,080000	0,000000
2,931859	999,320602	51,544	0,349093	94,080000	0,000000
2,929900	995,239549	51,644	0,347383	94,080000	0,000000
2,927941	994,867803	51,744	0,347228	94,080000	0,000000
2,925917	993,037039	51,844	0,346460	94,080000	0,000000
2,923905	989,271797	51,944	0,344883	94,080000	0,000000
2,921878	986,935272	52,044	0,343904	94,080000	0,000000
2,919933	985,055564	52,144	0,343116	94,080000	0,000000
2,917890	982,988235	52,245	0,342250	94,080000	0,000000
2,915881	980,934890	52,345	0,341390	94,080000	0,000000
2,913947	979,301070	52,445	0,340705	94,080000	0,000000
2,911927	979,056347	52,545	0,340603	94,080000	0,000000
2,909913	977,075254	52,645	0,339772	94,080000	0,000000
2,907884	975,125625	52,745	0,338956	94,080000	0,000000
2,905913	971,043407	52,846	0,337245	94,080000	0,000000
2,903923	970,831313	52,947	0,337156	94,080000	0,000000
2,901876	969,062314	53,048	0,336415	94,080000	0,000000
2,899924	966,757253	53,149	0,335449	94,080000	0,000000
2,897945	965,100127	53,249	0,334755	94,080000	0,000000
2,895897	960,892051	53,349	0,332992	94,080000	0,000000
2,893976	959,013509	53,449	0,332205	94,080000	0,000000
2,891945	957,007943	53,549	0,331364	94,080000	0,000000
2,889901	954,805433	53,650	0,330441	94,080000	0,000000
2,887905	954,742504	53,751	0,330415	94,080000	0,000000
2,885922	952,729947	53,852	0,329572	94,080000	0,000000
2,883966	950,755845	53,953	0,328745	94,080000	0,000000
2,881915	947,337877	54,053	0,327313	94,080000	0,000000
2,879835	945,434862	54,154	0,326515	94,080000	0,000000
2,877870	943,296446	54,254	0,325619	94,080000	0,000000
2,875960	941,062472	54,354	0,324683	94,080000	0,000000
2,873958	938,985820	54,454	0,323813	94,080000	0,000000
2,871912	936,917325	54,555	0,322946	94,080000	0,000000
2,869927	935,528229	54,656	0,322364	94,080000	0,000000
2,867941	933,760395	54,756	0,321624	94,080000	0,000000
2,865903	931,415713	54,857	0,320641	94,080000	0,000000
2,863919	929,457926	54,957	0,319821	94,080000	0,000000
2,861907	928,636355	55,057	0,319477	94,080000	0,000000
2,859941	926,489782	55,157	0,318577	94,080000	0,000000
2,857970	922,842240	55,257	0,317049	94,080000	0,000000
2,855916	922,164007	55,357	0,316765	94,080000	0,000000
2,853942	920,371700	55,457	0,316014	94,080000	0,000000
2,851909	917,964089	55,557	0,315005	94,080000	0,000000
2,849980	915,998145	55,657	0,314181	94,080000	0,000000
2,847978	914,230310	55,757	0,313440	94,080000	0,000000
2,845918	911,515047	55,858	0,312303	94,080000	0,000000
2,843955	909,810141	55,958	0,311588	94,080000	0,000000
2,841999	907,678718	56,058	0,310695	94,080000	0,000000
2,839914	906,209213	56,158	0,310080	94,080000	0,000000
2,837946	902,720158	56,258	0,308618	94,080000	0,000000
2,835963	902,129326	56,358	0,308370	94,080000	0,000000
2,833968	900,651663	56,459	0,307751	94,160000	0,000000
2,831899	898,134509	56,560	0,306696	94,160000	0,000000
2,829930	896,539146	56,660	0,306028	94,160000	0,000000
2,827966	894,486967	56,761	0,305168	94,160000	0,000000
2,825971	892,355543	56,861	0,304275	94,160000	0,000000
2,823964	890,611016	56,961	0,303544	94,160000	0,000000
2,821930	886,467035	57,063	0,301808	94,160000	0,000000
2,819941	884,390383	57,164	0,300938	94,160000	0,000000
2,817971	884,287832	57,265	0,300895	94,160000	0,000000
2,815945	882,179715	57,365	0,300011	94,160000	0,000000
2,813952	880,420038	57,465	0,299274	94,160000	0,000000
2,811942	877,420430	57,566	0,298017	94,160000	0,000000
2,809926	876,314514	57,666	0,297554	94,160000	0,000000
2,807938	873,134276	57,767	0,296221	94,160000	0,000000
2,805907	870,339769	57,867	0,295050	94,160000	0,000000
2,803935	868,294582	57,967	0,294193	94,160000	0,000000
2,801957	866,455661	58,067	0,293423	94,160000	0,000000
2,799940	864,425623	58,167	0,292572	94,160000	0,000000
2,798007	862,515616	58,267	0,291772	94,160000	0,000000
2,795930	860,771088	58,367	0,291041	94,160000	0,000000
2,793936	858,379792	58,467	0,290039	94,160000	0,000000
2,791949	858,300548	58,568	0,290006	94,160000	0,000000
2,789966	855,679678	58,668	0,288908	94,160000	0,000000
2,787971	852,466811	58,769	0,287562	94,160000	0,000000
2,785975	850,770063	58,869	0,286851	94,160000	0,000000
2,783946	850,280616	58,969	0,286646	94,160000	0,000000
2,781904	848,212121	59,069	0,285779	94,160000	0,000000
2,779926	846,285800	59,169	0,284972	94,160000	0,000000
2,777942	842,867831	59,269	0,283540	94,160000	0,000000
2,775956	842,109189	59,369	0,283222	94,160000	0,000000
2,773898	839,251753	59,469	0,282024	94,160000	0,000000
2,771931	836,520175	59,569	0,280880	94,160000	0,000000
2,769915	834,783804	59,669	0,280152	94,160000	0,000000
2,767966	832,819026	59,769	0,279329	94,160000	0,000000
2,765930	832,123313	59,869	0,279038	94,160000	0,000000
2,763923	830,079290	59,969	0,278181	94,160000	0,000000
2,761947	827,876781	60,070	0,277258	94,160000	0,000000
2,759916	825,958616	60,170	0,276455	94,160000	0,000000
2,757925	823,306282	60,271	0,275343	94,160000	0,000000
2,755971	821,948650	60,372	0,274774	94,160000	0,000000
2,753979	819,603968	60,473	0,273792	94,190000	0,000000
2,751928	817,196357	60,573	0,272783	94,190000	0,000000
2,749946	815,933118	60,673	0,272254	94,190000	0,000000
2,747950	811,867215	60,773	0,270550	94,190000	0,000000
2,746010	811,812444	60,874	0,270527	94,190000	0,000000
2,743944	807,794321	60,975	0,268844	94,190000	0,000000
2,741961	807,564747	61,075	0,268748	94,190000	0,000000
2,739974	805,449638	61,175	0,267861	94,190000	0,000000
2,737955	803,925362	61,276	0,267223	94,190000	0,000000
2,735927	799,829160	61,377	0,265506	94,190000	0,000000
2,733986	799,639208	61,477	0,265427	94,190000	0,000000
2,731921	797,982082	61,577	0,264732	94,190000	0,000000
2,729942	795,551163	61,677	0,263714	94,190000	0,000000
2,727960	794,018729	61,777	0,263072	94,190000	0,000000
2,725928	790,056543	61,877	0,261412	94,190000	0,000000
2,723920	787,648932	61,978	0,260403	94,190000	0,000000
2,721919	787,791104	62,079	0,260462	94,190000	0,000000
2,719944	785,871774	62,180	0,259658	94,190000	0,000000
2,717945	781,822186	62,280	0,257961	94,190000	0,000000
2,715920	779,690763	62,381	0,257068	94,190000	0,000000
2,713942	777,954393	62,481	0,256341	94,120000	0,000000
2,711927	775,973300	62,581	0,255511	94,120000	0,000000
2,709943	775,720419	62,681	0,255405	94,120000	0,000000
2,707948	771,765224	62,781	0,253748	94,120000	0,000000
2,705946	770,455372	62,881	0,253199	94,120000	0,000000
2,703956	768,474278	62,982	0,252369	94,120000	0,000000
2,701963	765,521284	63,082	0,251131	94,120000	0,000000
2,699939	763,594962	63,182	0,250324	94,120000	0,000000
2,698005	761,905206	63,282	0,249616	94,120000	0,000000
2,695923	761,850434	63,382	0,249593	94,120000	0,000000
2,693971	759,647925	63,482	0,248670	94,120000	0,000000
2,691945	757,263621	63,582	0,247671	94,120000	0,000000
2,689891	755,654274	63,682	0,246997	94,120000	0,000000
2,687938	751,887865	63,782	0,245419	94,120000	0,000000
2,685932	751,666449	63,883	0,245326	94,120000	0,000000
2,683919	749,693513	63,984	0,244500	94,120000	0,000000
2,681947	747,277745	64,085	0,243487	94,120000	0,000000
2,679968	745,589154	64,185	0,242780	94,120000	0,000000
2,677913	743,236314	64,285	0,241794	94,120000	0,000000
2,675951	741,776132	64,386	0,241182	94,120000	0,000000
2,673953	737,592529	64,486	0,239429	94,140000	0,000000
2,671941	736,218582	64,586	0,238854	94,140000	0,000000
2,669906	734,955344	64,687	0,238324	94,140000	0,000000
2,668007	731,608461	64,788	0,236922	94,140000	0,000000
2,665899	731,719170	64,889	0,236968	94,140000	0,000000
2,663911	727,574023	64,989	0,235231	94,140000	0,000000
2,661966	726,240864	65,089	0,234673	94,140000	0,000000
2,659982	724,361156	65,190	0,233885	94,140000	0,000000
2,657946	723,611836	65,290	0,233571	94,140000	0,000000
2,655931	721,503720	65,391	0,232688	94,140000	0,000000
2,653951	718,859543	65,492	0,231580	94,140000	0,000000
2,651955	716,711805	65,593	0,230680	94,140000	0,000000
2,649983	715,133922	65,694	0,230019	94,140000	0,000000
2,647970	713,530402	65,794	0,229347	94,140000	0,000000
2,645944	709,267555	65,894	0,227561	94,140000	0,000000
2,643899	709,252405	65,994	0,227555	94,140000	0,000000
2,641934	705,242439	66,095	0,225875	94,140000	0,000000
2,639963	705,202817	66,195	0,225858	94,140000	0,000000
2,637989	703,623769	66,295	0,225196	94,140000	0,000000
2,635959	701,263938	66,396	0,224208	94,140000	0,000000
2,633927	697,300585	66,496	0,222547	94,160000	0,000000
2,631941	697,419451	66,596	0,222597	94,160000	0,000000
2,629943	695,547901	66,696	0,221812	94,160000	0,000000
2,627949	693,614586	66,796	0,221002	94,160000	0,000000
2,626000	691,127732	66,896	0,219960	94,160000	0,000000
2,623980	689,414668	66,996	0,219243	94,160000	0,000000
2,621961	685,633111	67,097	0,217658	94,160000	0,000000
2,619945	683,241815	67,197	0,216656	94,160000	0,000000
2,617953	681,669759	67,298	0,215998	94,160000	0,000000
2,615975	679,381013	67,399	0,215039	94,160000	0,000000
2,613943	679,152605	67,499	0,214943	94,160000	0,000000
2,611997	677,249590	67,599	0,214146	94,160000	0,000000
2,609971	674,841979	67,699	0,213137	94,160000	0,000000
2,608010	673,191844	67,799	0,212445	94,160000	0,000000
2,606023	671,407695	67,899	0,211698	94,160000	0,000000
2,603956	668,945312	67,999	0,210666	94,160000	0,000000
2,601930	667,105226	68,099	0,209895	94,160000	0,000000
2,599980	664,824638	68,199	0,208939	94,160000	0,000000
2,597989	663,095260	68,299	0,208215	94,160000	0,000000
2,595974	661,445126	68,399	0,207523	94,160000	0,000000
2,593928	657,040107	68,500	0,205678	94,160000	0,000000
2,591912	655,516995	68,601	0,205040	94,160000	0,000000
2,589922	652,943905	68,702	0,203961	94,130000	0,000000
2,587991	650,986118	68,802	0,203141	94,130000	0,000000
2,585917	650,551443	68,902	0,202959	94,130000	0,000000
2,583960	649,091261	69,002	0,202347	94,130000	0,000000
2,581995	646,114959	69,102	0,201100	94,130000	0,000000
2,579933	643,407854	69,202	0,199966	94,130000	0,000000
2,577931	641,370823	69,302	0,199112	94,130000	0,000000
2,575929	639,105385	69,402	0,198163	94,130000	0,000000
2,573902	638,331593	69,502	0,197839	94,130000	0,000000
2,571975	635,008018	69,602	0,196446	94,130000	0,000000
2,569954	634,842538	69,702	0,196377	94,130000	0,000000
2,567986	632,924374	69,802	0,195573	94,130000	0,000000
2,566011	631,116917	69,902	0,194816	94,130000	0,000000
2,563970	628,977336	70,003	0,193919	94,130000	0,000000
2,561981	626,080279	70,103	0,192706	94,130000	0,000000
2,559932	624,643403	70,203	0,192104	94,130000	0,000000
2,557959	621,193970	70,303	0,190658	94,130000	0,000000
2,555966	619,748937	70,403	0,190053	94,130000	0,000000
2,553938	617,594207	70,503	0,189150	94,130000	0,000000
2,551972	614,996644	70,604	0,188062	94,130000	0,000000
2,549993	612,928149	70,704	0,187195	94,160000	0,000000
2,547914	611,396881	70,805	0,186553	94,160000	0,000000
2,545912	609,108135	70,905	0,185594	94,160000	0,000000
2,543976	608,342501	71,006	0,185273	94,160000	0,000000
2,541946	606,265849	71,107	0,184403	94,160000	0,000000
2,539912	604,165890	71,208	0,183523	94,160000	0,000000
2,537967	602,335126	71,308	0,182756	94,160000	0,000000
2,535900	600,763071	71,409	0,182098	94,160000	0,000000
2,533959	596,784569	71,509	0,180431	94,160000	0,000000
2,531981	596,729798	71,609	0,180408	94,160000	0,000000
2,529961	592,933090	71,709	0,178817	94,160000	0,000000
2,527980	592,561344	71,810	0,178661	94,160000	0,000000
2,526006	588,772794	71,910	0,177074	94,160000	0,000000
2,523962	588,677236	72,010	0,177034	94,160000	0,000000
2,521953	586,917559	72,110	0,176296	94,160000	0,000000
2,519986	584,762828	72,211	0,175394	94,160000	0,000000
2,517957	580,696925	72,311	0,173690	94,160000	0,000000
2,515925	578,730982	72,411	0,172866	94,160000	0,000000
2,513979	576,544787	72,511	0,171950	94,160000	0,000000
2,511986	576,686959	72,611	0,172010	94,160000	0,000000
2,509992	574,800259	72,712	0,171219	94,210000	0,000000
2,507913	572,811008	72,813	0,170386	94,210000	0,000000
2,505935	570,821758	72,913	0,169552	94,210000	0,000000
2,503974	568,619248	73,013	0,168629	94,210000	0,000000
2,501941	566,187164	73,113	0,167610	94,210000	0,000000
2,499979	564,680368	73,213	0,166979	94,210000	0,000000
2,497979	560,685552	73,313	0,165305	94,210000	0,000000
2,495955	558,617057	73,414	0,164438	94,210000	0,000000
2,493939	556,517098	73,514	0,163559	94,210000	0,000000
2,491960	554,575626	73,615	0,162745	94,210000	0,000000
2,489932	552,246094	73,716	0,161769	94,210000	0,000000
2,487945	550,944399	73,816	0,161224	94,210000	0,000000
2,485953	550,565660	73,918	0,161065	94,210000	0,000000
2,483931	548,560095	74,019	0,160225	94,210000	0,000000
2,481932	546,957740	74,119	0,159553	94,210000	0,000000
2,479959	544,604900	74,219	0,158567	94,210000	0,000000
2,477962	541,787086	74,320	0,157387	94,210000	0,000000
2,475930	538,763005	74,420	0,156120	94,210000	0,000000
2,473942	537,121028	74,521	0,155432	94,210000	0,000000
2,471929	535,108471	74,621	0,154588	94,210000	0,000000
2,469958	532,977047	74,722	0,153695	94,110000	0,000000
2,467991	532,290657	74,822	0,153408	94,110000	0,000000
2,465936	530,663829	74,922	0,152726	94,110000	0,000000
2,463946	528,493950	75,022	0,151817	94,110000	0,000000
2,461968	525,572419	75,123	0,150593	94,110000	0,000000
2,459980	523,907136	75,223	0,149895	94,110000	0,000000
2,457926	522,343237	75,323	0,149240	94,110000	0,000000
2,455955	520,638332	75,423	0,148525	94,110000	0,000000
2,453972	517,394000	75,523	0,147166	94,110000	0,000000
2,451986	516,320713	75,623	0,146716	94,110000	0,000000
2,449957	514,528407	75,724	0,145965	94,110000	0,000000
2,447963	511,560263	75,824	0,144722	94,110000	0,000000
2,445950	509,562854	75,924	0,143885	94,110000	0,000000
2,443946	507,912720	76,024	0,143193	94,110000	0,000000
2,441979	506,460695	76,124	0,142585	94,110000	0,000000
2,439939	503,927226	76,225	0,141523	94,110000	0,000000
2,437993	500,635115	76,326	0,140144	94,110000	0,000000
2,435924	500,177133	76,426	0,139952	94,110000	0,000000
2,433935	498,589928	76,526	0,139287	94,130000	0,000000
2,431981	496,514441	76,627	0,138417	94,130000	0,000000
2,429956	494,895771	76,727	0,137739	94,130000	0,000000
2,427975	492,542931	76,827	0,136753	94,130000	0,000000
2,425967	488,344179	76,927	0,134994	94,130000	0,000000
2,424002	486,433006	77,027	0,134193	94,130000	0,000000
2,421951	484,483377	77,127	0,133376	94,130000	0,000000
2,419957	484,602243	77,227	0,133426	94,130000	0,000000
2,417953	482,510442	77,327	0,132550	94,130000	0,000000
2,415921	480,630734	77,427	0,131762	94,130000	0,000000
2,413926	478,389767	77,527	0,130823	94,130000	0,000000
2,411978	474,252778	77,627	0,129090	94,130000	0,000000
2,409930	474,198007	77,727	0,129067	94,130000	0,000000
2,407944	472,437164	77,827	0,128329	94,130000	0,000000
2,405986	470,242812	77,927	0,127410	94,130000	0,000000
2,403988	468,213939	78,028	0,126560	94,130000	0,000000
2,401950	466,224689	78,128	0,125726	94,130000	0,000000
2,399964	462,016613	78,228	0,123963	94,130000	0,000000
2,397968	462,325431	78,328	0,124092	94,130000	0,000000
2,395990	458,630109	78,428	0,122544	94,130000	0,000000
2,394005	458,267685	78,529	0,122392	94,130000	0,000000
2,391990	456,270277	78,629	0,121555	94,130000	0,000000
2,389941	454,051452	78,729	0,120625	94,130000	0,000000
2,387972	452,315082	78,829	0,119898	94,130000	0,000000
2,385935	448,178093	78,929	0,118165	94,130000	0,000000
2,383975	447,579104	79,030	0,117914	94,130000	0,000000
2,381974	446,608368	79,131	0,117507	94,130000	0,000000
2,379964	444,326615	79,231	0,116551	94,130000	0,000000
2,377936	442,289585	79,331	0,115697	94,130000	0,000000
2,375910	440,095232	79,431	0,114778	94,130000	0,000000
2,373947	438,177068	79,532	0,113974	94,130000	0,000000
2,372021	434,671698	79,632	0,112505	94,130000	0,000000
2,369971	432,295551	79,732	0,111510	94,130000	0,000000
2,367893	430,180443	79,832	0,110624	94,130000	0,000000
2,365986	428,310057	79,932	0,109840	94,130000	0,000000
2,363967	428,293743	80,032	0,109833	94,130000	0,000000
2,361975	426,407042	80,133	0,109042	94,130000	0,000000
2,360005	422,238589	80,234	0,107296	94,130000	0,000000
2,357974	421,899472	80,335	0,107154	94,130000	0,000000
2,355901	418,646983	80,436	0,105791	94,180000	0,000000
2,353946	416,065735	80,536	0,104709	94,180000	0,000000
2,351906	414,509994	80,636	0,104058	94,180000	0,000000
2,349989	413,942469	80,736	0,103820	94,180000	0,000000
2,347886	412,331957	80,837	0,103145	94,180000	0,000000
2,345962	409,466363	80,937	0,101944	94,180000	0,000000
2,343914	405,929529	81,038	0,100462	94,180000	0,000000
2,341979	405,542633	81,139	0,100300	94,180000	0,000000
2,339982	403,837727	81,239	0,099586	94,180000	0,000000
2,337972	401,769233	81,339	0,098719	94,180000	0,000000
2,335936	399,171670	81,439	0,097631	94,180000	0,000000
2,333981	396,914389	81,540	0,096685	94,180000	0,000000
2,331991	394,222433	81,640	0,095557	94,180000	0,000000
2,329934	393,354247	81,740	0,095193	94,180000	0,000000
2,327984	391,688964	81,841	0,094496	94,180000	0,000000
2,325982	390,164687	81,942	0,093857	94,180000	0,000000
2,323963	387,922556	82,042	0,092917	94,180000	0,000000
2,321958	386,037021	82,143	0,092127	94,180000	0,000000
2,319968	382,152912	82,244	0,090500	94,180000	0,000000
2,317977	382,144755	82,344	0,090497	94,180000	0,000000
2,316006	378,229182	82,444	0,088856	94,180000	0,000000
2,313982	378,070695	82,544	0,088790	94,180000	0,000000
2,311960	376,058137	82,644	0,087946	94,180000	0,000000
2,309934	374,077044	82,745	0,087116	94,080000	0,000000
2,307954	372,213650	82,846	0,086335	94,080000	0,000000
2,306011	367,904190	82,946	0,084530	94,080000	0,000000
2,303953	366,057111	83,046	0,083756	94,080000	0,000000
2,301963	364,145939	83,147	0,082955	94,080000	0,000000
2,299959	362,630985	83,247	0,082320	94,080000	0,000000
2,297957	361,817572	83,348	0,081979	94,080000	0,000000
2,295986	358,241115	83,448	0,080481	94,080000	0,000000
2,293950	357,964928	83,548	0,080365	94,080000	0,000000
2,292028	353,963119	83,648	0,078688	94,080000	0,000000
2,289945	352,036797	83,749	0,077881	94,080000	0,000000
2,287976	351,373713	83,849	0,077604	94,080000	0,000000
2,285932	348,192311	83,949	0,076271	94,080000	0,000000
2,283952	348,104909	84,049	0,076234	94,080000	0,000000
2,281969	346,029423	84,150	0,075364	94,080000	0,000000
2,279902	344,008707	84,250	0,074518	94,080000	0,000000
2,277993	341,687332	84,350	0,073545	94,080000	0,000000
2,275922	340,045355	84,450	0,072857	94,160000	0,000000
2,273966	337,945396	84,550	0,071977	94,160000	0,000000
2,271951	334,874702	84,651	0,070690	94,160000	0,000000
2,269968	332,032415	84,752	0,069500	94,160000	0,000000
2,267960	332,000951	84,852	0,069486	94,160000	0,000000
2,265978	328,156464	84,952	0,067875	94,160000	0,000000
2,263918	326,578582	85,052	0,067214	94,160000	0,000000
2,261943	324,035790	85,152	0,066149	94,160000	0,000000
2,259968	322,125783	85,253	0,065349	94,160000	0,000000
2,257965	320,602672	85,353	0,064710	94,160000	0,000000
2,255955	319,038773	85,454	0,064055	94,160000	0,000000
2,253973	318,186903	85,555	0,063698	94,160000	0,000000
2,252005	315,589340	85,655	0,062610	94,160000	0,000000
2,249975	313,079178	85,755	0,061558	94,160000	0,000000
2,248014	310,071413	85,855	0,060298	94,160000	0,000000
2,245985	307,829281	85,956	0,059358	94,160000	0,000000
2,243972	307,025190	86,057	0,059021	94,160000	0,000000
2,241996	305,193261	86,157	0,058254	94,160000	0,000000
2,239994	303,764544	86,258	0,057655	94,160000	0,000000
2,237982	301,798600	86,359	0,056832	94,160000	0,000000
2,235940	297,772319	86,460	0,055145	94,160000	0,000000
2,233944	297,717547	86,560	0,055122	94,160000	0,000000
2,231966	296,115192	86,661	0,054450	94,160000	0,000000
2,229977	293,683109	86,761	0,053431	94,160000	0,000000
2,227922	291,954896	86,861	0,052707	94,160000	0,000000
2,225971	289,863095	86,961	0,051831	94,160000	0,000000
2,223935	285,765728	87,061	0,050114	94,160000	0,000000
2,221998	285,710956	87,161	0,050091	94,160000	0,000000
2,219931	283,784634	87,261	0,049284	94,160000	0,000000
2,217956	281,565810	87,361	0,048354	94,160000	0,000000
2,215956	279,915675	87,462	0,047663	94,160000	0,000000
2,213990	277,777260	87,562	0,046767	94,160000	0,000000
2,211964	275,685458	87,663	0,045890	94,160000	0,000000
2,209890	273,671735	87,763	0,045046	94,160000	0,000000
2,207955	272,385190	87,864	0,044507	94,160000	0,000000
2,205950	268,209744	87,964	0,042758	94,160000	0,000000
2,203997	268,051257	88,064	0,042691	94,160000	0,000000
2,201941	266,062006	88,164	0,041858	94,160000	0,000000
2,199936	263,875811	88,264	0,040942	94,160000	0,000000
2,197944	261,119761	88,365	0,039787	94,160000	0,000000
2,195972	259,880995	88,465	0,039268	94,180000	0,000000
2,193999	257,820657	88,565	0,038405	94,180000	0,000000
2,191963	254,030942	88,666	0,036817	94,180000	0,000000
2,189926	251,963613	88,767	0,035951	94,180000	0,000000
2,187967	249,934740	88,867	0,035101	94,180000	0,000000
2,185973	250,037291	88,967	0,035144	94,180000	0,000000
2,183931	247,905868	89,067	0,034250	94,180000	0,000000
2,181943	245,963231	89,167	0,033437	94,180000	0,000000
2,179983	242,940315	89,268	0,032170	94,180000	0,000000
2,177917	239,545654	89,368	0,030748	94,180000	0,000000
2,176000	237,959614	89,468	0,030083	94,180000	0,000000
2,173939	237,485317	89,569	0,029884	94,180000	0,000000
2,171996	234,059190	89,669	0,028449	94,180000	0,000000
2,170010	233,901868	89,769	0,028383	94,180000	0,000000
2,167959	230,427963	89,870	0,026927	94,180000	0,000000
2,165964	228,975938	89,970	0,026319	94,180000	0,000000
2,163910	225,746756	90,070	0,024966	94,180000	0,000000
2,161985	226,173273	90,170	0,025145	94,180000	0,000000
2,160023	223,907835	90,270	0,024195	94,180000	0,000000
2,157979	219,810468	90,371	0,022479	94,180000	0,000000
2,155966	219,502815	90,472	0,022350	94,180000	0,000000
2,153935	217,663895	90,572	0,021579	94,180000	0,000000
2,151927	213,913801	90,672	0,020008	94,160000	0,000000
2,150019	213,897487	90,772	0,020001	94,160000	0,000000
2,147967	210,100779	90,872	0,018410	94,160000	0,000000
2,145936	207,906427	90,972	0,017491	94,160000	0,000000
2,144004	207,086021	91,072	0,017147	94,160000	0,000000
2,141918	204,030476	91,172	0,015867	94,160000	0,000000
2,140009	203,051583	91,272	0,015457	94,160000	0,000000
2,137979	201,488850	91,373	0,014802	94,160000	0,000000
2,135975	200,004195	91,473	0,014180	94,160000	0,000000
2,133926	196,025694	91,573	0,012513	94,160000	0,000000
2,131977	195,765821	91,674	0,012404	94,160000	0,000000
2,129958	193,681011	91,774	0,011530	94,160000	0,000000
2,127943	189,836525	91,874	0,009919	94,160000	0,000000
2,125983	189,505566	91,974	0,009781	94,160000	0,000000
2,124023	187,531464	92,074	0,008954	94,160000	0,000000
2,122000	184,050567	92,174	0,007495	94,160000	0,000000
2,119981	183,521498	92,275	0,007273	94,160000	0,000000
2,117960	181,831742	92,376	0,006565	94,160000	0,000000
2,116007	177,972106	92,477	0,004948	94,110000	0,000000
2,113945	177,664454	92,577	0,004819	94,110000	0,000000
2,111980	176,045784	92,677	0,004141	94,110000	0,000000
2,110009	171,996196	92,777	0,002444	94,110000	0,000000
2,107949	171,988039	92,877	0,002441	94,110000	0,000000
2,105926	170,227196	92,977	0,001703	94,110000	0,000000
2,103920	167,978073	93,078	0,000761	94,110000	0,000000
2,101970	165,901421	93,179	-0,000109	94,110000	0,000000
2,099994	162,175800	93,280	-0,001670	94,110000	0,000000
2,097977	159,822960	93,380	-0,002656	94,110000	0,000000
2,095943	158,205456	93,480	-0,003334	94,110000	0,000000
2,093936	156,081024	93,580	-0,004224	94,110000	0,000000
2,091938	156,342063	93,681	-0,004115	94,110000	0,000000
2,089919	154,013695	93,781	-0,005090	94,110000	0,000000
2,087949	152,292475	93,881	-0,005812	94,110000	0,000000
2,085955	148,692711	93,981	-0,007320	94,110000	0,000000
2,084004	146,261793	94,081	-0,008338	94,110000	0,000000
2,081997	144,130370	94,181	-0,009231	94,110000	0,000000
2,079965	142,093340	94,282	-0,010085	94,110000	0,000000
2,078015	140,229947	94,382	-0,010866	94,110000	0,000000
2,075938	138,067059	94,483	-0,011772	94,110000	0,000000
2,073887	136,014879	94,584	-0,012632	94,110000	0,000000
2,071995	135,958942	94,684	-0,012655	94,110000	0,000000
2,069951	134,372902	94,785	-0,013320	94,110000	0,000000
2,067955	132,004913	94,885	-0,014312	94,110000	0,000000
2,066016	130,181142	94,985	-0,015076	94,110000	0,000000
2,063917	126,944968	95,086	-0,016432	94,110000	0,000000
2,061957	125,286676	95,187	-0,017127	94,110000	0,000000
2,059946	122,002722	95,287	-0,018503	94,110000	0,000000
2,058002	121,371103	95,387	-0,018768	94,110000	0,000000
2,055970	118,670989	95,487	-0,019899	94,110000	0,000000
2,054029	118,284093	95,589	-0,020061	94,110000	0,000000
2,051921	116,342622	95,689	-0,020875	94,110000	0,000000
2,049995	114,116805	95,789	-0,021807	94,110000	0,000000
2,047974	111,945760	95,889	-0,022717	94,110000	0,000000
2,045948	110,280476	95,989	-0,023415	94,110000	0,000000
2,044016	106,404525	96,089	-0,025039	94,110000	0,000000
2,041964	105,464089	96,190	-0,025433	94,110000	0,000000
2,039991	104,185701	96,290	-0,025968	94,110000	0,000000
2,037946	100,278285	96,390	-0,027605	94,110000	0,000000
2,036026	98,130547	96,490	-0,028505	94,110000	0,000000
2,033973	97,538550	96,590	-0,028753	94,110000	0,000000
2,031996	95,691472	96,690	-0,029527	94,110000	0,000000
2,029987	94,515634	96,790	-0,030020	94,110000	0,000000
2,027963	92,005472	96,890	-0,031072	94,110000	0,000000
2,025944	89,755183	96,991	-0,032015	94,110000	0,000000
2,023955	88,200608	97,092	-0,032666	94,110000	0,000000
2,021983	84,450515	97,193	-0,034237	94,110000	0,000000
2,019986	82,405327	97,293	-0,035094	94,110000	0,000000
2,018017	82,176919	97,393	-0,035190	94,110000	0,000000
2,015929	78,372054	97,494	-0,036784	94,110000	0,000000
2,013939	76,524976	97,594	-0,037558	94,110000	0,000000
2,012000	74,401710	97,694	-0,038448	94,110000	0,000000
2,009962	74,228073	97,794	-0,038521	94,110000	0,000000
2,007944	69,996690	97,894	-0,040293	94,110000	0,000000
2,005948	70,391744	97,994	-0,040128	94,110000	0,000000
2,004026	66,152204	98,094	-0,041904	94,110000	0,000000
2,001977	66,483163	98,195	-0,041766	94,110000	0,000000
1,999964	64,242197	98,295	-0,042705	94,110000	0,000000
1,998012	62,385796	98,396	-0,043482	94,110000	0,000000
1,996000	58,463231	98,497	-0,045126	94,110000	0,000000
1,994043	58,344365	98,598	-0,045176	94,110000	0,000000
1,991974	56,174485	98,698	-0,046085	94,110000	0,000000
1,989956	52,621336	98,798	-0,047574	94,110000	0,000000
1,988021	50,529535	98,899	-0,048450	94,110000	0,000000
1,985960	50,489913	98,999	-0,048467	94,110000	0,000000
1,984014	48,603213	99,099	-0,049257	94,110000	0,000000
1,982038	46,716513	99,199	-0,050048	94,110000	0,000000
1,979900	42,911648	99,299	-0,051642	94,110000	0,000000
1,977934	41,087877	99,399	-0,052406	94,110000	0,000000
1,975995	38,665116	99,499	-0,053421	94,110000	0,000000
1,973951	37,054604	99,599	-0,054096	94,110000	0,000000
1,971956	34,480348	99,700	-0,055175	94,110000	0,000000
1,969966	33,155346	99,800	-0,055730	94,110000	0,000000
1,967973	30,739577	99,901	-0,056742	94,110000	0,000000
1,965950	30,668491	100,001	-0,056772	94,110000	0,000000
1,963938	26,941705	100,101	-0,058333	94,110000	0,000000
1,961968	26,617738	100,202	-0,058469	94,110000	0,000000
1,959980	24,724045	100,302	-0,059263	94,110000	0,000000
1,957959	22,639236	100,402	-0,060136	94,110000	0,000000
1,955995	20,192003	100,502	-0,061162	94,160000	0,000000
1,954000	18,448641	100,603	-0,061892	94,160000	0,000000
1,952027	15,495646	100,704	-0,063129	94,160000	0,000000
1,949980	13,782583	100,804	-0,063847	94,160000	0,000000
1,947964	10,798124	100,904	-0,065098	94,160000	0,000000
1,945960	9,898475	101,005	-0,065475	94,160000	0,000000
1,943972	7,917381	101,105	-0,066305	94,160000	0,000000
1,941973	5,723029	101,205	-0,067224	94,160000	0,000000
1,939914	2,754885	101,305	-0,068468	94,160000	0,000000
1,937978	1,759677	101,405	-0,068885	94,160000	0,000000
1,936008	-0,198109	101,505	-0,069705	94,160000	0,000000
