Quasi static measurement routine
Tip parameters (shape,radius, material...) 
05.09.2022

Piezo position[nm]	MEMS displ.[nm]	Time[ms]	Cap [pf]	Temp [°C]	Rh [%]
eoh
1,935934	-0,357010	0,159	-0,066268	94,140000	0,000000
1,937962	-0,266224	0,260	-0,066232	94,140000	0,000000
1,939985	1,951898	0,360	-0,065349	94,140000	0,000000
1,942005	6,157496	0,461	-0,063675	94,140000	0,000000
1,943911	8,601356	0,562	-0,062703	94,140000	0,000000
1,945940	9,947197	0,662	-0,062167	94,130000	0,000000
1,947918	12,324808	0,762	-0,061221	94,130000	0,000000
1,949936	14,758853	0,862	-0,060252	94,130000	0,000000
1,951966	14,360131	0,963	-0,060411	94,130000	0,000000
1,953951	16,412630	1,063	-0,059594	94,130000	0,000000
1,955933	18,889614	1,164	-0,058608	94,130000	0,000000
1,957951	22,595890	1,264	-0,057133	94,130000	0,000000
1,960010	23,203174	1,365	-0,056891	94,130000	0,000000
1,961973	27,092248	1,465	-0,055343	94,130000	0,000000
1,963930	29,435508	1,565	-0,054411	94,130000	0,000000
1,965988	31,115048	1,665	-0,053742	94,130000	0,000000
1,967979	32,119828	1,766	-0,053342	94,130000	0,000000
1,969950	33,607981	1,866	-0,052750	94,130000	0,000000
1,971920	35,909528	1,967	-0,051834	94,130000	0,000000
1,973911	39,882027	2,067	-0,050253	94,130000	0,000000
1,976001	42,051076	2,167	-0,049390	94,130000	0,000000
1,977948	43,812814	2,267	-0,048688	94,130000	0,000000
1,980018	45,708278	2,367	-0,047934	94,130000	0,000000
1,981964	48,267460	2,467	-0,046916	94,170000	0,000000
1,983944	47,785313	2,568	-0,047107	94,170000	0,000000
1,985970	50,411972	2,668	-0,046062	94,170000	0,000000
1,987954	52,847244	2,768	-0,045093	94,170000	0,000000
1,989950	56,694606	2,868	-0,043562	94,170000	0,000000
1,991997	58,132459	2,969	-0,042989	94,170000	0,000000
1,993937	60,251207	3,069	-0,042146	94,170000	0,000000
1,995946	61,083003	3,170	-0,041815	94,170000	0,000000
1,997942	64,381968	3,270	-0,040502	94,170000	0,000000
1,999950	66,392755	3,370	-0,039702	94,170000	0,000000
2,001950	67,863733	3,470	-0,039116	94,170000	0,000000
2,003894	69,792321	3,570	-0,038349	94,170000	0,000000
2,005983	72,742865	3,670	-0,037174	94,170000	0,000000
2,007981	74,088705	3,770	-0,036639	94,170000	0,000000
2,009924	75,759658	3,871	-0,035974	94,170000	0,000000
2,011992	78,983786	3,971	-0,034690	94,170000	0,000000
2,013969	80,197128	4,072	-0,034208	94,170000	0,000000
2,015936	80,787237	4,172	-0,033973	94,170000	0,000000
2,017951	83,953704	4,272	-0,032712	94,170000	0,000000
2,019951	86,695685	4,373	-0,031621	94,170000	0,000000
2,021960	90,053539	4,473	-0,030285	94,170000	0,000000
2,023956	89,505143	4,573	-0,030503	94,170000	0,000000
2,025928	92,821284	4,673	-0,029183	94,170000	0,000000
2,028023	95,089706	4,773	-0,028280	94,170000	0,000000
2,029935	96,444135	4,874	-0,027741	94,170000	0,000000
2,031943	98,672071	4,975	-0,026854	94,170000	0,000000
2,033926	101,081580	5,075	-0,025896	94,170000	0,000000
2,035937	103,882449	5,175	-0,024781	94,170000	0,000000
2,037948	103,732775	5,275	-0,024840	94,170000	0,000000
2,039942	107,423102	5,375	-0,023372	94,170000	0,000000
2,041935	108,319920	5,476	-0,023015	94,170000	0,000000
2,043996	111,794323	5,577	-0,021632	94,170000	0,000000
2,045947	113,131576	5,678	-0,021100	94,170000	0,000000
2,048014	117,171551	5,778	-0,019492	94,170000	0,000000
2,049946	119,264536	5,878	-0,018659	94,170000	0,000000
2,051947	121,375923	5,979	-0,017818	94,170000	0,000000
2,053987	122,839539	6,079	-0,017236	94,170000	0,000000
2,055941	123,586683	6,179	-0,016938	94,170000	0,000000
2,057968	126,229291	6,279	-0,015887	94,170000	0,000000
2,059940	128,398339	6,379	-0,015023	94,170000	0,000000
2,061943	131,797906	6,479	-0,013670	94,170000	0,000000
2,063998	132,146327	6,579	-0,013532	94,170000	0,000000
2,065936	133,460270	6,679	-0,013009	94,160000	0,000000
2,067968	136,435351	6,780	-0,011825	94,160000	0,000000
2,069924	139,593230	6,880	-0,010568	94,160000	0,000000
2,071922	141,139045	6,981	-0,009953	94,160000	0,000000
2,073889	142,143825	7,081	-0,009553	94,160000	0,000000
2,075951	145,085780	7,181	-0,008382	94,160000	0,000000
2,077942	146,706433	7,281	-0,007737	94,160000	0,000000
2,079977	149,973500	7,382	-0,006437	94,160000	0,000000
2,082010	152,856568	7,482	-0,005289	94,160000	0,000000
2,083946	154,934830	7,582	-0,004462	94,160000	0,000000
2,086015	156,837655	7,682	-0,003705	94,160000	0,000000
2,087949	159,064365	7,783	-0,002818	94,160000	0,000000
2,089947	162,040672	7,883	-0,001634	94,160000	0,000000
2,091979	163,327624	7,983	-0,001122	94,160000	0,000000
2,093969	165,423063	8,083	-0,000288	94,160000	0,000000
2,095968	165,522436	8,183	-0,000248	94,160000	0,000000
2,097993	168,854527	8,284	0,001078	94,160000	0,000000
2,099974	171,580559	8,384	0,002163	94,160000	0,000000
2,101972	172,701888	8,485	0,002609	94,160000	0,000000
2,104023	174,439090	8,585	0,003301	94,160000	0,000000
2,105991	176,700151	8,686	0,004201	94,110000	0,000000
2,107964	180,423602	8,786	0,005683	94,110000	0,000000
2,109945	182,143628	8,886	0,006367	94,110000	0,000000
2,111922	182,891999	8,986	0,006665	94,110000	0,000000
2,113936	184,512651	9,086	0,007310	94,110000	0,000000
2,115928	187,827566	9,186	0,008629	94,110000	0,000000
2,117959	188,476562	9,286	0,008888	94,110000	0,000000
2,119945	191,533841	9,386	0,010104	94,110000	0,000000
2,121969	195,124794	9,487	0,011534	94,110000	0,000000
2,123975	195,116206	9,587	0,011530	94,110000	0,000000
2,125924	197,060743	9,687	0,012304	94,110000	0,000000
2,127966	200,136424	9,788	0,013528	94,110000	0,000000
2,129996	201,449140	9,889	0,014051	94,110000	0,000000
2,131941	203,560527	9,989	0,014891	94,110000	0,000000
2,133961	208,612643	10,089	0,016902	94,110000	0,000000
2,135949	208,006586	10,189	0,016661	94,110000	0,000000
2,137912	209,867698	10,289	0,017401	94,110000	0,000000
2,139972	212,153296	10,389	0,018311	94,220000	0,000000
2,141965	214,139545	10,490	0,019102	94,220000	0,000000
2,143985	215,892696	10,591	0,019799	94,220000	0,000000
2,145989	218,178294	10,691	0,020709	94,220000	0,000000
2,147916	221,544735	10,791	0,022049	94,220000	0,000000
2,149912	224,361554	10,891	0,023170	94,220000	0,000000
2,151971	227,411471	10,991	0,024384	94,220000	0,000000
2,153919	229,131497	11,091	0,025068	94,220000	0,000000
2,155946	228,974462	11,192	0,025006	94,220000	0,000000
2,157958	232,456226	11,292	0,026392	94,220000	0,000000
2,159960	232,315140	11,392	0,026335	94,220000	0,000000
2,161991	234,674348	11,492	0,027274	94,220000	0,000000
2,163904	237,010247	11,593	0,028204	94,220000	0,000000
2,165919	240,500599	11,693	0,029593	94,220000	0,000000
2,167969	241,755653	11,793	0,030093	94,220000	0,000000
2,169959	245,171168	11,893	0,031452	94,220000	0,000000
2,171951	244,863232	11,993	0,031330	94,220000	0,000000
2,173975	247,672690	12,093	0,032448	94,220000	0,000000
2,175960	249,733776	12,193	0,033268	94,220000	0,000000
2,177985	253,972499	12,294	0,034955	94,220000	0,000000
2,179976	255,243503	12,394	0,035461	94,220000	0,000000
2,181973	257,861573	12,494	0,036503	94,220000	0,000000
2,183941	260,204833	12,594	0,037436	94,220000	0,000000
2,185925	262,241383	12,694	0,038246	94,220000	0,000000
2,187951	264,443556	12,795	0,039123	94,220000	0,000000
2,189961	266,196706	12,895	0,039820	94,220000	0,000000
2,191918	266,546355	12,995	0,039959	94,220000	0,000000
2,193934	269,779071	13,095	0,041246	94,220000	0,000000
2,195940	270,609640	13,195	0,041577	94,220000	0,000000
2,197942	272,754152	13,296	0,042430	94,220000	0,000000
2,199981	275,072874	13,396	0,043353	94,220000	0,000000
2,201958	276,709475	13,496	0,044004	94,220000	0,000000
2,203979	279,228172	13,596	0,045007	94,220000	0,000000
2,205945	281,313796	13,697	0,045837	94,220000	0,000000
2,207948	283,225208	13,798	0,046598	94,220000	0,000000
2,209964	285,237221	13,899	0,047398	94,220000	0,000000
2,211983	287,189119	14,000	0,048175	94,220000	0,000000
2,213898	289,458768	14,101	0,049079	94,220000	0,000000
2,215936	291,660941	14,201	0,049955	94,220000	0,000000
2,217984	294,204175	14,301	0,050967	94,220000	0,000000
2,219967	295,791703	14,401	0,051599	94,220000	0,000000
2,221984	298,866157	14,501	0,052823	94,220000	0,000000
2,223929	300,537109	14,601	0,053488	94,220000	0,000000
2,225940	303,470477	14,702	0,054655	94,220000	0,000000
2,227976	305,140203	14,802	0,055320	94,220000	0,000000
2,229954	306,095909	14,902	0,055700	94,220000	0,000000
2,231934	308,290721	15,002	0,056574	94,220000	0,000000
2,233972	310,683054	15,103	0,057526	94,220000	0,000000
2,235976	312,994415	15,203	0,058446	94,220000	0,000000
2,237968	314,905828	15,304	0,059207	94,220000	0,000000
2,239958	317,398761	15,404	0,060199	94,220000	0,000000
2,241951	319,251286	15,505	0,060936	94,220000	0,000000
2,243974	321,113625	15,605	0,061677	94,220000	0,000000
2,245972	323,066750	15,705	0,062455	94,220000	0,000000
2,247959	325,202674	15,805	0,063305	94,220000	0,000000
2,249968	327,420795	15,906	0,064187	94,220000	0,000000
2,251984	329,265959	16,007	0,064922	94,220000	0,000000
2,253961	333,205333	16,107	0,066490	94,220000	0,000000
2,255987	333,297346	16,207	0,066526	94,220000	0,000000
2,257914	335,349845	16,308	0,067343	94,220000	0,000000
2,259980	337,560606	16,409	0,068223	94,220000	0,000000
2,261976	339,421718	16,509	0,068964	94,220000	0,000000
2,263981	343,136581	16,609	0,070442	94,220000	0,000000
2,265972	343,726690	16,709	0,070677	94,220000	0,000000
2,267978	345,838077	16,809	0,071518	94,220000	0,000000
2,269974	348,064787	16,910	0,072404	94,220000	0,000000
2,271950	349,951663	17,010	0,073155	94,220000	0,000000
2,273921	352,369759	17,110	0,074117	94,220000	0,000000
2,275911	354,521632	17,210	0,074974	94,220000	0,000000
2,277933	357,912610	17,310	0,076323	94,220000	0,000000
2,279984	360,887690	17,411	0,077507	94,220000	0,000000
2,281936	362,417557	17,511	0,078116	94,220000	0,000000
2,283920	364,776765	17,611	0,079055	94,220000	0,000000
2,286002	366,996113	17,712	0,079938	94,220000	0,000000
2,288010	366,414592	17,812	0,079707	94,220000	0,000000
2,289933	369,165162	17,912	0,080802	94,220000	0,000000
2,291929	371,144050	18,012	0,081589	94,220000	0,000000
2,293952	373,245623	18,112	0,082426	94,220000	0,000000
2,295977	377,218122	18,212	0,084007	94,220000	0,000000
2,297970	379,620269	18,312	0,084963	94,220000	0,000000
2,299965	381,672768	18,412	0,085780	94,110000	0,000000
2,301960	383,601356	18,513	0,086547	94,110000	0,000000
2,303965	385,761817	18,614	0,087407	94,110000	0,000000
2,305920	387,257332	18,714	0,088002	94,110000	0,000000
2,307987	389,833690	18,814	0,089028	94,110000	0,000000
2,309976	391,687441	18,914	0,089766	94,110000	0,000000
2,311960	393,797601	19,014	0,090605	94,110000	0,000000
2,313928	394,204911	19,114	0,090768	94,110000	0,000000
2,315962	395,734777	19,214	0,091376	94,110000	0,000000
2,318012	398,577359	19,315	0,092508	94,110000	0,000000
2,319977	400,504721	19,415	0,093275	94,110000	0,000000
2,322007	403,056542	19,515	0,094291	94,110000	0,000000
2,323920	406,870780	19,615	0,095809	94,110000	0,000000
2,325926	406,289259	19,715	0,095577	94,110000	0,000000
2,327925	408,075534	19,815	0,096288	94,110000	0,000000
2,329952	411,308250	19,915	0,097575	94,110000	0,000000
2,331925	414,093171	20,015	0,098683	94,110000	0,000000
2,333932	416,161619	20,116	0,099506	94,110000	0,000000
2,335932	419,277785	20,216	0,100747	94,110000	0,000000
2,337900	420,534067	20,316	0,101247	94,110000	0,000000
2,339956	422,595154	20,416	0,102067	94,110000	0,000000
2,341954	424,023192	20,516	0,102635	94,110000	0,000000
2,343970	426,898899	20,616	0,103780	94,220000	0,000000
2,345979	426,766400	20,716	0,103727	94,220000	0,000000
2,347907	430,971999	20,816	0,105401	94,220000	0,000000
2,349955	433,066210	20,917	0,106234	94,220000	0,000000
2,351978	435,035284	21,017	0,107018	94,220000	0,000000
2,353944	435,675693	21,117	0,107273	94,220000	0,000000
2,356027	438,393138	21,217	0,108354	94,220000	0,000000
2,357948	440,254250	21,317	0,109095	94,220000	0,000000
2,360004	442,108001	21,417	0,109833	94,220000	0,000000
2,361937	446,195823	21,517	0,111460	94,220000	0,000000
2,363980	447,201829	21,617	0,111860	94,220000	0,000000
2,365911	448,523133	21,717	0,112386	94,220000	0,000000
2,367954	451,431965	21,817	0,113544	94,220000	0,000000
2,369888	453,193703	21,917	0,114245	94,220000	0,000000
2,371955	455,479301	22,017	0,115155	94,220000	0,000000
2,373937	458,903404	22,117	0,116518	94,220000	0,000000
2,376013	459,302126	22,217	0,116676	94,220000	0,000000
2,377979	461,371800	22,317	0,117500	94,220000	0,000000
2,379922	463,216964	22,418	0,118234	94,220000	0,000000
2,381948	465,311175	22,518	0,119068	94,220000	0,000000
2,383949	467,313374	22,619	0,119865	94,140000	0,000000
2,385961	471,660058	22,719	0,121595	94,140000	0,000000
2,387945	472,142205	22,819	0,121787	94,140000	0,000000
2,389944	473,829106	22,919	0,122458	94,140000	0,000000
2,391944	475,973618	23,019	0,123312	94,140000	0,000000
2,393943	477,935331	23,120	0,124092	94,140000	0,000000
2,395904	480,012367	23,222	0,124919	94,140000	0,000000
2,397940	484,209377	23,322	0,126589	94,140000	0,000000
2,399983	484,350463	23,423	0,126646	94,140000	0,000000
2,401968	486,503563	23,523	0,127502	94,140000	0,000000
2,403888	488,164700	23,623	0,128164	94,140000	0,000000
2,405947	492,619347	23,724	0,129937	94,140000	0,000000
2,407995	492,154375	23,824	0,129751	94,140000	0,000000
2,409921	496,617610	23,924	0,131528	94,140000	0,000000
2,411895	496,558721	24,024	0,131504	94,140000	0,000000
2,413947	498,910568	24,125	0,132440	94,140000	0,000000
2,415958	502,975080	24,225	0,134058	94,140000	0,000000
2,417955	505,185841	24,325	0,134938	94,140000	0,000000
2,419964	507,280053	24,425	0,135771	94,170000	0,000000
2,421993	509,024615	24,525	0,136466	94,170000	0,000000
2,423915	511,592386	24,625	0,137488	94,170000	0,000000
2,425916	512,856028	24,725	0,137991	94,170000	0,000000
2,427945	513,163964	24,825	0,138113	94,170000	0,000000
2,429897	517,726572	24,926	0,139929	94,170000	0,000000
2,431957	517,260374	25,026	0,139744	94,170000	0,000000
2,433894	521,324886	25,127	0,141361	94,170000	0,000000
2,435896	521,640183	25,227	0,141487	94,170000	0,000000
2,437996	524,848363	25,327	0,142764	94,170000	0,000000
2,439962	526,178255	25,427	0,143293	94,170000	0,000000
2,441919	528,097028	25,528	0,144057	94,170000	0,000000
2,443961	530,250128	25,628	0,144914	94,170000	0,000000
2,445942	532,535726	25,728	0,145823	94,170000	0,000000
2,447962	535,643304	25,828	0,147060	94,170000	0,000000
2,449913	538,336212	25,929	0,148132	94,170000	0,000000
2,451947	540,031701	26,030	0,148807	94,170000	0,000000
2,453897	542,084200	26,131	0,149624	94,170000	0,000000
2,455930	544,627434	26,231	0,150636	94,170000	0,000000
2,457926	545,076457	26,331	0,150814	94,170000	0,000000
2,459906	549,231754	26,431	0,152468	94,170000	0,000000
2,461960	550,694145	26,531	0,153050	94,170000	0,000000
2,463915	551,982324	26,632	0,153563	94,170000	0,000000
2,465930	554,433545	26,732	0,154539	94,170000	0,000000
2,467931	554,750069	26,833	0,154665	94,170000	0,000000
2,470003	558,656319	26,933	0,156219	94,170000	0,000000
2,471922	560,384932	27,033	0,156907	94,170000	0,000000
2,473964	562,338057	27,133	0,157685	94,170000	0,000000
2,475898	564,141508	27,233	0,158402	94,170000	0,000000
2,477954	565,794058	27,333	0,159060	94,170000	0,000000
2,479990	568,030583	27,433	0,159950	94,170000	0,000000
2,481941	571,703734	27,533	0,161412	94,170000	0,000000
2,483980	572,501178	27,633	0,161729	94,170000	0,000000
2,486008	575,975581	27,733	0,163112	94,170000	0,000000
2,487934	576,299466	27,834	0,163241	94,170000	0,000000
2,489973	578,618189	27,934	0,164164	94,170000	0,000000
2,491946	580,338215	28,035	0,164849	94,170000	0,000000
2,493972	582,997998	28,136	0,165907	94,170000	0,000000
2,495979	584,651774	28,236	0,166565	94,170000	0,000000
2,497910	586,871123	28,336	0,167449	94,170000	0,000000
2,499947	588,457424	28,437	0,168080	94,170000	0,000000
2,501979	592,372262	28,537	0,169638	94,170000	0,000000
2,503937	594,640684	28,637	0,170541	94,130000	0,000000
2,505907	594,541310	28,737	0,170501	94,130000	0,000000
2,507948	600,209298	28,837	0,172757	94,130000	0,000000
2,509953	599,245004	28,938	0,172374	94,130000	0,000000
2,511937	600,956442	29,038	0,173055	94,130000	0,000000
2,513994	602,876443	29,138	0,173819	94,130000	0,000000
2,515930	605,195165	29,239	0,174742	94,130000	0,000000
2,517950	609,707473	29,339	0,176538	94,130000	0,000000
2,519924	611,545275	29,440	0,177269	94,130000	0,000000
2,521958	613,505761	29,540	0,178049	94,130000	0,000000
2,523933	616,256330	29,641	0,179144	94,130000	0,000000
2,525930	617,927283	29,741	0,179809	94,130000	0,000000
2,527934	619,821520	29,841	0,180563	94,130000	0,000000
2,529896	620,204293	29,941	0,180715	94,130000	0,000000
2,531935	621,999156	30,042	0,181430	94,130000	0,000000
2,533965	624,658939	30,142	0,182488	94,130000	0,000000
2,535930	626,761738	30,242	0,183325	94,130000	0,000000
2,537977	628,680512	30,343	0,184089	94,130000	0,000000
2,539955	631,240921	30,443	0,185108	94,130000	0,000000
2,541930	632,661599	30,543	0,185673	94,130000	0,000000
2,543919	634,581599	30,643	0,186438	94,080000	0,000000
2,545935	636,858609	30,744	0,187344	94,080000	0,000000
2,547976	638,977357	30,844	0,188187	94,080000	0,000000
2,549940	640,963607	30,944	0,188978	94,080000	0,000000
2,551935	643,240617	31,044	0,189884	94,080000	0,000000
2,553979	647,430267	31,144	0,191551	94,080000	0,000000
2,555899	649,458229	31,244	0,192358	94,080000	0,000000
2,558006	651,352465	31,345	0,193112	94,080000	0,000000
2,559976	653,354664	31,445	0,193909	94,080000	0,000000
2,561967	655,923661	31,545	0,194932	94,080000	0,000000
2,563951	657,993336	31,645	0,195755	94,080000	0,000000
2,565984	659,854448	31,745	0,196496	94,080000	0,000000
2,567942	662,338794	31,845	0,197485	94,080000	0,000000
2,569934	664,349580	31,945	0,198285	94,080000	0,000000
2,572015	666,568929	32,045	0,199168	94,080000	0,000000
2,573953	668,239881	32,145	0,199833	94,080000	0,000000
2,575954	670,059281	32,246	0,200558	94,080000	0,000000
2,577952	672,137543	32,347	0,201385	94,080000	0,000000
2,579938	674,489390	32,447	0,202321	94,080000	0,000000
2,581954	674,430502	32,547	0,202297	94,080000	0,000000
2,583991	677,114822	32,647	0,203366	94,060000	0,000000
2,585947	679,093711	32,747	0,204153	94,060000	0,000000
2,587950	681,778031	32,847	0,205222	94,060000	0,000000
2,589958	683,099335	32,947	0,205748	94,060000	0,000000
2,591971	685,484306	33,048	0,206697	94,060000	0,000000
2,593921	688,558761	33,149	0,207920	94,060000	0,000000
2,595965	689,597892	33,250	0,208334	94,060000	0,000000
2,597931	692,033164	33,351	0,209303	94,060000	0,000000
2,599949	695,166506	33,451	0,210550	94,060000	0,000000
2,601923	695,681778	33,551	0,210755	94,060000	0,000000
2,603980	697,360091	33,651	0,211423	94,060000	0,000000
2,605903	699,927862	33,751	0,212445	94,060000	0,000000
2,607993	702,728732	33,851	0,213560	94,060000	0,000000
2,609948	703,900361	33,951	0,214026	94,060000	0,000000
2,611983	706,077997	34,051	0,214893	94,060000	0,000000
2,613959	708,645768	34,152	0,215915	94,060000	0,000000
2,615973	711,579136	34,252	0,217083	94,060000	0,000000
2,617938	712,552018	34,353	0,217470	94,060000	0,000000
2,619928	714,754191	34,453	0,218346	94,060000	0,000000
2,621901	716,524517	34,553	0,219051	94,060000	0,000000
2,623930	719,299623	34,653	0,220155	94,170000	0,000000
2,625973	723,264761	34,754	0,221733	94,170000	0,000000
2,627908	725,366334	34,855	0,222570	94,170000	0,000000
2,629919	727,178372	34,955	0,223291	94,170000	0,000000
2,631955	729,089785	35,055	0,224052	94,170000	0,000000
2,633962	731,001197	35,156	0,224812	94,170000	0,000000
2,635914	733,669569	35,256	0,225875	94,170000	0,000000
2,637974	734,433888	35,356	0,226179	94,170000	0,000000
2,639950	735,647230	35,456	0,226662	94,170000	0,000000
2,641964	737,691141	35,557	0,227475	94,170000	0,000000
2,643945	740,117825	35,657	0,228441	94,170000	0,000000
2,645931	742,004701	35,757	0,229192	94,170000	0,000000
2,647905	744,281711	35,857	0,230098	94,170000	0,000000
2,649914	747,805188	35,957	0,231500	94,170000	0,000000
2,651842	748,245623	36,058	0,231676	94,170000	0,000000
2,653906	751,836575	36,159	0,233105	94,170000	0,000000
2,655924	752,534646	36,259	0,233383	94,170000	0,000000
2,657943	753,972499	36,359	0,233955	94,170000	0,000000
2,659937	756,465433	36,459	0,234947	94,170000	0,000000
2,661913	759,090864	36,559	0,235992	94,170000	0,000000
2,663888	760,761817	36,660	0,236657	94,170000	0,000000
2,665946	762,748067	36,760	0,237448	94,170000	0,000000
2,667953	764,833690	36,860	0,238278	94,170000	0,000000
2,669973	769,147250	36,961	0,239995	94,170000	0,000000
2,671980	769,171787	37,061	0,240004	94,170000	0,000000
2,673918	771,407084	37,162	0,240894	94,170000	0,000000
2,675881	776,444478	37,262	0,242899	94,170000	0,000000
2,677976	777,614881	37,362	0,243365	94,170000	0,000000
2,679931	779,003661	37,462	0,243917	94,170000	0,000000
2,681973	781,106460	37,563	0,244754	94,170000	0,000000
2,683961	781,397220	37,663	0,244870	94,170000	0,000000
2,685890	784,771023	37,763	0,246213	94,170000	0,000000
2,687956	786,191701	37,863	0,246778	94,170000	0,000000
2,689915	787,979203	37,963	0,247490	94,170000	0,000000
2,691959	791,170207	38,064	0,248760	94,170000	0,000000
2,693945	792,849747	38,165	0,249428	94,170000	0,000000
2,695923	795,292380	38,265	0,250400	94,170000	0,000000
2,697966	795,708278	38,365	0,250566	94,130000	0,000000
2,699944	799,505339	38,465	0,252077	94,130000	0,000000
2,701880	802,638682	38,565	0,253324	94,130000	0,000000
2,703954	803,827487	38,666	0,253797	94,130000	0,000000
2,705963	806,012484	38,766	0,254667	94,130000	0,000000
2,707907	807,941073	38,866	0,255435	94,130000	0,000000
2,709941	809,312677	38,967	0,255980	94,130000	0,000000
2,711988	810,957865	39,067	0,256635	94,130000	0,000000
2,713911	812,935527	39,167	0,257422	94,130000	0,000000
2,715973	815,603898	39,267	0,258484	94,130000	0,000000
2,717934	819,019413	39,367	0,259844	94,130000	0,000000
2,719896	820,581177	39,467	0,260465	94,130000	0,000000
2,721925	822,118405	39,568	0,261077	94,130000	0,000000
2,724003	823,664220	39,669	0,261692	94,130000	0,000000
2,725908	825,850444	39,770	0,262563	94,130000	0,000000
2,727887	827,894355	39,870	0,263376	94,130000	0,000000
2,729889	830,171365	39,970	0,264282	94,130000	0,000000
2,731976	831,917154	40,071	0,264977	94,130000	0,000000
2,733958	834,792861	40,171	0,266122	94,130000	0,000000
2,735900	838,582561	40,271	0,267630	94,130000	0,000000
2,737955	840,958945	40,371	0,268576	94,130000	0,000000
2,739934	842,828645	40,471	0,269320	94,130000	0,000000
2,741964	842,405386	40,572	0,269151	94,130000	0,000000
2,743916	845,171904	40,672	0,270252	94,130000	0,000000
2,745919	848,247586	40,772	0,271477	94,130000	0,000000
2,747949	848,480685	40,872	0,271569	94,130000	0,000000
2,749936	851,264379	40,972	0,272677	94,130000	0,000000
2,751926	852,818781	41,072	0,273296	94,130000	0,000000
2,753946	855,652776	41,172	0,274424	94,130000	0,000000
2,755933	859,500137	41,272	0,275955	94,130000	0,000000
2,757941	859,608099	41,372	0,275998	94,130000	0,000000
2,759970	861,153914	41,472	0,276613	94,130000	0,000000
2,761896	863,547474	41,572	0,277566	94,130000	0,000000
2,763883	865,027039	41,673	0,278155	94,130000	0,000000
2,765918	867,826682	41,773	0,279269	94,130000	0,000000
2,767962	869,971194	41,873	0,280123	94,130000	0,000000
2,769944	874,317878	41,973	0,281853	94,130000	0,000000
2,771900	876,361789	42,073	0,282666	94,130000	0,000000
2,773970	878,340678	42,173	0,283454	94,130000	0,000000
2,775968	880,426301	42,274	0,284284	94,130000	0,000000
2,777901	882,545049	42,374	0,285127	94,130000	0,000000
2,779957	884,016027	42,474	0,285712	94,090000	0,000000
2,781935	884,498174	42,574	0,285904	94,090000	0,000000
2,783905	889,077958	42,675	0,287727	94,090000	0,000000
2,785964	888,745485	42,775	0,287595	94,090000	0,000000
2,787881	891,113281	42,876	0,288537	94,090000	0,000000
2,789967	892,693448	42,977	0,289166	94,090000	0,000000
2,791944	896,191161	43,078	0,290558	94,090000	0,000000
2,793938	897,970075	43,178	0,291266	94,090000	0,000000
2,795910	899,923200	43,279	0,292043	94,090000	0,000000
2,797909	901,634638	43,379	0,292725	94,090000	0,000000
2,799993	905,241540	43,479	0,294160	94,090000	0,000000
2,801948	907,186077	43,580	0,294934	94,090000	0,000000
2,803947	908,341758	43,680	0,295394	94,090000	0,000000
2,805959	911,092327	43,780	0,296489	94,090000	0,000000
2,807901	913,012327	43,880	0,297253	94,090000	0,000000
2,809945	915,181376	43,980	0,298116	94,090000	0,000000
2,811918	917,949121	44,081	0,299218	94,090000	0,000000
2,813936	919,502297	44,181	0,299836	94,090000	0,000000
2,815918	921,697109	44,281	0,300709	94,090000	0,000000
2,817952	923,093249	44,381	0,301265	94,090000	0,000000
2,819920	925,245122	44,482	0,302122	94,090000	0,000000
2,821867	926,973736	44,582	0,302810	94,090000	0,000000
2,823926	929,367295	44,683	0,303762	94,090000	0,000000
2,825922	930,630938	44,783	0,304265	94,090000	0,000000
2,827891	932,890772	44,884	0,305165	94,090000	0,000000
2,829938	935,200907	44,984	0,306084	94,090000	0,000000
2,831933	936,938109	45,084	0,306775	94,090000	0,000000
2,833952	938,990607	45,184	0,307592	94,090000	0,000000
2,835998	941,608678	45,284	0,308634	94,090000	0,000000
2,837885	943,661177	45,384	0,309451	94,090000	0,000000
2,839951	945,664602	45,484	0,310249	94,090000	0,000000
2,841882	947,584603	45,585	0,311013	94,090000	0,000000
2,843905	949,811312	45,685	0,311899	94,090000	0,000000
2,845924	951,797562	45,785	0,312689	94,090000	0,000000
2,847908	953,708975	45,885	0,313450	94,090000	0,000000
2,849878	955,487889	45,985	0,314158	94,090000	0,000000
2,851902	959,742560	46,085	0,315852	94,090000	0,000000
2,853910	960,275008	46,186	0,316063	94,090000	0,000000
2,855963	962,210957	46,286	0,316834	94,090000	0,000000
2,857892	964,230331	46,386	0,317638	94,160000	0,000000
2,859911	966,815278	46,487	0,318667	94,160000	0,000000
2,861967	968,585604	46,587	0,319371	94,160000	0,000000
2,863993	970,721528	46,687	0,320221	94,160000	0,000000
2,865948	972,956825	46,788	0,321111	94,160000	0,000000
2,867960	974,743100	46,888	0,321822	94,160000	0,000000
2,869923	976,971037	46,989	0,322708	94,160000	0,000000
2,871967	979,023536	47,089	0,323525	94,160000	0,000000
2,873908	980,818399	47,190	0,324240	94,160000	0,000000
2,875906	983,627856	47,290	0,325358	94,160000	0,000000
2,877959	987,799103	47,390	0,327018	94,160000	0,000000
2,879922	988,530298	47,490	0,327309	94,160000	0,000000
2,881917	991,498017	47,590	0,328490	94,160000	0,000000
2,883903	993,799564	47,690	0,329406	94,160000	0,000000
2,885904	992,826682	47,790	0,329019	94,160000	0,000000
2,887929	996,151411	47,890	0,330342	94,160000	0,000000
2,889972	998,985406	47,990	0,331470	94,160000	0,000000
2,891921	999,758313	48,090	0,331778	94,160000	0,000000
2,893903	1001,412090	48,190	0,332436	94,160000	0,000000
2,895935	1004,320921	48,290	0,333594	94,160000	0,000000
2,897903	1006,448257	48,391	0,334440	94,160000	0,000000
2,899895	1008,251708	48,492	0,335158	94,160000	0,000000
2,901876	1010,462469	48,592	0,336038	94,160000	0,000000
2,903923	1012,572629	48,692	0,336878	94,110000	0,000000
2,905913	1015,756272	48,792	0,338145	94,110000	0,000000
2,907921	1018,598854	48,892	0,339276	94,110000	0,000000
2,909907	1020,742138	48,992	0,340129	94,110000	0,000000
2,911875	1022,679315	49,093	0,340900	94,110000	0,000000
2,913925	1024,632440	49,193	0,341678	94,110000	0,000000
2,915884	1026,900862	49,294	0,342581	94,110000	0,000000
2,917931	1028,995073	49,395	0,343414	94,110000	0,000000
2,919884	1030,582601	49,496	0,344046	94,110000	0,000000
2,921967	1032,709936	49,597	0,344893	94,110000	0,000000
2,923904	1033,009285	49,697	0,345012	94,110000	0,000000
2,925908	1036,532761	49,797	0,346414	94,110000	0,000000
2,927948	1039,450181	49,897	0,347575	94,110000	0,000000
2,929948	1040,912571	49,998	0,348157	94,110000	0,000000
2,931924	1042,051076	50,098	0,348610	94,110000	0,000000
2,933960	1044,369798	50,198	0,349533	94,110000	0,000000
2,935865	1046,613684	50,298	0,350426	94,110000	0,000000
2,935889	1048,533684	50,398	0,351190	94,110000	0,000000
2,935935	1048,093249	50,498	0,351015	94,110000	0,000000
2,935939	1047,926400	50,599	0,350949	94,110000	0,000000
2,935935	1047,552214	50,700	0,350800	94,140000	0,000000
2,935854	1047,677352	50,800	0,350850	94,140000	0,000000
2,935900	1048,142323	50,900	0,351035	94,140000	0,000000
2,935891	1048,117786	51,000	0,351025	94,140000	0,000000
2,935838	1047,668764	51,101	0,350846	94,140000	0,000000
2,935955	1047,519090	51,201	0,350787	94,140000	0,000000
2,935874	1047,959524	51,302	0,350962	94,140000	0,000000
2,933956	1048,882106	51,402	0,351329	94,140000	0,000000
2,931942	1043,729389	51,503	0,349278	94,140000	0,000000
2,929908	1043,978437	51,603	0,349377	94,140000	0,000000
2,927864	1040,214500	51,704	0,347879	94,140000	0,000000
2,925947	1038,718986	51,804	0,347284	94,140000	0,000000
2,923874	1037,763279	51,905	0,346904	94,140000	0,000000
2,921953	1034,713362	52,005	0,345690	94,140000	0,000000
2,919941	1032,743061	52,106	0,344906	94,140000	0,000000
2,917878	1028,803686	52,206	0,343338	94,140000	0,000000
2,915919	1028,986485	52,306	0,343411	94,140000	0,000000
2,913923	1024,174829	52,407	0,341496	94,140000	0,000000
2,911910	1024,648388	52,507	0,341684	94,140000	0,000000
2,909905	1021,939532	52,607	0,340606	94,110000	0,000000
2,907919	1020,094368	52,708	0,339872	94,110000	0,000000
2,905955	1017,925320	52,809	0,339008	94,110000	0,000000
2,903919	1014,368719	52,910	0,337593	94,110000	0,000000
2,901921	1013,430188	53,011	0,337219	94,110000	0,000000
2,899875	1009,814698	53,112	0,335780	94,110000	0,000000
2,897898	1007,952359	53,213	0,335039	94,110000	0,000000
2,895891	1007,952359	53,313	0,335039	94,110000	0,000000
2,893923	1003,373803	53,413	0,333217	94,110000	0,000000
2,891974	1003,257253	53,513	0,333170	94,110000	0,000000
2,889988	999,641764	53,613	0,331731	94,110000	0,000000
2,887873	998,494671	53,713	0,331275	94,110000	0,000000
2,885877	995,528178	53,814	0,330094	94,110000	0,000000
2,883890	993,110082	53,914	0,329132	94,110000	0,000000
2,881922	991,348343	54,014	0,328431	94,110000	0,000000
2,879939	988,140164	54,115	0,327154	94,110000	0,000000
2,877961	987,301007	54,216	0,326820	94,110000	0,000000
2,875895	985,937991	54,317	0,326277	94,110000	0,000000
2,873895	984,167664	54,418	0,325573	94,110000	0,000000
2,871930	981,774105	54,519	0,324620	94,110000	0,000000
2,869949	979,463970	54,619	0,323701	94,110000	0,000000
2,867908	977,826142	54,719	0,323049	94,140000	0,000000
2,865898	975,433810	54,819	0,322097	94,140000	0,000000
2,863955	972,965413	54,920	0,321114	94,140000	0,000000
2,861922	971,644109	55,021	0,320588	94,140000	0,000000
2,859963	969,449297	55,121	0,319715	94,140000	0,000000
2,857929	967,264300	55,221	0,318845	94,140000	0,000000
2,855949	965,426498	55,321	0,318114	94,140000	0,000000
2,853857	962,900440	55,421	0,317108	94,140000	0,000000
2,851898	961,022152	55,521	0,316361	94,140000	0,000000
2,849911	958,712017	55,621	0,315441	94,140000	0,000000
2,847909	956,643569	55,721	0,314618	94,140000	0,000000
2,845983	954,490470	55,821	0,313761	94,140000	0,000000
2,843981	952,255172	55,921	0,312872	94,140000	0,000000
2,841919	948,016449	56,021	0,311185	94,140000	0,000000
2,839904	948,082699	56,122	0,311211	94,140000	0,000000
2,837924	943,869739	56,222	0,309534	94,140000	0,000000
2,835908	941,800065	56,322	0,308710	94,140000	0,000000
2,833870	939,764742	56,422	0,307900	94,140000	0,000000
2,831935	937,578518	56,522	0,307030	94,140000	0,000000
2,829924	935,226670	56,622	0,306094	94,130000	0,000000
2,828004	933,198708	56,724	0,305287	94,130000	0,000000
2,825919	931,311833	56,825	0,304536	94,130000	0,000000
2,823936	930,680011	56,925	0,304285	94,130000	0,000000
2,821936	928,761238	57,025	0,303521	94,130000	0,000000
2,819932	926,741864	57,126	0,302717	94,130000	0,000000
2,817953	924,837812	57,226	0,301959	94,130000	0,000000
2,815864	922,701888	57,326	0,301109	94,130000	0,000000
2,813933	920,242080	57,426	0,300130	94,130000	0,000000
2,811942	918,530641	57,526	0,299449	94,130000	0,000000
2,809942	915,995996	57,626	0,298440	94,130000	0,000000
2,807929	914,242845	57,727	0,297743	94,130000	0,000000
2,805862	911,748685	57,827	0,296750	94,130000	0,000000
2,803934	910,136621	57,927	0,296108	94,130000	0,000000
2,801897	910,136621	58,028	0,296108	94,130000	0,000000
2,799959	903,638063	58,128	0,293522	94,130000	0,000000
2,797906	901,385590	58,228	0,292625	94,130000	0,000000
2,795944	900,529258	58,328	0,292285	94,130000	0,000000
2,793918	897,072030	58,429	0,290909	94,170000	0,000000
2,791944	895,402304	58,529	0,290244	94,170000	0,000000
2,789886	893,316681	58,629	0,289414	94,170000	0,000000
2,787930	891,412630	58,730	0,288656	94,170000	0,000000
2,785959	890,150214	58,830	0,288154	94,170000	0,000000
2,783926	888,246162	58,930	0,287396	94,170000	0,000000
2,781944	886,950622	59,031	0,286880	94,170000	0,000000
2,779909	883,575593	59,131	0,285537	94,170000	0,000000
2,777941	883,002660	59,231	0,285309	94,170000	0,000000
2,775934	879,728231	59,331	0,284006	94,170000	0,000000
2,773961	877,651195	59,431	0,283179	94,170000	0,000000
2,771922	876,744563	59,533	0,282818	94,170000	0,000000
2,769976	874,185380	59,633	0,281800	94,170000	0,000000
2,767875	869,647309	59,733	0,279994	94,170000	0,000000
2,765941	869,189698	59,833	0,279812	94,170000	0,000000
2,763936	864,976739	59,933	0,278135	94,170000	0,000000
2,761966	864,993915	60,033	0,278142	94,170000	0,000000
2,759933	861,577173	60,134	0,276782	94,170000	0,000000
2,757926	861,378425	60,234	0,276703	94,170000	0,000000
2,755976	859,691524	60,334	0,276031	94,170000	0,000000
2,753938	856,740980	60,434	0,274857	94,170000	0,000000
2,751905	854,662718	60,535	0,274030	94,170000	0,000000
2,749927	853,408890	60,635	0,273531	94,170000	0,000000
2,747900	850,383509	60,735	0,272327	94,170000	0,000000
2,745887	846,012288	60,835	0,270587	94,170000	0,000000
2,743980	845,347342	60,935	0,270322	94,170000	0,000000
2,741944	844,374460	61,035	0,269935	94,170000	0,000000
2,739932	841,749028	61,135	0,268890	94,170000	0,000000
2,737979	840,260875	61,236	0,268298	94,170000	0,000000
2,735900	837,177833	61,337	0,267071	94,170000	0,000000
2,733942	836,022152	61,438	0,266611	94,170000	0,000000
2,731969	833,853103	61,538	0,265748	94,170000	0,000000
2,729975	831,717180	61,639	0,264897	94,170000	0,000000
2,727902	829,930905	61,739	0,264187	94,170000	0,000000
2,725957	825,834495	61,840	0,262556	94,170000	0,000000
2,723947	823,016449	61,940	0,261435	94,170000	0,000000
2,721946	821,122213	62,040	0,260681	94,170000	0,000000
2,719897	818,960525	62,140	0,259820	94,170000	0,000000
2,717916	816,592729	62,240	0,258878	94,170000	0,000000
2,715967	814,913189	62,340	0,258209	94,170000	0,000000
2,713951	812,719604	62,440	0,257336	94,120000	0,000000
2,711897	812,038709	62,541	0,257065	94,120000	0,000000
2,709940	810,600856	62,641	0,256493	94,120000	0,000000
2,707971	808,049034	62,742	0,255478	94,120000	0,000000
2,705942	806,195283	62,842	0,254740	94,120000	0,000000
2,703917	802,414170	62,942	0,253235	94,120000	0,000000
2,701908	800,046374	63,042	0,252292	94,120000	0,000000
2,699959	798,441671	63,143	0,251654	94,120000	0,000000
2,697991	795,565965	63,243	0,250509	94,120000	0,000000
2,695946	795,583140	63,343	0,250516	94,120000	0,000000
2,693911	793,671728	63,443	0,249755	94,120000	0,000000
2,691975	789,690641	63,543	0,248171	94,120000	0,000000
2,689920	789,316455	63,644	0,248022	94,120000	0,000000
2,687912	786,134039	63,744	0,246755	94,120000	0,000000
2,685913	785,220046	63,844	0,246392	94,120000	0,000000
2,683912	783,192083	63,945	0,245584	94,120000	0,000000
2,681870	780,932249	64,045	0,244685	94,120000	0,000000
2,679980	778,255290	64,145	0,243620	94,120000	0,000000
2,677948	775,088823	64,245	0,242359	94,120000	0,000000
2,675942	773,011787	64,346	0,241533	94,120000	0,000000
2,673921	770,318880	64,446	0,240461	94,120000	0,000000
2,671910	768,465128	64,546	0,239723	94,120000	0,000000
2,669952	766,372144	64,646	0,238890	94,120000	0,000000
2,667995	763,803147	64,746	0,237868	94,120000	0,000000
2,665944	762,756654	64,847	0,237451	94,120000	0,000000
2,663936	761,226788	64,947	0,236842	94,120000	0,000000
2,661908	758,243120	65,047	0,235655	94,120000	0,000000
2,659903	756,348883	65,147	0,234901	94,120000	0,000000
2,657937	754,204371	65,248	0,234047	94,120000	0,000000
2,655935	752,825406	65,349	0,233499	94,120000	0,000000
2,653941	750,464971	65,449	0,232559	94,120000	0,000000
2,651952	748,861495	65,550	0,231921	94,120000	0,000000
2,649932	746,691220	65,650	0,231057	94,120000	0,000000
2,647967	745,303667	65,751	0,230505	94,120000	0,000000
2,645963	742,495436	65,851	0,229387	94,120000	0,000000
2,643946	740,458886	65,951	0,228577	94,120000	0,000000
2,641958	738,538886	66,051	0,227813	94,120000	0,000000
2,639958	736,153914	66,151	0,226863	94,120000	0,000000
2,637953	734,292802	66,251	0,226123	94,120000	0,000000
2,635935	732,223127	66,352	0,225299	94,120000	0,000000
2,633936	730,054079	66,453	0,224436	94,120000	0,000000
2,631908	725,798180	66,553	0,222742	94,120000	0,000000
2,629926	723,971420	66,654	0,222015	94,130000	0,000000
2,627982	721,685822	66,754	0,221105	94,130000	0,000000
2,625896	719,865195	66,854	0,220380	94,130000	0,000000
2,623926	717,812696	66,955	0,219563	94,130000	0,000000
2,621949	715,335712	67,055	0,218578	94,130000	0,000000
2,619926	715,901284	67,156	0,218803	94,130000	0,000000
2,617983	713,291801	67,256	0,217764	94,130000	0,000000
2,615976	710,831992	67,356	0,216785	94,130000	0,000000
2,613953	708,121908	67,456	0,215707	94,130000	0,000000
2,611939	706,052234	67,556	0,214883	94,130000	0,000000
2,609980	703,975198	67,657	0,214056	94,130000	0,000000
2,607955	702,786393	67,757	0,213583	94,130000	0,000000
2,605914	699,711939	67,857	0,212359	94,130000	0,000000
2,603937	694,816858	67,957	0,210411	94,130000	0,000000
2,601946	694,334711	68,057	0,210219	94,130000	0,000000
2,599935	693,138544	68,158	0,209743	94,130000	0,000000
2,598000	690,337675	68,259	0,208628	94,130000	0,000000
2,595956	689,007783	68,360	0,208099	94,130000	0,000000
2,593940	685,218083	68,460	0,206591	94,130000	0,000000
2,591982	685,434006	68,560	0,206677	94,130000	0,000000
2,589990	684,137239	68,661	0,206161	94,110000	0,000000
2,587933	681,236996	68,761	0,205006	94,110000	0,000000
2,585960	679,391832	68,862	0,204272	94,110000	0,000000
2,583927	676,783576	68,963	0,203234	94,110000	0,000000
2,581940	674,148330	69,063	0,202185	94,110000	0,000000
2,579933	672,851563	69,163	0,201669	94,110000	0,000000
2,577935	670,550016	69,264	0,200753	94,110000	0,000000
2,575934	668,979664	69,364	0,200128	94,110000	0,000000
2,573963	666,660941	69,465	0,199205	94,110000	0,000000
2,571980	664,300506	69,565	0,198266	94,110000	0,000000
2,569915	662,912953	69,666	0,197713	94,110000	0,000000
2,567949	659,937873	69,767	0,196529	94,110000	0,000000
2,565938	657,868198	69,867	0,195706	94,110000	0,000000
2,564026	655,789936	69,967	0,194878	94,110000	0,000000
2,561979	653,911648	70,067	0,194131	94,110000	0,000000
2,559948	651,618689	70,167	0,193218	94,110000	0,000000
2,557957	649,731813	70,267	0,192467	94,110000	0,000000
2,555964	647,155455	70,367	0,191442	94,120000	0,000000
2,553978	645,418253	70,467	0,190750	94,120000	0,000000
2,551893	643,698227	70,567	0,190066	94,120000	0,000000
2,549937	641,229831	70,667	0,189083	94,120000	0,000000
2,547950	639,492629	70,767	0,188392	94,120000	0,000000
2,545950	636,759236	70,867	0,187304	94,120000	0,000000
2,543985	634,722686	70,967	0,186494	94,120000	0,000000
2,541971	632,346302	71,068	0,185548	94,120000	0,000000
2,539928	630,600512	71,168	0,184853	94,120000	0,000000
2,537930	628,781113	71,269	0,184129	94,120000	0,000000
2,535948	626,378965	71,369	0,183173	94,120000	0,000000
2,533934	624,309291	71,469	0,182349	94,120000	0,000000
2,531967	620,237418	71,569	0,180729	94,120000	0,000000
2,529961	618,209455	71,670	0,179921	94,120000	0,000000
2,527942	618,242580	71,771	0,179935	94,120000	0,000000
2,525920	615,775410	71,871	0,178953	94,120000	0,000000
2,523943	613,996496	71,972	0,178245	94,120000	0,000000
2,521950	611,636061	72,072	0,177305	94,120000	0,000000
2,519939	609,301390	72,172	0,176376	94,120000	0,000000
2,517949	607,529837	72,273	0,175671	94,120000	0,000000
2,515933	605,144865	72,373	0,174722	94,120000	0,000000
2,513940	600,857069	72,473	0,173015	94,120000	0,000000
2,511914	601,022692	72,573	0,173081	94,120000	0,000000
2,509973	599,227829	72,673	0,172367	94,120000	0,000000
2,507911	596,983943	72,773	0,171474	94,120000	0,000000
2,505938	593,327968	72,873	0,170019	94,120000	0,000000
2,503920	592,180875	72,974	0,169562	94,120000	0,000000
2,501987	590,626472	73,074	0,168943	94,120000	0,000000
2,499988	588,399762	73,174	0,168057	94,120000	0,000000
2,497931	585,931366	73,274	0,167075	94,120000	0,000000
2,495952	584,476337	73,374	0,166496	94,120000	0,000000
2,493936	581,925742	73,474	0,165480	94,120000	0,000000
2,491982	579,922317	73,574	0,164683	94,120000	0,000000
2,489950	577,570470	73,674	0,163747	94,120000	0,000000
2,487932	573,498596	73,774	0,162126	94,120000	0,000000
2,485946	571,686558	73,874	0,161405	94,120000	0,000000
2,484002	569,543273	73,974	0,160552	94,120000	0,000000
2,481940	567,165662	74,074	0,159606	94,120000	0,000000
2,480011	565,254250	74,174	0,158845	94,120000	0,000000
2,477955	565,346263	74,274	0,158882	94,120000	0,000000
2,475970	562,935527	74,374	0,157922	94,130000	0,000000
2,473967	560,733354	74,474	0,157046	94,130000	0,000000
2,471933	558,896779	74,575	0,156315	94,130000	0,000000
2,469945	556,727730	74,676	0,155452	94,130000	0,000000
2,467968	554,691181	74,776	0,154641	94,130000	0,000000
2,465980	551,084279	74,876	0,153206	94,130000	0,000000
2,463912	548,940994	74,977	0,152353	94,130000	0,000000
2,461963	546,289799	75,077	0,151297	94,130000	0,000000
2,459984	544,428686	75,177	0,150557	94,130000	0,000000
2,457901	541,909989	75,277	0,149554	94,130000	0,000000
2,455949	539,974040	75,377	0,148784	94,130000	0,000000
2,454003	537,937490	75,477	0,147973	94,130000	0,000000
2,451963	536,217464	75,577	0,147289	94,130000	0,000000
2,449952	533,773604	75,677	0,146316	94,130000	0,000000
2,447922	533,291457	75,778	0,146124	94,130000	0,000000
2,445959	531,247546	75,878	0,145311	94,130000	0,000000
2,443960	529,269885	75,978	0,144523	94,130000	0,000000
2,441923	526,211379	76,078	0,143306	94,130000	0,000000
2,439938	524,798063	76,178	0,142744	94,130000	0,000000
2,437957	522,604477	76,279	0,141871	94,130000	0,000000
2,436020	520,127493	76,379	0,140885	94,130000	0,000000
2,433924	518,640566	76,479	0,140293	94,130000	0,000000
2,431956	515,482687	76,579	0,139036	94,130000	0,000000
2,429956	512,407006	76,679	0,137812	94,130000	0,000000
2,427932	510,994916	76,779	0,137250	94,130000	0,000000
2,425994	509,788935	76,879	0,136770	94,130000	0,000000
2,423988	508,368257	76,979	0,136205	94,130000	0,000000
2,421960	505,875324	77,079	0,135212	94,130000	0,000000
2,419943	503,015566	77,179	0,134074	94,130000	0,000000
2,417954	501,486927	77,279	0,133466	94,130000	0,000000
2,415919	498,752306	77,379	0,132377	94,130000	0,000000
2,413957	496,633558	77,479	0,131534	94,130000	0,000000
2,411964	494,739322	77,579	0,130780	94,130000	0,000000
2,409958	492,079538	77,679	0,129722	94,130000	0,000000
2,407943	490,267500	77,779	0,129000	94,130000	0,000000
2,405996	487,832228	77,879	0,128031	94,130000	0,000000
2,403912	486,153914	77,979	0,127363	94,130000	0,000000
2,401890	484,035166	78,080	0,126520	94,130000	0,000000
2,399975	482,205952	78,180	0,125792	94,130000	0,000000
2,397972	479,928942	78,281	0,124886	94,130000	0,000000
2,395958	476,497478	78,381	0,123520	94,250000	0,000000
2,393953	476,139241	78,481	0,123377	94,250000	0,000000
2,391941	474,086742	78,581	0,122561	94,250000	0,000000
2,389941	472,167969	78,681	0,121797	94,250000	0,000000
2,388023	469,666447	78,781	0,120801	94,250000	0,000000
2,385981	467,422562	78,881	0,119908	94,250000	0,000000
2,384016	466,009245	78,981	0,119346	94,250000	0,000000
2,381952	463,781309	79,081	0,118459	94,250000	0,000000
2,379900	461,206177	79,181	0,117434	94,250000	0,000000
2,377986	459,376963	79,282	0,116706	94,250000	0,000000
2,375966	457,174790	79,382	0,115830	94,250000	0,000000
2,373948	455,030278	79,483	0,114976	94,250000	0,000000
2,371983	452,895581	79,583	0,114126	94,250000	0,000000
2,369904	450,676233	79,683	0,113243	94,250000	0,000000
2,367973	448,582021	79,783	0,112410	94,250000	0,000000
2,365971	446,935606	79,883	0,111754	94,250000	0,000000
2,363956	444,616883	79,984	0,110832	94,250000	0,000000
2,361989	442,731234	80,084	0,110081	94,250000	0,000000
2,359952	440,395336	80,184	0,109151	94,250000	0,000000
2,357935	438,518275	80,284	0,108404	94,250000	0,000000
2,355998	436,265802	80,384	0,107508	94,250000	0,000000
2,353940	434,013328	80,485	0,106611	94,250000	0,000000
2,351984	432,110504	80,585	0,105854	94,250000	0,000000
2,349931	429,824906	80,685	0,104944	94,250000	0,000000
2,347924	425,495397	80,786	0,103221	94,250000	0,000000
2,345929	423,725071	80,886	0,102517	94,250000	0,000000
2,343956	421,380585	80,986	0,101583	94,250000	0,000000
2,341967	421,289799	81,086	0,101547	94,250000	0,000000
2,339971	419,618846	81,186	0,100882	94,250000	0,000000
2,337937	417,017951	81,287	0,099847	94,250000	0,000000
2,335963	413,361976	81,387	0,098392	94,250000	0,000000
2,333912	412,812353	81,487	0,098173	94,250000	0,000000
2,331940	411,142627	81,587	0,097509	94,250000	0,000000
2,329962	408,832493	81,688	0,096589	94,250000	0,000000
2,327945	403,853987	81,789	0,094608	94,250000	0,000000
2,325955	402,149910	81,889	0,093930	94,250000	0,000000
2,323978	400,962331	81,990	0,093457	94,250000	0,000000
2,321958	397,994612	82,090	0,092276	94,250000	0,000000
2,319946	398,884069	82,190	0,092630	94,250000	0,000000
2,317971	395,693065	82,291	0,091360	94,250000	0,000000
2,315963	392,011326	82,391	0,089895	94,120000	0,000000
2,313934	390,373498	82,492	0,089243	94,120000	0,000000
2,311973	389,576054	82,592	0,088925	94,120000	0,000000
2,309972	386,701574	82,693	0,087781	94,120000	0,000000
2,307911	385,255133	82,793	0,087206	94,120000	0,000000
2,305916	382,362251	82,895	0,086054	94,120000	0,000000
2,303961	380,634864	82,995	0,085367	94,120000	0,000000
2,301969	377,999617	83,095	0,084318	94,120000	0,000000
2,300009	376,121329	83,195	0,083570	94,120000	0,000000
2,298006	374,293342	83,295	0,082843	94,120000	0,000000
2,295924	371,501060	83,395	0,081731	94,120000	0,000000
2,293956	369,647309	83,495	0,080994	94,120000	0,000000
2,292036	366,713941	83,595	0,079826	94,120000	0,000000
2,289946	367,627935	83,695	0,080190	94,120000	0,000000
2,287936	362,384432	83,796	0,078103	94,120000	0,000000
2,285963	362,250707	83,896	0,078050	94,120000	0,000000
2,283942	358,876904	83,996	0,076707	94,120000	0,000000
2,281980	357,297964	84,096	0,076079	94,120000	0,000000
2,279959	355,362015	84,196	0,075308	94,120000	0,000000
2,277978	353,757312	84,297	0,074669	94,120000	0,000000
2,275907	350,890193	84,397	0,073528	94,120000	0,000000
2,273974	348,971420	84,497	0,072765	94,120000	0,000000
2,271972	347,034243	84,598	0,071994	94,120000	0,000000
2,269991	345,928863	84,698	0,071554	94,120000	0,000000
2,268012	343,469054	84,799	0,070575	94,120000	0,000000
2,265977	340,776146	84,899	0,069503	94,120000	0,000000
2,263931	339,263456	84,999	0,068901	94,120000	0,000000
2,261949	337,128759	85,099	0,068051	94,120000	0,000000
2,259982	334,028541	85,199	0,066817	94,120000	0,000000
2,257961	330,521013	85,300	0,065421	94,120000	0,000000
2,255983	330,280553	85,401	0,065326	94,120000	0,000000
2,253990	329,133460	85,501	0,064869	94,120000	0,000000
2,251982	324,246967	85,602	0,062924	94,120000	0,000000
2,249977	323,307210	85,702	0,062550	94,120000	0,000000
2,248033	321,935606	85,802	0,062004	94,120000	0,000000
2,245940	320,224168	85,903	0,061323	94,120000	0,000000
2,243927	318,437893	86,003	0,060612	94,120000	0,000000
2,241957	316,119170	86,103	0,059689	94,120000	0,000000
2,239907	313,027540	86,203	0,058459	94,120000	0,000000
2,237973	311,190965	86,304	0,057728	94,120000	0,000000
2,235962	309,304089	86,405	0,056977	94,180000	0,000000
2,233963	307,625775	86,505	0,056309	94,180000	0,000000
2,231946	303,902324	86,605	0,054827	94,180000	0,000000
2,229983	300,960368	86,705	0,053656	94,180000	0,000000
2,227945	298,566809	86,805	0,052704	94,180000	0,000000
2,225989	296,414936	86,905	0,051847	94,180000	0,000000
2,223953	295,085044	87,006	0,051318	94,180000	0,000000
2,221972	293,979664	87,106	0,050878	94,180000	0,000000
2,219938	292,924584	87,206	0,050458	94,180000	0,000000
2,217974	290,546973	87,307	0,049512	94,180000	0,000000
2,215944	285,959828	87,408	0,047686	94,180000	0,000000
2,213927	284,696186	87,509	0,047183	94,180000	0,000000
2,211944	283,009285	87,609	0,046512	94,180000	0,000000
2,209975	280,042792	87,709	0,045331	94,180000	0,000000
2,207970	277,549859	87,809	0,044339	94,180000	0,000000
2,205944	276,119366	87,909	0,043770	94,180000	0,000000
2,203983	274,458229	88,010	0,043108	94,180000	0,000000
2,201923	271,582522	88,110	0,041964	94,180000	0,000000
2,199975	272,031544	88,210	0,042143	94,180000	0,000000
2,197992	269,603633	88,310	0,041176	94,180000	0,000000
2,195956	267,385512	88,411	0,040293	94,180000	0,000000
2,193988	265,822521	88,512	0,039671	94,180000	0,000000
2,191995	262,349344	88,612	0,038289	94,180000	0,000000
2,189960	261,110239	88,712	0,037796	94,180000	0,000000
2,188012	258,592769	88,813	0,036794	94,180000	0,000000
2,185969	256,997880	88,914	0,036159	94,180000	0,000000
2,183967	254,287796	89,014	0,035081	94,180000	0,000000
2,181964	252,400921	89,115	0,034330	94,180000	0,000000
2,179940	250,123911	89,215	0,033423	94,180000	0,000000
2,178003	246,184536	89,316	0,031855	94,180000	0,000000
2,175941	246,201712	89,416	0,031862	94,180000	0,000000
2,173926	243,933289	89,516	0,030959	94,180000	0,000000
2,171978	241,938452	89,616	0,030166	94,180000	0,000000
2,169934	240,027039	89,717	0,029405	94,180000	0,000000
2,167890	237,866579	89,817	0,028545	94,180000	0,000000
2,165929	236,021416	89,917	0,027811	94,180000	0,000000
2,163980	233,685517	90,017	0,026881	94,180000	0,000000
2,161916	231,658782	90,118	0,026074	94,180000	0,000000
2,159940	229,397721	90,219	0,025174	94,180000	0,000000
2,157934	227,253209	90,320	0,024321	94,180000	0,000000
2,155915	225,300084	90,421	0,023543	94,130000	0,000000
2,153989	223,181336	90,522	0,022700	94,130000	0,000000
2,151947	221,045413	90,622	0,021850	94,130000	0,000000
2,149950	219,142588	90,722	0,021093	94,130000	0,000000
2,147915	215,003239	90,822	0,019445	94,130000	0,000000
2,145966	212,518893	90,922	0,018457	94,130000	0,000000
2,143913	210,416094	91,023	0,017620	94,130000	0,000000
2,141919	208,513269	91,123	0,016862	94,130000	0,000000
2,139918	206,734355	91,223	0,016154	94,130000	0,000000
2,137976	206,950279	91,323	0,016240	94,130000	0,000000
2,135909	202,255172	91,423	0,014372	94,130000	0,000000
2,133921	200,002699	91,523	0,013475	94,130000	0,000000
2,131947	198,207836	91,623	0,012761	94,130000	0,000000
2,129945	196,105037	91,724	0,011924	94,130000	0,000000
2,127956	193,695528	91,824	0,010965	94,130000	0,000000
2,125977	191,791477	91,925	0,010207	94,130000	0,000000
2,123968	189,822403	92,025	0,009423	94,130000	0,000000
2,121951	187,230096	92,125	0,008392	94,130000	0,000000
2,119963	187,520856	92,225	0,008507	94,130000	0,000000
2,117986	184,993571	92,325	0,007501	94,130000	0,000000
2,115956	183,306670	92,425	0,006830	94,130000	0,000000
2,113960	181,461507	92,526	0,006096	94,130000	0,000000
2,111952	178,038631	92,626	0,004733	94,130000	0,000000
2,109977	175,826643	92,726	0,003853	94,130000	0,000000
2,107975	173,051537	92,826	0,002749	94,130000	0,000000
2,105937	170,873901	92,926	0,001882	94,130000	0,000000
2,103945	168,737977	93,026	0,001032	94,130000	0,000000
2,101887	167,300124	93,127	0,000459	94,130000	0,000000
2,099937	164,932328	93,227	-0,000483	94,130000	0,000000
2,097933	162,488468	93,327	-0,001456	94,130000	0,000000
2,095994	160,477681	93,427	-0,002256	94,130000	0,000000
2,093917	160,328007	93,527	-0,002315	94,130000	0,000000
2,091938	158,200671	93,627	-0,003162	94,130000	0,000000
2,089963	154,967955	93,727	-0,004449	94,130000	0,000000
2,087976	153,496977	93,827	-0,005034	94,130000	0,000000
2,085943	151,303392	93,928	-0,005907	94,130000	0,000000
2,083980	149,383392	94,028	-0,006671	94,130000	0,000000
2,081948	145,485729	94,129	-0,008223	94,130000	0,000000
2,079951	144,429423	94,229	-0,008643	94,130000	0,000000
2,077948	142,502061	94,329	-0,009410	94,130000	0,000000
2,075963	140,266764	94,429	-0,010300	94,130000	0,000000
2,073918	137,183721	94,530	-0,011527	94,130000	0,000000
2,071955	136,085702	94,630	-0,011964	94,130000	0,000000
2,069908	134,863772	94,730	-0,012450	94,130000	0,000000
2,067987	133,052960	94,830	-0,013171	94,130000	0,000000
2,065998	130,293803	94,931	-0,014269	94,130000	0,000000
2,063947	128,191004	95,031	-0,015106	94,130000	0,000000
2,061968	126,420678	95,131	-0,015811	94,130000	0,000000
2,059974	124,101955	95,231	-0,016733	94,130000	0,000000
2,057938	122,615028	95,331	-0,017325	94,130000	0,000000
2,055971	120,437392	95,432	-0,018192	94,130000	0,000000
2,053924	119,232638	95,532	-0,018671	94,130000	0,000000
2,051979	115,998695	95,632	-0,019958	94,130000	0,000000
2,049995	113,239538	95,732	-0,021057	94,130000	0,000000
2,047926	111,594349	95,832	-0,021711	94,130000	0,000000
2,045977	110,680355	95,933	-0,022075	94,130000	0,000000
2,043897	108,046335	96,034	-0,023124	94,130000	0,000000
2,041962	105,719025	96,135	-0,024050	94,130000	0,000000
2,039964	105,120328	96,235	-0,024288	94,130000	0,000000
2,037969	101,306091	96,336	-0,025806	94,130000	0,000000
2,035960	100,192123	96,436	-0,026250	94,160000	0,000000
2,033982	95,072531	96,536	-0,028287	94,160000	0,000000
2,031979	94,765821	96,636	-0,028409	94,160000	0,000000
2,030004	93,485003	96,736	-0,028919	94,160000	0,000000
2,027952	88,349462	96,836	-0,030963	94,160000	0,000000
2,025968	87,128759	96,936	-0,031449	94,160000	0,000000
2,023962	86,596312	97,037	-0,031661	94,160000	0,000000
2,021969	82,383352	97,137	-0,033337	94,160000	0,000000
2,019996	80,820362	97,237	-0,033959	94,160000	0,000000
2,017966	77,937294	97,338	-0,035107	94,160000	0,000000
2,015918	76,831913	97,438	-0,035547	94,160000	0,000000
2,013962	74,130418	97,539	-0,036622	94,160000	0,000000
2,011924	71,994494	97,639	-0,037472	94,160000	0,000000
2,009931	69,808270	97,739	-0,038342	94,160000	0,000000
2,007938	70,274468	97,839	-0,038157	94,160000	0,000000
2,005971	67,431886	97,939	-0,039288	94,160000	0,000000
2,003998	66,052921	98,039	-0,039837	94,160000	0,000000
2,001938	61,814198	98,139	-0,041524	94,160000	0,000000
1,999978	62,188383	98,239	-0,041375	94,160000	0,000000
1,997951	57,716561	98,339	-0,043155	94,160000	0,000000
1,995938	55,613762	98,439	-0,043992	94,160000	0,000000
1,993964	53,885148	98,539	-0,044680	94,160000	0,000000
1,991966	51,267078	98,639	-0,045722	94,160000	0,000000
1,989971	48,542272	98,739	-0,046806	94,160000	0,000000
1,987993	46,829607	98,839	-0,047488	94,160000	0,000000
1,985991	44,486348	98,939	-0,048420	94,160000	0,000000
1,983946	44,777108	99,039	-0,048305	94,160000	0,000000
1,981953	40,846321	99,140	-0,049869	94,160000	0,000000
1,979941	40,870858	99,240	-0,049859	94,160000	0,000000
1,977975	36,349963	99,340	-0,051659	94,160000	0,000000
1,975962	36,266538	99,441	-0,051692	94,160000	0,000000
1,974025	34,173553	99,541	-0,052525	94,160000	0,000000
1,971963	31,106460	99,641	-0,053746	94,160000	0,000000
1,969979	29,419559	99,742	-0,054417	94,160000	0,000000
1,967951	26,368414	99,842	-0,055631	94,160000	0,000000
1,965969	24,423877	99,942	-0,056405	94,160000	0,000000
1,964064	22,712439	100,042	-0,057086	94,160000	0,000000
1,961979	20,236681	100,142	-0,058072	94,160000	0,000000
1,959988	17,759697	100,243	-0,059058	94,160000	0,000000
1,957966	15,748911	100,343	-0,059858	94,160000	0,000000
1,955972	15,366137	100,444	-0,060010	94,160000	0,000000
1,953994	11,036628	100,545	-0,061733	94,160000	0,000000
1,951999	10,420756	100,645	-0,061979	94,120000	0,000000
1,949986	7,985484	100,745	-0,062948	94,120000	0,000000
1,947970	6,190621	100,845	-0,063662	94,120000	0,000000
1,945961	4,254672	100,945	-0,064433	94,120000	0,000000
1,943961	2,733394	101,045	-0,065038	94,120000	0,000000
1,941941	0,772908	101,145	-0,065818	94,120000	0,000000
1,939944	-1,728614	101,246	-0,066814	94,120000	0,000000
1,937998	-6,141548	101,347	-0,068570	94,120000	0,000000
1,935967	-6,383235	101,447	-0,068667	94,120000	0,000000
