Time (ms) - Plot 0	Amplitude (um) - Plot 0	
0,0	2,89553	
0,3	2,89555	
0,5	2,89607	
0,8	2,89721	
1,1	2,89835	
1,3	2,89941	
1,6	2,90034	
1,9	2,90118	
2,1	2,90181	
2,4	2,90236	
2,7	2,90287	
2,9	2,90328	
3,2	2,90366	
3,5	2,90397	
3,7	2,90421	
4,0	2,90439	
4,3	2,90457	
4,5	2,90472	
4,8	2,90488	
5,1	2,90495	
5,3	2,90507	
5,6	2,90509	
5,9	2,90513	
6,1	2,90517	
6,4	2,90525	
6,7	2,90538	
6,9	2,90540	
7,2	2,90538	
7,5	2,90541	
7,7	2,90544	
8,0	2,90545	
8,3	2,90549	
8,5	2,90548	
8,8	2,90549	
9,1	2,90551	
9,3	2,90551	
9,6	2,90549	
9,9	2,90550	
10,1	2,90550	
10,4	2,90552	
10,7	2,90554	
10,9	2,90548	
11,2	2,90551	
11,5	2,90554	
11,7	2,90550	
12,0	2,90554	
12,3	2,90555	
12,5	2,90553	
12,8	2,90555	
13,1	2,90555	
13,3	2,90556	
13,6	2,90553	
13,9	2,90551	
14,1	2,90552	
14,4	2,90551	
14,7	2,90549	
14,9	2,90549	
15,2	2,90549	
15,5	2,90548	
15,7	2,90549	
16,0	2,90551	
16,3	2,90548	
16,5	2,90548	
16,8	2,90550	
17,1	2,90548	
17,3	2,90552	
17,6	2,90554	
17,9	2,90556	
18,1	2,90558	
18,4	2,90558	
18,7	2,90553	
18,9	2,90549	
19,2	2,90549	
19,5	2,90550	
19,7	2,90548	
20,0	2,90549	
20,3	2,90548	
20,5	2,90550	
20,8	2,90549	
21,1	2,90548	
21,3	2,90553	
21,6	2,90552	
21,9	2,90549	
22,1	2,90549	
22,4	2,90554	
22,7	2,90554	
22,9	2,90554	
23,2	2,90552	
23,5	2,90556	
23,7	2,90554	
24,0	2,90551	
24,3	2,90553	
24,5	2,90551	
24,8	2,90549	
25,1	2,90550	
25,3	2,90549	
25,6	2,90552	
25,9	2,90548	
26,1	2,90550	
26,4	2,90549	
26,7	2,90551	
26,9	2,90546	
27,2	2,90545	
27,5	2,90549	
27,7	2,90546	
28,0	2,90544	
28,3	2,90544	
28,5	2,90547	
28,8	2,90553	
29,1	2,90548	
29,3	2,90550	
29,6	2,90549	
29,9	2,90551	
30,1	2,90552	
30,4	2,90558	
30,7	2,90556	
30,9	2,90553	
31,2	2,90553	
31,5	2,90552	
31,7	2,90551	
32,0	2,90550	
32,3	2,90552	
32,5	2,90548	
32,8	2,90551	
33,1	2,90552	
33,3	2,90552	
33,6	2,90553	
33,9	2,90552	
34,1	2,90552	
34,4	2,90555	
34,7	2,90556	
34,9	2,90550	
35,2	2,90550	
35,5	2,90548	
35,7	2,90547	
36,0	2,90545	
36,3	2,90548	
36,5	2,90545	
36,8	2,90547	
37,1	2,90549	
37,3	2,90545	
37,6	2,90545	
37,9	2,90547	
38,1	2,90549	
38,4	2,90547	
38,7	2,90553	
38,9	2,90554	
39,2	2,90548	
39,5	2,90549	
39,7	2,90548	
40,0	2,90542	
40,3	2,90548	
40,5	2,90549	
40,8	2,90548	
41,1	2,90547	
41,3	2,90549	
41,6	2,90547	
41,9	2,90549	
42,1	2,90547	
42,4	2,90553	
42,7	2,90546	
42,9	2,90546	
43,2	2,90545	
43,5	2,90545	
43,7	2,90549	
44,0	2,90549	
44,3	2,90546	
44,5	2,90550	
44,8	2,90551	
45,1	2,90548	
45,3	2,90550	
45,6	2,90549	
45,9	2,90544	
46,1	2,90544	
46,4	2,90550	
46,7	2,90547	
46,9	2,90552	
47,2	2,90550	
47,5	2,90552	
47,7	2,90548	
48,0	2,90551	
48,3	2,90552	
48,5	2,90549	
48,8	2,90549	
49,1	2,90545	
49,3	2,90545	
49,6	2,90551	
49,9	2,90553	
50,1	2,90548	
50,4	2,90548	
50,7	2,90552	
50,9	2,90555	
51,2	2,90549	
51,5	2,90551	
51,7	2,90552	
52,0	2,90552	
52,3	2,90552	
52,5	2,90553	
52,8	2,90552	
53,1	2,90549	
53,3	2,90551	
53,6	2,90556	
53,9	2,90550	
54,1	2,90550	
54,4	2,90547	
54,7	2,90547	
54,9	2,90550	
55,2	2,90547	
55,5	2,90549	
55,7	2,90548	
56,0	2,90548	
56,3	2,90550	
56,5	2,90546	
56,8	2,90548	
57,1	2,90549	
57,3	2,90547	
57,6	2,90554	
57,9	2,90551	
58,1	2,90551	
58,4	2,90554	
58,7	2,90551	
58,9	2,90553	
59,2	2,90553	
59,5	2,90552	
59,7	2,90546	
60,0	2,90549	
60,3	2,90549	
60,5	2,90551	
60,8	2,90553	
61,1	2,90557	
61,3	2,90553	
61,6	2,90553	
61,9	2,90547	
62,1	2,90547	
62,4	2,90546	
62,7	2,90540	
62,9	2,90550	
63,2	2,90553	
63,5	2,90555	
63,7	2,90554	
64,0	2,90552	
64,3	2,90549	
64,5	2,90550	
64,8	2,90550	
65,1	2,90550	
65,3	2,90550	
65,6	2,90552	
65,9	2,90547	
66,1	2,90547	
66,4	2,90546	
66,7	2,90546	
66,9	2,90546	
67,2	2,90552	
67,5	2,90548	
67,7	2,90550	
68,0	2,90550	
68,3	2,90552	
68,5	2,90556	
68,8	2,90552	
69,1	2,90552	
69,3	2,90550	
69,6	2,90550	
69,9	2,90550	
70,1	2,90551	
70,4	2,90548	
70,7	2,90551	
70,9	2,90550	
71,2	2,90543	
71,5	2,90543	
71,7	2,90545	
72,0	2,90550	
72,3	2,90554	
72,5	2,90558	
72,8	2,90552	
73,1	2,90547	
73,3	2,90544	
73,6	2,90545	
73,9	2,90542	
74,1	2,90544	
74,4	2,90545	
74,7	2,90546	
74,9	2,90548	
75,2	2,90546	
75,5	2,90548	
75,7	2,90547	
76,0	2,90549	
76,3	2,90550	
76,5	2,90547	
76,8	2,90552	
77,1	2,90549	
77,3	2,90552	
77,6	2,90552	
77,9	2,90556	
78,1	2,90554	
78,4	2,90549	
78,7	2,90552	
78,9	2,90551	
79,2	2,90550	
79,5	2,90550	
79,7	2,90548	
80,0	2,90547	
80,3	2,90551	
80,5	2,90549	
80,8	2,90550	
81,1	2,90548	
81,3	2,90545	
81,6	2,90545	
81,9	2,90545	
82,1	2,90547	
82,4	2,90546	
82,7	2,90547	
82,9	2,90544	
83,2	2,90546	
83,5	2,90548	
83,7	2,90557	
84,0	2,90555	
84,3	2,90556	
84,5	2,90554	
84,8	2,90554	
85,1	2,90550	
85,3	2,90550	
85,6	2,90550	
85,9	2,90550	
86,1	2,90548	
86,4	2,90547	
86,7	2,90546	
86,9	2,90547	
87,2	2,90546	
87,5	2,90545	
87,7	2,90548	
88,0	2,90548	
88,3	2,90549	
88,5	2,90551	
88,8	2,90551	
89,1	2,90551	
89,3	2,90549	
89,6	2,90547	
89,9	2,90549	
90,1	2,90544	
90,4	2,90549	
90,7	2,90550	
90,9	2,90550	
91,2	2,90548	
91,5	2,90549	
91,7	2,90546	
92,0	2,90552	
92,3	2,90551	
92,5	2,90552	
92,8	2,90551	
93,1	2,90550	
93,3	2,90547	
93,6	2,90545	
93,9	2,90548	
94,1	2,90545	
94,4	2,90545	
94,7	2,90548	
94,9	2,90547	
95,2	2,90555	
95,5	2,90554	
95,7	2,90554	
96,0	2,90548	
96,3	2,90549	
96,5	2,90550	
96,8	2,90549	
97,1	2,90548	
97,3	2,90547	
97,6	2,90547	
97,9	2,90551	
98,1	2,90547	
98,4	2,90549	
98,7	2,90552	
98,9	2,90550	
99,2	2,90550	
99,5	2,90545	
99,7	2,90550	
100,0	2,90550	
100,3	2,90546	
100,5	2,90549	
100,8	2,90550	
101,1	2,90546	
101,3	2,90546	
101,6	2,90546	
101,9	2,90549	
102,1	2,90547	
102,4	2,90549	
102,7	2,90550	
102,9	2,90551	
103,2	2,90550	
103,5	2,90548	
103,7	2,90549	
104,0	2,90545	
104,3	2,90543	
104,5	2,90544	
104,8	2,90543	
105,1	2,90542	
105,3	2,90546	
105,6	2,90546	
105,9	2,90549	
106,1	2,90548	
106,4	2,90549	
106,7	2,90552	
106,9	2,90548	
107,2	2,90545	
107,5	2,90544	
107,7	2,90542	
108,0	2,90542	
108,3	2,90545	
108,5	2,90548	
108,8	2,90551	
109,1	2,90551	
109,3	2,90551	
109,6	2,90552	
109,9	2,90550	
110,1	2,90554	
110,4	2,90553	
110,7	2,90552	
110,9	2,90552	
111,2	2,90552	
111,5	2,90552	
111,7	2,90549	
112,0	2,90547	
112,3	2,90541	
112,5	2,90541	
112,8	2,90542	
113,1	2,90545	
113,3	2,90546	
113,6	2,90548	
113,9	2,90551	
114,1	2,90549	
114,4	2,90549	
114,7	2,90553	
114,9	2,90551	
115,2	2,90548	
115,5	2,90549	
115,7	2,90549	
116,0	2,90544	
116,3	2,90543	
116,5	2,90550	
116,8	2,90549	
117,1	2,90548	
117,3	2,90552	
117,6	2,90554	
117,9	2,90553	
118,1	2,90552	
118,4	2,90552	
118,7	2,90549	
118,9	2,90550	
119,2	2,90550	
119,5	2,90545	
119,7	2,90545	
120,0	2,90547	
120,3	2,90551	
120,5	2,90552	
120,8	2,90552	
121,1	2,90547	
121,3	2,90548	
121,6	2,90553	
121,9	2,90552	
122,1	2,90553	
122,4	2,90550	
122,7	2,90552	
122,9	2,90548	
123,2	2,90546	
123,5	2,90547	
123,7	2,90547	
124,0	2,90547	
124,3	2,90547	
124,5	2,90546	
124,8	2,90545	
125,1	2,90548	
125,3	2,90545	
125,6	2,90549	
125,9	2,90552	
126,1	2,90551	
126,4	2,90549	
126,7	2,90554	
126,9	2,90559	
127,2	2,90555	
127,5	2,90553	
127,7	2,90554	
128,0	2,90549	
128,3	2,90548	
128,5	2,90554	
128,8	2,90550	
129,1	2,90551	
129,3	2,90555	
129,6	2,90552	
129,9	2,90549	
130,1	2,90556	
130,4	2,90551	
130,7	2,90550	
130,9	2,90549	
131,2	2,90552	
131,5	2,90551	
131,7	2,90549	
132,0	2,90549	
132,3	2,90550	
132,5	2,90547	
132,8	2,90547	
133,1	2,90551	
133,3	2,90549	
133,6	2,90550	
133,9	2,90552	
134,1	2,90555	
134,4	2,90550	
134,7	2,90548	
134,9	2,90549	
135,2	2,90548	
135,5	2,90554	
135,7	2,90552	
136,0	2,90548	
136,3	2,90545	
136,5	2,90546	
136,8	2,90547	
137,1	2,90543	
137,3	2,90545	
137,6	2,90544	
137,9	2,90547	
138,1	2,90544	
138,4	2,90545	
138,7	2,90546	
138,9	2,90545	
139,2	2,90540	
139,5	2,90545	
139,7	2,90549	
140,0	2,90544	
140,3	2,90543	
140,5	2,90542	
140,8	2,90541	
141,1	2,90550	
141,3	2,90549	
141,6	2,90552	
141,9	2,90550	
142,1	2,90552	
142,4	2,90553	
142,7	2,90547	
142,9	2,90546	
143,2	2,90556	
143,5	2,90559	
143,7	2,90557	
144,0	2,90557	
144,3	2,90549	
144,5	2,90547	
144,8	2,90547	
145,1	2,90549	
145,3	2,90551	
145,6	2,90548	
145,9	2,90547	
146,1	2,90549	
146,4	2,90548	
146,7	2,90548	
146,9	2,90547	
147,2	2,90545	
147,5	2,90546	
147,7	2,90544	
148,0	2,90549	
148,3	2,90551	
148,5	2,90549	
148,8	2,90547	
149,1	2,90554	
149,3	2,90551	
149,6	2,90553	
149,9	2,90555	
150,1	2,90557	
150,4	2,90557	
150,7	2,90558	
150,9	2,90552	
151,2	2,90550	
151,5	2,90551	
151,7	2,90554	
152,0	2,90556	
152,3	2,90550	
152,5	2,90547	
152,8	2,90550	
153,1	2,90548	
153,3	2,90550	
153,6	2,90550	
153,9	2,90550	
154,1	2,90547	
154,4	2,90549	
154,7	2,90549	
154,9	2,90551	
155,2	2,90547	
155,5	2,90543	
155,7	2,90543	
156,0	2,90542	
156,3	2,90544	
156,5	2,90545	
156,8	2,90552	
157,1	2,90545	
157,3	2,90551	
157,6	2,90548	
157,9	2,90544	
158,1	2,90545	
158,4	2,90550	
158,7	2,90550	
158,9	2,90554	
159,2	2,90550	
159,5	2,90550	
159,7	2,90550	
160,0	2,90552	
160,3	2,90554	
160,5	2,90549	
160,8	2,90550	
161,1	2,90549	
161,3	2,90551	
161,6	2,90555	
161,9	2,90556	
162,1	2,90558	
162,4	2,90554	
162,7	2,90554	
162,9	2,90552	
163,2	2,90546	
163,5	2,90548	
163,7	2,90543	
164,0	2,90543	
164,3	2,90542	
164,5	2,90545	
164,8	2,90545	
165,1	2,90544	
165,3	2,90546	
165,6	2,90545	
165,9	2,90544	
166,1	2,90543	
166,4	2,90547	
166,7	2,90550	
166,9	2,90549	
167,2	2,90545	
167,5	2,90548	
167,7	2,90546	
168,0	2,90549	
168,3	2,90551	
168,5	2,90556	
168,8	2,90554	
169,1	2,90553	
169,3	2,90554	
169,6	2,90549	
169,9	2,90549	
170,1	2,90550	
170,4	2,90552	
170,7	2,90550	
170,9	2,90551	
171,2	2,90549	
171,5	2,90549	
171,7	2,90548	
172,0	2,90546	
172,3	2,90548	
172,5	2,90546	
172,8	2,90545	
173,1	2,90552	
173,3	2,90552	
173,6	2,90555	
173,9	2,90556	
174,1	2,90557	
174,4	2,90554	
174,7	2,90552	
174,9	2,90547	
175,2	2,90552	
175,5	2,90548	
175,7	2,90550	
176,0	2,90547	
176,3	2,90554	
176,5	2,90550	
176,8	2,90552	
177,1	2,90554	
177,3	2,90549	
177,6	2,90552	
177,9	2,90548	
178,1	2,90546	
178,4	2,90544	
178,7	2,90543	
178,9	2,90549	
179,2	2,90550	
179,5	2,90549	
179,7	2,90544	
180,0	2,90543	
180,3	2,90544	
180,5	2,90544	
180,8	2,90544	
181,1	2,90548	
181,3	2,90545	
181,6	2,90544	
181,9	2,90544	
182,1	2,90546	
182,4	2,90549	
182,7	2,90551	
182,9	2,90548	
183,2	2,90549	
183,5	2,90548	
183,7	2,90547	
184,0	2,90549	
184,3	2,90546	
184,5	2,90551	
184,8	2,90550	
185,1	2,90549	
185,3	2,90550	
185,6	2,90550	
185,9	2,90551	
186,1	2,90549	
186,4	2,90549	
186,7	2,90552	
186,9	2,90551	
187,2	2,90554	
187,5	2,90552	
187,7	2,90551	
188,0	2,90548	
188,3	2,90549	
188,5	2,90547	
188,8	2,90549	
189,1	2,90554	
189,3	2,90556	
189,6	2,90555	
189,9	2,90555	
190,1	2,90554	
190,4	2,90555	
190,7	2,90552	
190,9	2,90552	
191,2	2,90549	
191,5	2,90551	
191,7	2,90549	
192,0	2,90551	
192,3	2,90549	
192,5	2,90548	
192,8	2,90548	
193,1	2,90545	
193,3	2,90550	
193,6	2,90547	
193,9	2,90545	
194,1	2,90547	
194,4	2,90549	
194,7	2,90549	
194,9	2,90544	
195,2	2,90547	
195,5	2,90540	
195,7	2,90541	
196,0	2,90547	
196,3	2,90553	
196,5	2,90549	
196,8	2,90553	
197,1	2,90553	
197,3	2,90555	
197,6	2,90552	
197,9	2,90551	
198,1	2,90554	
198,4	2,90556	
198,7	2,90555	
198,9	2,90553	
199,2	2,90547	
199,5	2,90545	
199,7	2,90545	
200,0	2,90544	
200,3	2,90549	
200,5	2,90550	
200,8	2,90548	
201,1	2,90551	
201,3	2,90552	
201,6	2,90556	
201,9	2,90554	
202,1	2,90550	
202,4	2,90548	
202,7	2,90547	
202,9	2,90551	
203,2	2,90552	
203,5	2,90553	
203,7	2,90550	
204,0	2,90553	
204,3	2,90553	
204,5	2,90552	
204,8	2,90549	
205,1	2,90548	
205,3	2,90544	
205,6	2,90544	
205,9	2,90541	
206,1	2,90543	
206,4	2,90546	
206,7	2,90546	
206,9	2,90544	
207,2	2,90548	
207,5	2,90542	
207,7	2,90541	
208,0	2,90540	
208,3	2,90545	
208,5	2,90546	
208,8	2,90548	
209,1	2,90549	
209,3	2,90548	
209,6	2,90547	
209,9	2,90548	
210,1	2,90555	
210,4	2,90549	
210,7	2,90548	
210,9	2,90548	
211,2	2,90551	
211,5	2,90549	
211,7	2,90549	
212,0	2,90552	
212,3	2,90553	
212,5	2,90550	
212,8	2,90548	
213,1	2,90547	
213,3	2,90545	
213,6	2,90546	
213,9	2,90549	
214,1	2,90553	
214,4	2,90547	
214,7	2,90545	
214,9	2,90545	
215,2	2,90544	
215,5	2,90547	
215,7	2,90549	
216,0	2,90552	
216,3	2,90551	
216,5	2,90551	
216,8	2,90550	
217,1	2,90549	
217,3	2,90552	
217,6	2,90549	
217,9	2,90548	
218,1	2,90547	
218,4	2,90548	
218,7	2,90549	
218,9	2,90551	
219,2	2,90549	
219,5	2,90545	
219,7	2,90547	
220,0	2,90551	
220,3	2,90551	
220,5	2,90553	
220,8	2,90555	
221,1	2,90554	
221,3	2,90553	
221,6	2,90550	
221,9	2,90549	
222,1	2,90546	
222,4	2,90550	
222,7	2,90547	
222,9	2,90552	
223,2	2,90549	
223,5	2,90546	
223,7	2,90546	
224,0	2,90547	
224,3	2,90545	
224,5	2,90545	
224,8	2,90546	
225,1	2,90545	
225,3	2,90551	
225,6	2,90550	
225,9	2,90551	
226,1	2,90551	
226,4	2,90553	
226,7	2,90551	
226,9	2,90548	
227,2	2,90554	
227,5	2,90552	
227,7	2,90548	
228,0	2,90552	
228,3	2,90550	
228,5	2,90551	
228,8	2,90549	
229,1	2,90545	
229,3	2,90546	
229,6	2,90548	
229,9	2,90549	
230,1	2,90553	
230,4	2,90549	
230,7	2,90549	
230,9	2,90548	
231,2	2,90549	
231,5	2,90550	
231,7	2,90544	
232,0	2,90545	
232,3	2,90539	
232,5	2,90543	
232,8	2,90550	
233,1	2,90548	
233,3	2,90550	
233,6	2,90554	
233,9	2,90555	
234,1	2,90550	
234,4	2,90547	
234,7	2,90545	
234,9	2,90547	
235,2	2,90548	
235,5	2,90547	
235,7	2,90548	
236,0	2,90548	
236,3	2,90548	
236,5	2,90548	
236,8	2,90547	
237,1	2,90548	
237,3	2,90549	
237,6	2,90553	
237,9	2,90552	
238,1	2,90554	
238,4	2,90552	
238,7	2,90549	
238,9	2,90548	
239,2	2,90550	
239,5	2,90550	
239,7	2,90547	
240,0	2,90549	
240,3	2,90548	
240,5	2,90544	
240,8	2,90558	
241,1	2,90552	
241,3	2,90557	
241,6	2,90554	
241,9	2,90556	
242,1	2,90558	
242,4	2,90557	
242,7	2,90560	
242,9	2,90552	
243,2	2,90552	
243,5	2,90552	
243,7	2,90547	
244,0	2,90550	
244,3	2,90548	
244,5	2,90549	
244,8	2,90552	
245,1	2,90550	
245,3	2,90551	
245,6	2,90554	
245,9	2,90551	
246,1	2,90550	
246,4	2,90551	
246,7	2,90554	
246,9	2,90549	
247,2	2,90551	
247,5	2,90548	
247,7	2,90553	
248,0	2,90553	
248,3	2,90549	
248,5	2,90547	
248,8	2,90549	
249,1	2,90548	
249,3	2,90546	
249,6	2,90548	
249,9	2,90544	
250,1	2,90543	
250,4	2,90547	
250,7	2,90548	
250,9	2,90546	
251,2	2,90540	
251,5	2,90547	
251,7	2,90545	
252,0	2,90551	
252,3	2,90549	
252,5	2,90547	
252,8	2,90549	
253,1	2,90546	
253,3	2,90544	
253,6	2,90549	
253,9	2,90550	
254,1	2,90549	
254,4	2,90550	
254,7	2,90548	
254,9	2,90551	
255,2	2,90549	
255,5	2,90550	
255,7	2,90548	
256,0	2,90553	
256,3	2,90549	
256,5	2,90551	
256,8	2,90553	
257,1	2,90551	
257,3	2,90550	
257,6	2,90553	
257,9	2,90548	
258,1	2,90546	
258,4	2,90553	
258,7	2,90554	
258,9	2,90551	
259,2	2,90550	
259,5	2,90554	
259,7	2,90553	
260,0	2,90556	
260,3	2,90553	
260,5	2,90547	
260,8	2,90544	
261,1	2,90542	
261,3	2,90549	
261,6	2,90549	
261,9	2,90551	
262,1	2,90551	
262,4	2,90552	
262,7	2,90546	
262,9	2,90547	
263,2	2,90547	
263,5	2,90546	
263,7	2,90545	
264,0	2,90543	
264,3	2,90546	
264,5	2,90546	
264,8	2,90546	
265,1	2,90542	
265,3	2,90544	
265,6	2,90547	
265,9	2,90546	
266,1	2,90545	
266,4	2,90546	
