Time (ms) - Plot 0	Amplitude (um) - Plot 0	
0,0	2,86550	
0,3	2,86534	
0,5	2,86911	
0,8	2,87698	
1,1	2,88524	
1,3	2,89295	
1,6	2,89969	
1,9	2,90544	
2,1	2,91031	
2,4	2,91446	
2,7	2,91788	
2,9	2,92082	
3,2	2,92328	
3,5	2,92528	
3,7	2,92709	
4,0	2,92852	
4,3	2,92975	
4,5	2,93074	
4,8	2,93162	
5,1	2,93236	
5,3	2,93295	
5,6	2,93343	
5,9	2,93382	
6,1	2,93419	
6,4	2,93442	
6,7	2,93464	
6,9	2,93484	
7,2	2,93499	
7,5	2,93511	
7,7	2,93524	
8,0	2,93528	
8,3	2,93534	
8,5	2,93543	
8,8	2,93545	
9,1	2,93547	
9,3	2,93552	
9,6	2,93552	
9,9	2,93559	
10,1	2,93560	
10,4	2,93563	
10,7	2,93568	
10,9	2,93566	
11,2	2,93567	
11,5	2,93566	
11,7	2,93562	
12,0	2,93563	
12,3	2,93566	
12,5	2,93560	
12,8	2,93557	
13,1	2,93560	
13,3	2,93556	
13,6	2,93556	
13,9	2,93558	
14,1	2,93560	
14,4	2,93560	
14,7	2,93559	
14,9	2,93561	
15,2	2,93558	
15,5	2,93560	
15,7	2,93560	
16,0	2,93557	
16,3	2,93558	
16,5	2,93557	
16,8	2,93555	
17,1	2,93554	
17,3	2,93552	
17,6	2,93554	
17,9	2,93552	
18,1	2,93553	
18,4	2,93554	
18,7	2,93553	
18,9	2,93556	
19,2	2,93554	
19,5	2,93552	
19,7	2,93552	
20,0	2,93559	
20,3	2,93553	
20,5	2,93552	
20,8	2,93550	
21,1	2,93551	
21,3	2,93552	
21,6	2,93556	
21,9	2,93554	
22,1	2,93558	
22,4	2,93557	
22,7	2,93554	
22,9	2,93560	
23,2	2,93560	
23,5	2,93556	
23,7	2,93562	
24,0	2,93560	
24,3	2,93560	
24,5	2,93556	
24,8	2,93554	
25,1	2,93551	
25,3	2,93547	
25,6	2,93553	
25,9	2,93556	
26,1	2,93553	
26,4	2,93547	
26,7	2,93550	
26,9	2,93554	
27,2	2,93554	
27,5	2,93549	
27,7	2,93549	
28,0	2,93549	
28,3	2,93550	
28,5	2,93554	
28,8	2,93552	
29,1	2,93554	
29,3	2,93553	
29,6	2,93552	
29,9	2,93556	
30,1	2,93554	
30,4	2,93551	
30,7	2,93551	
30,9	2,93560	
31,2	2,93558	
31,5	2,93560	
31,7	2,93561	
32,0	2,93558	
32,3	2,93554	
32,5	2,93560	
32,8	2,93553	
33,1	2,93554	
33,3	2,93554	
33,6	2,93555	
33,9	2,93553	
34,1	2,93550	
34,4	2,93553	
34,7	2,93551	
34,9	2,93553	
35,2	2,93555	
35,5	2,93554	
35,7	2,93557	
36,0	2,93556	
36,3	2,93551	
36,5	2,93553	
36,8	2,93552	
37,1	2,93552	
37,3	2,93557	
37,6	2,93552	
37,9	2,93551	
38,1	2,93553	
38,4	2,93551	
38,7	2,93554	
38,9	2,93553	
39,2	2,93550	
39,5	2,93550	
39,7	2,93553	
40,0	2,93548	
40,3	2,93548	
40,5	2,93550	
40,8	2,93549	
41,1	2,93551	
41,3	2,93552	
41,6	2,93550	
41,9	2,93555	
42,1	2,93559	
42,4	2,93554	
42,7	2,93553	
42,9	2,93550	
43,2	2,93553	
43,5	2,93555	
43,7	2,93550	
44,0	2,93555	
44,3	2,93553	
44,5	2,93554	
44,8	2,93552	
45,1	2,93554	
45,3	2,93553	
45,6	2,93554	
45,9	2,93553	
46,1	2,93551	
46,4	2,93553	
46,7	2,93552	
46,9	2,93553	
47,2	2,93555	
47,5	2,93553	
47,7	2,93553	
48,0	2,93551	
48,3	2,93548	
48,5	2,93549	
48,8	2,93549	
49,1	2,93544	
49,3	2,93547	
49,6	2,93550	
49,9	2,93551	
50,1	2,93553	
50,4	2,93554	
50,7	2,93558	
50,9	2,93559	
51,2	2,93562	
51,5	2,93560	
51,7	2,93552	
52,0	2,93548	
52,3	2,93548	
52,5	2,93549	
52,8	2,93552	
53,1	2,93549	
53,3	2,93550	
53,6	2,93543	
53,9	2,93544	
54,1	2,93544	
54,4	2,93548	
54,7	2,93548	
54,9	2,93549	
55,2	2,93554	
55,5	2,93552	
55,7	2,93552	
56,0	2,93550	
56,3	2,93554	
56,5	2,93551	
56,8	2,93551	
57,1	2,93553	
57,3	2,93552	
57,6	2,93553	
57,9	2,93556	
58,1	2,93555	
58,4	2,93556	
58,7	2,93554	
58,9	2,93550	
59,2	2,93554	
59,5	2,93552	
59,7	2,93553	
60,0	2,93552	
60,3	2,93549	
60,5	2,93551	
60,8	2,93550	
61,1	2,93550	
61,3	2,93554	
61,6	2,93551	
61,9	2,93550	
62,1	2,93553	
62,4	2,93556	
62,7	2,93555	
62,9	2,93555	
63,2	2,93548	
63,5	2,93548	
63,7	2,93552	
64,0	2,93550	
64,3	2,93552	
64,5	2,93550	
64,8	2,93550	
65,1	2,93549	
65,3	2,93547	
65,6	2,93544	
65,9	2,93552	
66,1	2,93555	
66,4	2,93552	
66,7	2,93547	
66,9	2,93549	
67,2	2,93551	
67,5	2,93552	
67,7	2,93547	
68,0	2,93547	
68,3	2,93548	
68,5	2,93552	
68,8	2,93550	
69,1	2,93551	
69,3	2,93548	
69,6	2,93548	
69,9	2,93552	
70,1	2,93553	
70,4	2,93554	
70,7	2,93553	
70,9	2,93554	
71,2	2,93553	
71,5	2,93552	
71,7	2,93549	
72,0	2,93550	
72,3	2,93554	
72,5	2,93557	
72,8	2,93555	
73,1	2,93556	
73,3	2,93554	
73,6	2,93553	
73,9	2,93549	
74,1	2,93550	
74,4	2,93550	
74,7	2,93552	
74,9	2,93547	
75,2	2,93553	
75,5	2,93553	
75,7	2,93552	
76,0	2,93552	
76,3	2,93552	
76,5	2,93550	
76,8	2,93549	
77,1	2,93550	
77,3	2,93555	
77,6	2,93552	
77,9	2,93552	
78,1	2,93551	
78,4	2,93551	
78,7	2,93548	
78,9	2,93550	
79,2	2,93549	
79,5	2,93549	
79,7	2,93549	
80,0	2,93550	
80,3	2,93552	
80,5	2,93549	
80,8	2,93547	
81,1	2,93549	
81,3	2,93553	
81,6	2,93551	
81,9	2,93552	
82,1	2,93551	
82,4	2,93550	
82,7	2,93551	
82,9	2,93552	
83,2	2,93550	
83,5	2,93547	
83,7	2,93547	
84,0	2,93549	
84,3	2,93549	
84,5	2,93551	
84,8	2,93547	
85,1	2,93549	
85,3	2,93548	
85,6	2,93548	
85,9	2,93549	
86,1	2,93549	
86,4	2,93550	
86,7	2,93554	
86,9	2,93557	
87,2	2,93553	
87,5	2,93552	
87,7	2,93551	
88,0	2,93550	
88,3	2,93550	
88,5	2,93551	
88,8	2,93548	
89,1	2,93550	
89,3	2,93554	
89,6	2,93554	
89,9	2,93548	
90,1	2,93549	
90,4	2,93549	
90,7	2,93551	
90,9	2,93551	
91,2	2,93554	
91,5	2,93552	
91,7	2,93552	
92,0	2,93550	
92,3	2,93551	
92,5	2,93553	
92,8	2,93551	
93,1	2,93548	
93,3	2,93550	
93,6	2,93550	
93,9	2,93550	
94,1	2,93551	
94,4	2,93551	
94,7	2,93554	
94,9	2,93551	
95,2	2,93551	
95,5	2,93549	
95,7	2,93549	
96,0	2,93550	
96,3	2,93552	
96,5	2,93547	
96,8	2,93551	
97,1	2,93550	
97,3	2,93551	
97,6	2,93549	
97,9	2,93550	
98,1	2,93550	
98,4	2,93548	
98,7	2,93552	
98,9	2,93553	
99,2	2,93550	
99,5	2,93545	
99,7	2,93545	
100,0	2,93547	
100,3	2,93547	
100,5	2,93548	
100,8	2,93547	
101,1	2,93552	
101,3	2,93548	
101,6	2,93550	
101,9	2,93552	
102,1	2,93549	
102,4	2,93553	
102,7	2,93551	
102,9	2,93553	
103,2	2,93550	
103,5	2,93552	
103,7	2,93549	
104,0	2,93549	
104,3	2,93550	
104,5	2,93550	
104,8	2,93550	
105,1	2,93549	
105,3	2,93551	
105,6	2,93547	
105,9	2,93548	
106,1	2,93550	
106,4	2,93555	
106,7	2,93556	
106,9	2,93557	
107,2	2,93558	
107,5	2,93555	
107,7	2,93552	
108,0	2,93553	
108,3	2,93548	
108,5	2,93549	
108,8	2,93551	
109,1	2,93550	
109,3	2,93548	
109,6	2,93549	
109,9	2,93544	
110,1	2,93546	
110,4	2,93551	
110,7	2,93551	
110,9	2,93553	
111,2	2,93549	
111,5	2,93551	
111,7	2,93550	
112,0	2,93550	
112,3	2,93546	
112,5	2,93550	
112,8	2,93550	
113,1	2,93552	
113,3	2,93547	
113,6	2,93545	
113,9	2,93549	
114,1	2,93547	
114,4	2,93547	
114,7	2,93547	
114,9	2,93554	
115,2	2,93556	
115,5	2,93552	
115,7	2,93549	
116,0	2,93554	
116,3	2,93557	
116,5	2,93553	
116,8	2,93553	
117,1	2,93548	
117,3	2,93547	
117,6	2,93549	
117,9	2,93546	
118,1	2,93549	
118,4	2,93550	
118,7	2,93549	
118,9	2,93549	
119,2	2,93555	
119,5	2,93557	
119,7	2,93556	
120,0	2,93552	
120,3	2,93554	
120,5	2,93554	
120,8	2,93556	
121,1	2,93555	
121,3	2,93554	
121,6	2,93554	
121,9	2,93551	
122,1	2,93552	
122,4	2,93546	
122,7	2,93545	
122,9	2,93551	
123,2	2,93550	
123,5	2,93553	
123,7	2,93555	
124,0	2,93558	
124,3	2,93552	
124,5	2,93552	
124,8	2,93552	
125,1	2,93551	
125,3	2,93546	
125,6	2,93546	
125,9	2,93544	
126,1	2,93551	
126,4	2,93552	
126,7	2,93547	
126,9	2,93544	
127,2	2,93547	
127,5	2,93550	
127,7	2,93551	
128,0	2,93551	
128,3	2,93553	
128,5	2,93546	
128,8	2,93545	
129,1	2,93549	
129,3	2,93549	
129,6	2,93545	
129,9	2,93550	
130,1	2,93551	
130,4	2,93549	
130,7	2,93545	
130,9	2,93553	
131,2	2,93545	
131,5	2,93547	
131,7	2,93548	
132,0	2,93551	
132,3	2,93553	
132,5	2,93557	
132,8	2,93552	
133,1	2,93552	
133,3	2,93550	
133,6	2,93550	
133,9	2,93546	
134,1	2,93548	
134,4	2,93550	
134,7	2,93549	
134,9	2,93546	
135,2	2,93546	
135,5	2,93551	
135,7	2,93552	
136,0	2,93550	
136,3	2,93549	
136,5	2,93552	
136,8	2,93547	
137,1	2,93549	
137,3	2,93548	
137,6	2,93552	
137,9	2,93549	
138,1	2,93551	
138,4	2,93554	
138,7	2,93550	
138,9	2,93549	
139,2	2,93547	
139,5	2,93548	
139,7	2,93545	
140,0	2,93544	
140,3	2,93543	
140,5	2,93545	
140,8	2,93549	
141,1	2,93551	
141,3	2,93552	
141,6	2,93553	
141,9	2,93551	
142,1	2,93547	
142,4	2,93550	
142,7	2,93545	
142,9	2,93542	
143,2	2,93547	
143,5	2,93548	
143,7	2,93552	
144,0	2,93552	
144,3	2,93551	
144,5	2,93548	
144,8	2,93552	
145,1	2,93552	
145,3	2,93555	
145,6	2,93555	
145,9	2,93552	
146,1	2,93551	
146,4	2,93552	
146,7	2,93555	
146,9	2,93557	
147,2	2,93551	
147,5	2,93548	
147,7	2,93551	
148,0	2,93548	
148,3	2,93549	
148,5	2,93556	
148,8	2,93557	
149,1	2,93554	
149,3	2,93554	
149,6	2,93551	
149,9	2,93552	
150,1	2,93549	
150,4	2,93555	
150,7	2,93554	
150,9	2,93553	
151,2	2,93545	
151,5	2,93548	
151,7	2,93551	
152,0	2,93546	
152,3	2,93549	
152,5	2,93548	
152,8	2,93546	
153,1	2,93549	
153,3	2,93550	
153,6	2,93552	
153,9	2,93553	
154,1	2,93553	
154,4	2,93551	
154,7	2,93552	
154,9	2,93553	
155,2	2,93554	
155,5	2,93554	
155,7	2,93547	
156,0	2,93546	
156,3	2,93547	
156,5	2,93545	
156,8	2,93548	
157,1	2,93550	
157,3	2,93551	
157,6	2,93552	
157,9	2,93546	
158,1	2,93547	
158,4	2,93550	
158,7	2,93551	
158,9	2,93549	
159,2	2,93549	
159,5	2,93549	
159,7	2,93547	
160,0	2,93545	
160,3	2,93548	
160,5	2,93550	
160,8	2,93551	
161,1	2,93553	
161,3	2,93553	
161,6	2,93552	
161,9	2,93556	
162,1	2,93553	
162,4	2,93554	
162,7	2,93550	
162,9	2,93547	
163,2	2,93549	
163,5	2,93551	
163,7	2,93554	
164,0	2,93550	
164,3	2,93552	
164,5	2,93552	
164,8	2,93553	
165,1	2,93552	
165,3	2,93551	
165,6	2,93547	
165,9	2,93548	
166,1	2,93545	
166,4	2,93547	
166,7	2,93552	
166,9	2,93550	
167,2	2,93549	
167,5	2,93554	
167,7	2,93550	
168,0	2,93550	
168,3	2,93551	
168,5	2,93552	
168,8	2,93551	
169,1	2,93548	
169,3	2,93547	
169,6	2,93550	
169,9	2,93551	
170,1	2,93549	
170,4	2,93547	
170,7	2,93548	
170,9	2,93555	
171,2	2,93552	
171,5	2,93553	
171,7	2,93552	
172,0	2,93551	
172,3	2,93550	
172,5	2,93549	
172,8	2,93549	
173,1	2,93545	
173,3	2,93548	
173,6	2,93545	
173,9	2,93551	
174,1	2,93553	
174,4	2,93552	
174,7	2,93551	
174,9	2,93549	
175,2	2,93552	
175,5	2,93554	
175,7	2,93549	
176,0	2,93549	
176,3	2,93551	
176,5	2,93547	
176,8	2,93547	
177,1	2,93552	
177,3	2,93547	
177,6	2,93546	
177,9	2,93545	
178,1	2,93550	
178,4	2,93550	
178,7	2,93550	
178,9	2,93555	
179,2	2,93550	
179,5	2,93553	
179,7	2,93554	
180,0	2,93552	
180,3	2,93549	
180,5	2,93551	
180,8	2,93552	
181,1	2,93551	
181,3	2,93552	
181,6	2,93554	
181,9	2,93544	
182,1	2,93545	
182,4	2,93544	
182,7	2,93550	
182,9	2,93551	
183,2	2,93552	
183,5	2,93552	
183,7	2,93548	
184,0	2,93548	
184,3	2,93551	
184,5	2,93553	
184,8	2,93556	
185,1	2,93555	
185,3	2,93557	
185,6	2,93553	
185,9	2,93550	
186,1	2,93548	
186,4	2,93549	
186,7	2,93555	
186,9	2,93550	
187,2	2,93549	
187,5	2,93550	
187,7	2,93550	
188,0	2,93551	
188,3	2,93550	
188,5	2,93548	
188,8	2,93544	
189,1	2,93545	
189,3	2,93543	
189,6	2,93547	
189,9	2,93551	
190,1	2,93552	
190,4	2,93552	
190,7	2,93551	
190,9	2,93553	
191,2	2,93554	
191,5	2,93551	
191,7	2,93552	
192,0	2,93547	
192,3	2,93550	
192,5	2,93550	
192,8	2,93547	
193,1	2,93545	
193,3	2,93548	
193,6	2,93544	
193,9	2,93550	
194,1	2,93546	
194,4	2,93549	
194,7	2,93549	
194,9	2,93548	
195,2	2,93549	
195,5	2,93554	
195,7	2,93554	
196,0	2,93552	
196,3	2,93553	
196,5	2,93548	
196,8	2,93550	
197,1	2,93550	
197,3	2,93552	
197,6	2,93546	
197,9	2,93550	
198,1	2,93550	
198,4	2,93553	
198,7	2,93553	
198,9	2,93551	
199,2	2,93550	
199,5	2,93545	
199,7	2,93544	
200,0	2,93543	
200,3	2,93546	
200,5	2,93549	
200,8	2,93547	
201,1	2,93548	
201,3	2,93553	
201,6	2,93552	
201,9	2,93553	
202,1	2,93552	
202,4	2,93550	
202,7	2,93551	
202,9	2,93551	
203,2	2,93555	
203,5	2,93551	
203,7	2,93555	
204,0	2,93553	
204,3	2,93548	
204,5	2,93547	
204,8	2,93546	
205,1	2,93548	
205,3	2,93550	
205,6	2,93551	
205,9	2,93550	
206,1	2,93551	
206,4	2,93550	
206,7	2,93552	
206,9	2,93554	
207,2	2,93558	
207,5	2,93553	
207,7	2,93549	
208,0	2,93547	
208,3	2,93552	
208,5	2,93547	
208,8	2,93547	
209,1	2,93544	
209,3	2,93546	
209,6	2,93549	
209,9	2,93548	
210,1	2,93550	
210,4	2,93550	
210,7	2,93549	
210,9	2,93549	
211,2	2,93551	
211,5	2,93550	
211,7	2,93549	
212,0	2,93549	
212,3	2,93550	
212,5	2,93554	
212,8	2,93552	
213,1	2,93555	
213,3	2,93555	
213,6	2,93555	
213,9	2,93555	
214,1	2,93553	
214,4	2,93551	
214,7	2,93550	
214,9	2,93551	
215,2	2,93552	
215,5	2,93550	
215,7	2,93549	
216,0	2,93553	
216,3	2,93552	
216,5	2,93553	
216,8	2,93553	
217,1	2,93550	
217,3	2,93552	
217,6	2,93551	
217,9	2,93550	
218,1	2,93549	
218,4	2,93550	
218,7	2,93550	
218,9	2,93546	
219,2	2,93547	
219,5	2,93549	
219,7	2,93550	
220,0	2,93548	
220,3	2,93546	
220,5	2,93546	
220,8	2,93544	
221,1	2,93543	
221,3	2,93546	
221,6	2,93550	
221,9	2,93547	
222,1	2,93545	
222,4	2,93543	
222,7	2,93548	
222,9	2,93548	
223,2	2,93544	
223,5	2,93549	
223,7	2,93553	
224,0	2,93553	
224,3	2,93555	
224,5	2,93556	
224,8	2,93551	
225,1	2,93554	
225,3	2,93553	
225,6	2,93549	
225,9	2,93546	
226,1	2,93547	
226,4	2,93549	
226,7	2,93552	
226,9	2,93551	
227,2	2,93550	
227,5	2,93556	
227,7	2,93551	
228,0	2,93551	
228,3	2,93550	
228,5	2,93548	
228,8	2,93547	
229,1	2,93549	
229,3	2,93552	
229,6	2,93551	
229,9	2,93554	
230,1	2,93552	
230,4	2,93547	
230,7	2,93548	
230,9	2,93551	
231,2	2,93548	
231,5	2,93551	
231,7	2,93550	
232,0	2,93549	
232,3	2,93547	
232,5	2,93545	
232,8	2,93549	
233,1	2,93543	
233,3	2,93548	
233,6	2,93550	
233,9	2,93547	
234,1	2,93549	
234,4	2,93549	
234,7	2,93550	
234,9	2,93548	
235,2	2,93548	
235,5	2,93547	
235,7	2,93548	
236,0	2,93550	
236,3	2,93551	
236,5	2,93552	
236,8	2,93554	
237,1	2,93552	
237,3	2,93551	
237,6	2,93552	
237,9	2,93553	
238,1	2,93550	
238,4	2,93550	
238,7	2,93551	
238,9	2,93551	
239,2	2,93552	
239,5	2,93552	
239,7	2,93550	
240,0	2,93551	
240,3	2,93546	
240,5	2,93549	
240,8	2,93550	
241,1	2,93549	
241,3	2,93547	
241,6	2,93547	
241,9	2,93546	
242,1	2,93549	
242,4	2,93550	
242,7	2,93549	
242,9	2,93551	
243,2	2,93554	
243,5	2,93554	
243,7	2,93551	
244,0	2,93549	
244,3	2,93549	
244,5	2,93546	
244,8	2,93543	
245,1	2,93545	
245,3	2,93551	
245,6	2,93552	
245,9	2,93551	
246,1	2,93555	
246,4	2,93555	
246,7	2,93556	
246,9	2,93553	
247,2	2,93556	
247,5	2,93553	
247,7	2,93551	
248,0	2,93548	
248,3	2,93547	
248,5	2,93548	
248,8	2,93548	
249,1	2,93548	
249,3	2,93546	
249,6	2,93548	
249,9	2,93545	
250,1	2,93547	
250,4	2,93546	
250,7	2,93546	
250,9	2,93548	
251,2	2,93549	
251,5	2,93551	
251,7	2,93550	
252,0	2,93551	
252,3	2,93550	
252,5	2,93548	
252,8	2,93547	
253,1	2,93549	
253,3	2,93547	
253,6	2,93554	
253,9	2,93550	
254,1	2,93550	
254,4	2,93550	
254,7	2,93548	
254,9	2,93545	
255,2	2,93551	
255,5	2,93552	
255,7	2,93551	
256,0	2,93549	
256,3	2,93550	
256,5	2,93547	
256,8	2,93546	
257,1	2,93546	
257,3	2,93548	
257,6	2,93549	
257,9	2,93553	
258,1	2,93552	
258,4	2,93549	
258,7	2,93544	
258,9	2,93545	
259,2	2,93549	
259,5	2,93550	
259,7	2,93550	
260,0	2,93552	
260,3	2,93556	
260,5	2,93552	
260,8	2,93548	
261,1	2,93546	
261,3	2,93547	
261,6	2,93544	
261,9	2,93546	
262,1	2,93545	
262,4	2,93548	
262,7	2,93547	
262,9	2,93546	
263,2	2,93551	
263,5	2,93548	
263,7	2,93544	
264,0	2,93549	
264,3	2,93551	
264,5	2,93552	
264,8	2,93553	
265,1	2,93551	
265,3	2,93552	
265,6	2,93550	
265,9	2,93546	
266,1	2,93547	
266,4	2,93550	
