Time (ms) - Plot 0	Amplitude (um) - Plot 0	
0,0	2,90042	
0,3	2,90042	
0,5	2,90044	
0,8	2,90043	
1,1	2,90042	
1,3	2,90043	
1,6	2,90046	
1,9	2,90047	
2,1	2,90042	
2,4	2,90037	
2,7	2,90045	
2,9	2,90044	
3,2	2,90045	
3,5	2,90047	
3,7	2,90051	
4,0	2,90054	
4,3	2,90049	
4,5	2,90049	
4,8	2,90046	
5,1	2,90047	
5,3	2,90048	
5,6	2,90048	
5,9	2,90050	
6,1	2,90048	
6,4	2,90048	
6,7	2,90053	
6,9	2,90051	
7,2	2,90052	
7,5	2,90052	
7,7	2,90054	
8,0	2,90055	
8,3	2,90056	
8,5	2,90058	
8,8	2,90058	
9,1	2,90053	
9,3	2,90055	
9,6	2,90052	
9,9	2,90051	
10,1	2,90049	
10,4	2,90049	
10,7	2,90051	
10,9	2,90050	
11,2	2,90055	
11,5	2,90050	
11,7	2,90048	
12,0	2,90044	
12,3	2,90050	
12,5	2,90053	
12,8	2,90054	
13,1	2,90052	
13,3	2,90052	
13,6	2,90049	
13,9	2,90049	
14,1	2,90043	
14,4	2,90043	
14,7	2,90045	
14,9	2,90050	
15,2	2,90047	
15,5	2,90047	
15,7	2,90049	
16,0	2,90051	
16,3	2,90051	
16,5	2,90053	
16,8	2,90054	
17,1	2,90052	
17,3	2,90054	
17,6	2,90050	
17,9	2,90048	
18,1	2,90045	
18,4	2,90048	
18,7	2,90053	
18,9	2,90051	
19,2	2,90054	
19,5	2,90055	
19,7	2,90052	
20,0	2,90051	
20,3	2,90050	
20,5	2,90052	
20,8	2,90048	
21,1	2,90048	
21,3	2,90049	
21,6	2,90051	
21,9	2,90047	
22,1	2,90045	
22,4	2,90048	
22,7	2,90051	
22,9	2,90049	
23,2	2,90055	
23,5	2,90053	
23,7	2,90050	
24,0	2,90059	
24,3	2,90057	
24,5	2,90054	
24,8	2,90054	
25,1	2,90055	
25,3	2,90054	
25,6	2,90052	
25,9	2,90054	
26,1	2,90053	
26,4	2,90047	
26,7	2,90047	
26,9	2,90049	
27,2	2,90049	
27,5	2,90048	
27,7	2,90045	
28,0	2,90042	
28,3	2,90045	
28,5	2,90047	
28,8	2,90045	
29,1	2,90051	
29,3	2,90053	
29,6	2,90056	
29,9	2,90052	
30,1	2,90048	
30,4	2,90048	
30,7	2,90056	
30,9	2,90052	
31,2	2,90053	
31,5	2,90053	
31,7	2,90047	
32,0	2,90045	
32,3	2,90044	
32,5	2,90052	
32,8	2,90056	
33,1	2,90052	
33,3	2,90052	
33,6	2,90055	
33,9	2,90049	
34,1	2,90052	
34,4	2,90046	
34,7	2,90047	
34,9	2,90049	
35,2	2,90053	
35,5	2,90050	
35,7	2,90053	
36,0	2,90056	
36,3	2,90054	
36,5	2,90051	
36,8	2,90052	
37,1	2,90053	
37,3	2,90051	
37,6	2,90046	
37,9	2,90046	
38,1	2,90050	
38,4	2,90050	
38,7	2,90050	
38,9	2,90053	
39,2	2,90048	
39,5	2,90047	
39,7	2,90053	
40,0	2,90050	
40,3	2,90048	
40,5	2,90051	
40,8	2,90052	
41,1	2,90051	
41,3	2,90050	
41,6	2,90048	
41,9	2,90050	
42,1	2,90052	
42,4	2,90052	
42,7	2,90053	
42,9	2,90056	
43,2	2,90057	
43,5	2,90058	
43,7	2,90061	
44,0	2,90057	
44,3	2,90052	
44,5	2,90052	
44,8	2,90050	
45,1	2,90050	
45,3	2,90051	
45,6	2,90051	
45,9	2,90048	
46,1	2,90043	
46,4	2,90046	
46,7	2,90048	
46,9	2,90046	
47,2	2,90047	
47,5	2,90048	
47,7	2,90048	
48,0	2,90043	
48,3	2,90050	
48,5	2,90052	
48,8	2,90050	
49,1	2,90048	
49,3	2,90048	
49,6	2,90049	
49,9	2,90051	
50,1	2,90049	
50,4	2,90052	
50,7	2,90053	
50,9	2,90048	
51,2	2,90049	
51,5	2,90046	
51,7	2,90046	
52,0	2,90050	
52,3	2,90050	
52,5	2,90052	
52,8	2,90048	
53,1	2,90051	
53,3	2,90049	
53,6	2,90051	
53,9	2,90048	
54,1	2,90053	
54,4	2,90047	
54,7	2,90047	
54,9	2,90046	
55,2	2,90042	
55,5	2,90044	
55,7	2,90047	
56,0	2,90044	
56,3	2,90043	
56,5	2,90040	
56,8	2,90043	
57,1	2,90045	
57,3	2,90046	
57,6	2,90055	
57,9	2,90051	
58,1	2,90049	
58,4	2,90053	
58,7	2,90056	
58,9	2,90056	
59,2	2,90052	
59,5	2,90053	
59,7	2,90055	
60,0	2,90054	
60,3	2,90051	
60,5	2,90053	
60,8	2,90050	
61,1	2,90050	
61,3	2,90051	
61,6	2,90048	
61,9	2,90049	
62,1	2,90049	
62,4	2,90049	
62,7	2,90048	
62,9	2,90053	
63,2	2,90054	
63,5	2,90054	
63,7	2,90051	
64,0	2,90053	
64,3	2,90051	
64,5	2,90047	
64,8	2,90050	
65,1	2,90047	
65,3	2,90044	
65,6	2,90049	
65,9	2,90052	
66,1	2,90047	
66,4	2,90050	
66,7	2,90048	
66,9	2,90051	
67,2	2,90051	
67,5	2,90049	
67,7	2,90049	
68,0	2,90050	
68,3	2,90049	
68,5	2,90052	
68,8	2,90048	
69,1	2,90049	
69,3	2,90046	
69,6	2,90041	
69,9	2,90041	
70,1	2,90043	
70,4	2,90045	
70,7	2,90053	
70,9	2,90054	
71,2	2,90055	
71,5	2,90052	
71,7	2,90051	
72,0	2,90050	
72,3	2,90052	
72,5	2,90051	
72,8	2,90053	
73,1	2,90053	
73,3	2,90054	
73,6	2,90052	
73,9	2,90054	
74,1	2,90055	
74,4	2,90049	
74,7	2,90050	
74,9	2,90050	
75,2	2,90053	
75,5	2,90051	
75,7	2,90053	
76,0	2,90054	
76,3	2,90052	
76,5	2,90048	
76,8	2,90050	
77,1	2,90052	
77,3	2,90048	
77,6	2,90050	
77,9	2,90051	
78,1	2,90047	
78,4	2,90051	
78,7	2,90049	
78,9	2,90055	
79,2	2,90055	
79,5	2,90055	
79,7	2,90051	
80,0	2,90048	
80,3	2,90051	
80,5	2,90050	
80,8	2,90048	
81,1	2,90047	
81,3	2,90051	
81,6	2,90051	
81,9	2,90052	
82,1	2,90048	
82,4	2,90052	
82,7	2,90050	
82,9	2,90053	
83,2	2,90052	
83,5	2,90050	
83,7	2,90053	
84,0	2,90050	
84,3	2,90051	
84,5	2,90052	
84,8	2,90053	
85,1	2,90052	
85,3	2,90055	
85,6	2,90053	
85,9	2,90054	
86,1	2,90057	
86,4	2,90058	
86,7	2,90060	
86,9	2,90058	
87,2	2,90052	
87,5	2,90052	
87,7	2,90047	
88,0	2,90045	
88,3	2,90046	
88,5	2,90047	
88,8	2,90051	
89,1	2,90051	
89,3	2,90048	
89,6	2,90048	
89,9	2,90042	
90,1	2,90042	
90,4	2,90049	
90,7	2,90053	
90,9	2,90051	
91,2	2,90051	
91,5	2,90053	
91,7	2,90052	
92,0	2,90054	
92,3	2,90051	
92,5	2,90049	
92,8	2,90047	
93,1	2,90049	
93,3	2,90048	
93,6	2,90048	
93,9	2,90047	
94,1	2,90046	
94,4	2,90043	
94,7	2,90045	
94,9	2,90043	
95,2	2,90046	
95,5	2,90047	
95,7	2,90049	
96,0	2,90049	
96,3	2,90052	
96,5	2,90050	
96,8	2,90050	
97,1	2,90055	
97,3	2,90053	
97,6	2,90049	
97,9	2,90053	
98,1	2,90053	
98,4	2,90052	
98,7	2,90049	
98,9	2,90051	
99,2	2,90047	
99,5	2,90050	
99,7	2,90052	
100,0	2,90051	
100,3	2,90050	
100,5	2,90047	
100,8	2,90046	
101,1	2,90051	
101,3	2,90049	
101,6	2,90047	
101,9	2,90049	
102,1	2,90050	
102,4	2,90048	
102,7	2,90049	
102,9	2,90055	
103,2	2,90055	
103,5	2,90050	
103,7	2,90048	
104,0	2,90049	
104,3	2,90048	
104,5	2,90050	
104,8	2,90050	
105,1	2,90053	
105,3	2,90053	
105,6	2,90056	
105,9	2,90055	
106,1	2,90056	
106,4	2,90057	
106,7	2,90052	
106,9	2,90050	
107,2	2,90048	
107,5	2,90046	
107,7	2,90043	
108,0	2,90048	
108,3	2,90052	
108,5	2,90053	
108,8	2,90054	
109,1	2,90051	
109,3	2,90050	
109,6	2,90050	
109,9	2,90049	
110,1	2,90047	
110,4	2,90048	
110,7	2,90048	
110,9	2,90052	
111,2	2,90052	
111,5	2,90051	
111,7	2,90052	
112,0	2,90057	
112,3	2,90058	
112,5	2,90054	
112,8	2,90054	
113,1	2,90058	
113,3	2,90054	
113,6	2,90049	
113,9	2,90050	
114,1	2,90050	
114,4	2,90048	
114,7	2,90049	
114,9	2,90052	
115,2	2,90055	
115,5	2,90053	
115,7	2,90051	
116,0	2,90050	
116,3	2,90051	
116,5	2,90053	
116,8	2,90050	
117,1	2,90052	
117,3	2,90052	
117,6	2,90054	
117,9	2,90059	
118,1	2,90059	
118,4	2,90059	
118,7	2,90053	
118,9	2,90053	
119,2	2,90050	
119,5	2,90050	
119,7	2,90047	
120,0	2,90047	
120,3	2,90047	
120,5	2,90047	
120,8	2,90044	
121,1	2,90049	
121,3	2,90047	
121,6	2,90048	
121,9	2,90046	
122,1	2,90048	
122,4	2,90047	
122,7	2,90046	
122,9	2,90049	
123,2	2,90048	
123,5	2,90049	
123,7	2,90051	
124,0	2,90052	
124,3	2,90053	
124,5	2,90049	
124,8	2,90047	
125,1	2,90050	
125,3	2,90051	
125,6	2,90048	
125,9	2,90047	
126,1	2,90046	
126,4	2,90040	
126,7	2,90038	
126,9	2,90044	
127,2	2,90050	
127,5	2,90049	
127,7	2,90054	
128,0	2,90055	
128,3	2,90054	
128,5	2,90052	
128,8	2,90049	
129,1	2,90050	
129,3	2,90050	
129,6	2,90047	
129,9	2,90045	
130,1	2,90046	
130,4	2,90051	
130,7	2,90049	
130,9	2,90051	
131,2	2,90050	
131,5	2,90053	
131,7	2,90056	
132,0	2,90049	
132,3	2,90049	
132,5	2,90048	
132,8	2,90052	
133,1	2,90051	
133,3	2,90048	
133,6	2,90045	
133,9	2,90054	
134,1	2,90049	
134,4	2,90044	
134,7	2,90045	
134,9	2,90047	
135,2	2,90048	
135,5	2,90054	
135,7	2,90057	
136,0	2,90059	
136,3	2,90058	
136,5	2,90050	
136,8	2,90048	
137,1	2,90048	
137,3	2,90048	
137,6	2,90049	
137,9	2,90050	
138,1	2,90053	
138,4	2,90058	
138,7	2,90054	
138,9	2,90051	
139,2	2,90052	
139,5	2,90053	
139,7	2,90057	
140,0	2,90056	
140,3	2,90054	
140,5	2,90052	
140,8	2,90046	
141,1	2,90051	
141,3	2,90045	
141,6	2,90045	
141,9	2,90046	
142,1	2,90042	
142,4	2,90046	
142,7	2,90047	
142,9	2,90046	
143,2	2,90050	
143,5	2,90051	
143,7	2,90053	
144,0	2,90060	
144,3	2,90057	
144,5	2,90058	
144,8	2,90054	
145,1	2,90049	
145,3	2,90051	
145,6	2,90051	
145,9	2,90050	
146,1	2,90052	
146,4	2,90051	
146,7	2,90048	
146,9	2,90048	
147,2	2,90045	
147,5	2,90050	
147,7	2,90052	
148,0	2,90048	
148,3	2,90050	
148,5	2,90048	
148,8	2,90047	
149,1	2,90048	
149,3	2,90054	
149,6	2,90049	
149,9	2,90054	
150,1	2,90058	
150,4	2,90058	
150,7	2,90056	
150,9	2,90056	
151,2	2,90052	
151,5	2,90056	
151,7	2,90056	
152,0	2,90055	
152,3	2,90055	
152,5	2,90054	
152,8	2,90046	
153,1	2,90049	
153,3	2,90051	
153,6	2,90052	
153,9	2,90052	
154,1	2,90054	
154,4	2,90053	
154,7	2,90048	
154,9	2,90049	
155,2	2,90050	
155,5	2,90046	
155,7	2,90047	
156,0	2,90044	
156,3	2,90052	
156,5	2,90054	
156,8	2,90056	
157,1	2,90056	
157,3	2,90049	
157,6	2,90051	
157,9	2,90051	
158,1	2,90051	
158,4	2,90047	
158,7	2,90049	
158,9	2,90052	
159,2	2,90049	
159,5	2,90050	
159,7	2,90053	
160,0	2,90056	
160,3	2,90060	
160,5	2,90057	
160,8	2,90054	
161,1	2,90051	
161,3	2,90049	
161,6	2,90049	
161,9	2,90051	
162,1	2,90053	
162,4	2,90053	
162,7	2,90048	
162,9	2,90047	
163,2	2,90049	
163,5	2,90052	
163,7	2,90047	
164,0	2,90048	
164,3	2,90046	
164,5	2,90046	
164,8	2,90049	
165,1	2,90052	
165,3	2,90051	
165,6	2,90050	
165,9	2,90052	
166,1	2,90051	
166,4	2,90049	
166,7	2,90048	
166,9	2,90051	
167,2	2,90047	
167,5	2,90051	
167,7	2,90050	
168,0	2,90052	
168,3	2,90049	
168,5	2,90052	
168,8	2,90054	
169,1	2,90055	
169,3	2,90048	
169,6	2,90045	
169,9	2,90046	
170,1	2,90045	
170,4	2,90048	
170,7	2,90047	
170,9	2,90048	
171,2	2,90050	
171,5	2,90047	
171,7	2,90051	
172,0	2,90053	
172,3	2,90050	
172,5	2,90055	
172,8	2,90055	
173,1	2,90052	
173,3	2,90054	
173,6	2,90057	
173,9	2,90051	
174,1	2,90050	
174,4	2,90052	
174,7	2,90050	
174,9	2,90047	
175,2	2,90046	
175,5	2,90049	
175,7	2,90049	
176,0	2,90043	
176,3	2,90049	
176,5	2,90049	
176,8	2,90050	
177,1	2,90053	
177,3	2,90057	
177,6	2,90048	
177,9	2,90048	
178,1	2,90051	
178,4	2,90053	
178,7	2,90052	
178,9	2,90048	
179,2	2,90052	
179,5	2,90050	
179,7	2,90051	
180,0	2,90048	
180,3	2,90047	
180,5	2,90048	
180,8	2,90049	
181,1	2,90045	
181,3	2,90050	
181,6	2,90050	
181,9	2,90053	
182,1	2,90051	
182,4	2,90048	
182,7	2,90050	
182,9	2,90047	
183,2	2,90049	
183,5	2,90052	
183,7	2,90046	
184,0	2,90050	
184,3	2,90053	
184,5	2,90055	
184,8	2,90056	
185,1	2,90053	
185,3	2,90050	
185,6	2,90047	
185,9	2,90053	
186,1	2,90053	
186,4	2,90051	
186,7	2,90053	
186,9	2,90050	
187,2	2,90048	
187,5	2,90048	
187,7	2,90048	
188,0	2,90049	
188,3	2,90049	
188,5	2,90052	
188,8	2,90055	
189,1	2,90052	
189,3	2,90053	
189,6	2,90049	
189,9	2,90051	
190,1	2,90050	
190,4	2,90052	
190,7	2,90051	
190,9	2,90053	
191,2	2,90054	
191,5	2,90055	
191,7	2,90051	
192,0	2,90058	
192,3	2,90057	
192,5	2,90052	
192,8	2,90052	
193,1	2,90046	
193,3	2,90044	
193,6	2,90049	
193,9	2,90047	
194,1	2,90048	
194,4	2,90050	
194,7	2,90049	
194,9	2,90052	
195,2	2,90052	
195,5	2,90052	
195,7	2,90051	
196,0	2,90056	
196,3	2,90052	
196,5	2,90049	
196,8	2,90055	
197,1	2,90056	
197,3	2,90054	
197,6	2,90054	
197,9	2,90051	
198,1	2,90055	
198,4	2,90057	
198,7	2,90057	
198,9	2,90052	
199,2	2,90051	
199,5	2,90056	
199,7	2,90057	
200,0	2,90054	
200,3	2,90053	
200,5	2,90056	
200,8	2,90057	
201,1	2,90055	
201,3	2,90057	
201,6	2,90054	
201,9	2,90050	
202,1	2,90051	
202,4	2,90047	
202,7	2,90048	
202,9	2,90048	
203,2	2,90047	
203,5	2,90043	
203,7	2,90050	
204,0	2,90047	
204,3	2,90048	
204,5	2,90050	
204,8	2,90048	
205,1	2,90049	
205,3	2,90049	
205,6	2,90052	
205,9	2,90053	
206,1	2,90051	
206,4	2,90052	
206,7	2,90050	
206,9	2,90053	
207,2	2,90055	
207,5	2,90054	
207,7	2,90054	
208,0	2,90051	
208,3	2,90052	
208,5	2,90052	
208,8	2,90052	
209,1	2,90054	
209,3	2,90054	
209,6	2,90049	
209,9	2,90051	
210,1	2,90051	
210,4	2,90049	
210,7	2,90049	
210,9	2,90049	
211,2	2,90049	
211,5	2,90045	
211,7	2,90041	
212,0	2,90050	
212,3	2,90050	
212,5	2,90054	
212,8	2,90048	
213,1	2,90048	
213,3	2,90046	
213,6	2,90049	
213,9	2,90050	
214,1	2,90049	
214,4	2,90047	
214,7	2,90049	
214,9	2,90049	
215,2	2,90051	
215,5	2,90052	
215,7	2,90047	
216,0	2,90049	
216,3	2,90050	
216,5	2,90051	
216,8	2,90057	
217,1	2,90058	
217,3	2,90055	
217,6	2,90053	
217,9	2,90049	
218,1	2,90051	
218,4	2,90056	
218,7	2,90059	
218,9	2,90057	
219,2	2,90050	
219,5	2,90049	
219,7	2,90053	
220,0	2,90053	
220,3	2,90055	
220,5	2,90053	
220,8	2,90058	
221,1	2,90055	
221,3	2,90053	
221,6	2,90054	
221,9	2,90055	
222,1	2,90052	
222,4	2,90051	
222,7	2,90045	
222,9	2,90048	
223,2	2,90050	
223,5	2,90051	
223,7	2,90052	
224,0	2,90053	
224,3	2,90052	
224,5	2,90051	
224,8	2,90051	
225,1	2,90044	
225,3	2,90044	
225,6	2,90049	
225,9	2,90050	
226,1	2,90050	
226,4	2,90051	
226,7	2,90053	
226,9	2,90050	
227,2	2,90044	
227,5	2,90045	
227,7	2,90045	
228,0	2,90046	
228,3	2,90047	
228,5	2,90051	
228,8	2,90054	
229,1	2,90052	
229,3	2,90052	
229,6	2,90046	
229,9	2,90050	
230,1	2,90049	
230,4	2,90053	
230,7	2,90055	
230,9	2,90055	
231,2	2,90047	
231,5	2,90048	
231,7	2,90049	
232,0	2,90052	
232,3	2,90052	
232,5	2,90052	
232,8	2,90050	
233,1	2,90047	
233,3	2,90050	
233,6	2,90049	
233,9	2,90050	
234,1	2,90051	
234,4	2,90053	
234,7	2,90053	
234,9	2,90053	
235,2	2,90051	
235,5	2,90053	
235,7	2,90054	
236,0	2,90053	
236,3	2,90058	
236,5	2,90055	
236,8	2,90053	
237,1	2,90052	
237,3	2,90052	
237,6	2,90053	
237,9	2,90049	
238,1	2,90050	
238,4	2,90048	
238,7	2,90046	
238,9	2,90047	
239,2	2,90043	
239,5	2,90045	
239,7	2,90047	
240,0	2,90051	
240,3	2,90053	
240,5	2,90052	
240,8	2,90050	
241,1	2,90048	
241,3	2,90047	
241,6	2,90047	
241,9	2,90048	
242,1	2,90050	
242,4	2,90048	
242,7	2,90050	
242,9	2,90051	
243,2	2,90049	
243,5	2,90053	
243,7	2,90055	
244,0	2,90055	
244,3	2,90055	
244,5	2,90053	
244,8	2,90052	
245,1	2,90051	
245,3	2,90048	
245,6	2,90052	
245,9	2,90057	
246,1	2,90052	
246,4	2,90051	
246,7	2,90053	
246,9	2,90054	
247,2	2,90049	
247,5	2,90049	
247,7	2,90047	
248,0	2,90049	
248,3	2,90047	
248,5	2,90048	
248,8	2,90045	
249,1	2,90055	
249,3	2,90052	
249,6	2,90057	
249,9	2,90052	
250,1	2,90049	
250,4	2,90050	
250,7	2,90049	
250,9	2,90047	
251,2	2,90049	
251,5	2,90051	
251,7	2,90050	
252,0	2,90049	
252,3	2,90050	
252,5	2,90048	
252,8	2,90053	
253,1	2,90053	
253,3	2,90054	
253,6	2,90054	
253,9	2,90055	
254,1	2,90051	
254,4	2,90055	
254,7	2,90055	
254,9	2,90057	
255,2	2,90051	
255,5	2,90053	
255,7	2,90054	
256,0	2,90050	
256,3	2,90053	
256,5	2,90053	
256,8	2,90052	
257,1	2,90049	
257,3	2,90050	
257,6	2,90050	
257,9	2,90050	
258,1	2,90047	
258,4	2,90049	
258,7	2,90051	
258,9	2,90055	
259,2	2,90055	
259,5	2,90050	
259,7	2,90049	
260,0	2,90042	
260,3	2,90045	
260,5	2,90044	
260,8	2,90047	
261,1	2,90046	
261,3	2,90056	
261,6	2,90057	
261,9	2,90049	
262,1	2,90047	
262,4	2,90047	
262,7	2,90052	
262,9	2,90056	
263,2	2,90055	
263,5	2,90051	
263,7	2,90056	
264,0	2,90056	
264,3	2,90054	
264,5	2,90053	
264,8	2,90053	
265,1	2,90053	
265,3	2,90050	
265,6	2,90051	
265,9	2,90057	
266,1	2,90056	
266,4	2,90052	
